precip	MIROC5	RCP60	REGRESION	decimas	1
P1403	37.395	-4.932	182	geo	2006	2100	-1
P1403 2006 1 0 9 9 0 7 14 0 12 9 5 0 115 158 49 47 119 91 89 83 15 6 10 0 0 0 18 0 0 0 35 0
P1403 2006 2 14 0 0 0 0 0 0 0 0 0 0 0 45 59 46 18 0 0 0 38 14 12 11 0 0 4 0 12 -999 -999 -999
P1403 2006 3 0 0 87 114 105 107 93 100 56 56 79 29 24 0 0 62 133 155 0 39 64 0 39 0 31 33 0 0 70 42 79
P1403 2006 4 21 0 41 35 0 0 28 73 0 0 0 0 0 8 0 0 0 0 11 5 0 0 0 0 0 0 0 41 36 0 -999
P1403 2006 5 0 0 0 0 31 54 0 11 0 0 0 0 0 0 0 0 0 11 0 21 0 0 9 0 0 0 0 0 0 0 0
P1403 2006 6 0 0 0 0 0 0 0 0 0 0 0 0 0 11 0 0 0 0 0 13 0 0 0 0 0 0 0 0 0 19 -999
P1403 2006 7 0 0 0 0 0 0 0 19 0 0 0 0 0 0 0 0 0 0 0 0 0 0 0 0 0 0 0 0 0 0 0
P1403 2006 8 0 0 0 0 0 0 0 0 0 0 0 0 0 0 0 0 0 0 0 0 0 0 0 0 0 0 0 0 0 0 0
P1403 2006 9 0 0 0 0 0 0 0 0 0 0 0 0 0 0 0 0 0 0 0 0 0 0 0 0 0 5 0 0 0 8 -999
P1403 2006 10 2 0 0 0 0 0 0 0 0 37 0 0 0 23 0 0 9 0 0 0 0 0 0 0 0 0 0 16 0 8 0
P1403 2006 11 0 0 0 0 0 0 34 0 0 0 0 0 0 0 0 0 0 0 4 12 22 0 29 47 0 5 0 0 0 0 -999
P1403 2006 12 0 0 0 0 0 0 27 74 0 0 0 28 43 0 67 108 0 0 0 0 17 40 105 57 50 52 0 0 26 28 0
P1403 2007 1 0 0 0 0 0 0 0 0 0 0 0 0 0 0 0 0 0 0 0 0 0 6 0 0 19 0 10 19 16 19 17
P1403 2007 2 0 0 17 18 9 0 31 103 199 150 24 0 0 8 0 8 25 52 0 25 0 55 36 21 0 29 0 32 -999 -999 -999
P1403 2007 3 18 39 0 0 60 37 19 0 0 0 17 51 50 0 32 0 16 14 0 0 0 0 0 0 0 0 0 0 0 0 0
P1403 2007 4 0 0 0 0 0 15 4 0 0 0 0 0 47 0 0 0 0 0 45 0 40 0 27 42 0 0 0 0 0 0 -999
P1403 2007 5 0 0 0 22 57 0 12 0 11 0 0 0 0 28 0 0 0 24 0 0 0 0 0 0 0 0 0 0 0 0 0
P1403 2007 6 0 16 14 18 0 0 18 0 0 0 0 0 0 0 0 0 0 0 9 0 0 0 0 14 11 0 15 0 0 17 -999
P1403 2007 7 14 0 0 0 0 0 0 0 0 0 0 25 0 0 9 0 0 0 0 0 0 0 0 0 0 0 0 0 0 0 0
P1403 2007 8 0 0 0 0 0 0 0 0 0 0 0 0 0 0 0 0 0 0 0 0 0 0 0 0 0 0 0 21 0 0 0
P1403 2007 9 0 0 0 0 0 0 0 0 0 0 0 0 0 0 0 0 0 0 0 3 0 4 0 11 0 0 0 0 0 0 -999
P1403 2007 10 0 0 0 0 0 0 0 0 0 21 16 0 44 47 0 0 0 41 0 0 0 0 41 40 18 0 0 0 0 0 0
P1403 2007 11 0 0 0 0 0 0 0 0 0 26 21 0 11 0 14 0 4 0 0 0 0 0 0 0 0 7 22 0 0 12 -999
P1403 2007 12 8 0 15 18 0 0 21 15 0 0 0 0 0 0 0 6 37 0 0 0 0 0 0 12 11 0 0 16 0 0 0
P1403 2008 1 0 0 17 38 0 0 0 0 3 0 0 0 0 30 45 48 0 0 21 25 85 90 0 24 0 98 134 74 48 64 84
P1403 2008 2 165 0 83 39 30 43 44 81 0 0 0 0 0 0 0 49 0 58 41 89 13 15 17 21 0 0 0 23 -999 -999 -999
P1403 2008 3 0 0 0 0 0 0 0 3 4 0 0 11 0 0 0 0 0 0 2 0 0 0 0 0 0 0 0 0 2 0 0
P1403 2008 4 0 0 12 25 0 0 0 0 0 0 0 0 0 0 51 43 32 0 0 0 0 0 0 8 0 0 0 0 0 0 -999
P1403 2008 5 0 0 0 0 0 0 0 0 14 0 0 0 23 34 0 23 0 0 0 0 37 0 51 17 8 10 0 0 0 0 0
P1403 2008 6 0 0 0 12 0 0 0 0 15 0 0 0 0 38 0 0 0 0 0 0 0 0 0 0 0 0 0 0 0 0 -999
P1403 2008 7 6 0 0 0 0 0 0 0 0 0 0 0 0 0 17 0 0 0 0 0 0 0 0 0 0 0 0 0 0 0 0
P1403 2008 8 0 0 0 0 0 0 0 0 0 0 0 0 0 0 0 0 0 0 0 0 0 0 5 0 0 0 0 0 0 0 0
P1403 2008 9 0 0 9 0 0 0 0 0 0 0 0 0 16 0 0 0 0 0 0 0 0 0 0 0 0 0 0 0 32 29 -999
P1403 2008 10 0 0 10 9 0 0 0 11 0 0 25 0 29 0 0 0 0 12 0 0 0 0 0 0 0 30 0 23 0 0 0
P1403 2008 11 17 3 25 0 0 0 0 0 0 0 23 0 0 0 0 0 0 26 0 0 0 0 0 0 0 0 0 0 0 0 -999
P1403 2008 12 0 0 0 0 0 0 0 0 0 24 31 0 7 0 7 0 10 0 0 2 0 0 0 8 0 0 24 21 0 0 0
P1403 2009 1 0 0 0 0 0 0 0 0 0 0 0 11 12 12 0 0 2 0 0 0 0 0 0 0 0 0 0 0 0 0 0
P1403 2009 2 0 0 0 0 0 0 3 0 0 0 0 0 6 0 0 0 0 0 0 0 0 0 0 3 0 7 0 0 -999 -999 -999
P1403 2009 3 44 58 60 31 28 0 12 50 64 27 0 16 0 0 28 0 57 49 0 0 3 0 0 24 0 66 63 82 88 56 26
P1403 2009 4 32 87 27 18 33 59 0 0 8 6 0 23 26 0 22 0 0 10 0 0 0 0 0 0 0 0 9 19 0 0 -999
P1403 2009 5 32 39 0 22 0 0 0 0 29 0 38 18 5 0 0 0 0 0 23 0 0 0 27 0 17 7 0 8 0 0 0
P1403 2009 6 7 0 11 0 0 0 0 0 0 0 0 0 0 0 19 0 0 0 0 0 0 0 0 0 0 0 0 0 0 0 -999
P1403 2009 7 0 0 0 0 0 0 0 0 0 0 0 0 0 0 0 0 0 0 0 0 0 0 0 0 0 0 0 0 0 0 0
P1403 2009 8 0 0 0 9 0 0 0 0 0 0 0 0 0 0 0 0 0 0 0 0 0 0 22 23 0 0 0 0 0 24 0
P1403 2009 9 22 0 0 0 0 0 0 0 0 25 0 0 11 0 0 0 0 0 0 0 0 0 21 0 0 0 0 0 0 0 -999
P1403 2009 10 0 0 0 0 0 0 0 0 0 0 0 0 16 0 0 0 0 21 17 0 17 0 0 0 18 9 0 0 0 0 0
P1403 2009 11 0 0 0 0 3 0 0 0 0 0 2 4 0 0 0 0 0 0 0 0 0 0 46 46 0 0 0 0 16 0 -999
P1403 2009 12 0 18 33 19 0 51 88 19 26 0 54 0 14 0 0 8 0 30 20 0 0 10 11 13 22 34 59 53 20 6 0
P1403 2010 1 0 0 0 93 0 28 11 12 22 0 0 6 0 0 13 14 0 13 10 0 23 0 5 0 0 0 0 0 9 0 0
P1403 2010 2 15 14 9 0 0 0 0 0 0 0 0 0 0 0 0 0 0 2 0 0 0 3 2 8 2 0 0 0 -999 -999 -999
P1403 2010 3 0 0 0 0 0 24 0 41 72 56 0 0 0 10 0 8 11 25 50 29 0 0 0 0 0 3 0 0 0 0 0
P1403 2010 4 0 0 0 28 0 11 0 0 0 30 0 31 0 21 0 52 0 0 0 27 0 0 0 13 31 0 6 0 0 22 -999
P1403 2010 5 15 0 24 35 0 12 0 0 0 0 0 0 0 0 0 32 0 14 0 0 6 0 0 14 26 0 40 0 16 0 11
P1403 2010 6 0 0 0 0 11 0 0 0 0 0 0 0 0 0 0 0 0 0 0 9 0 0 8 0 0 0 0 0 0 0 -999
P1403 2010 7 0 0 0 0 0 0 0 0 0 0 0 0 0 0 0 14 0 0 0 0 0 0 0 0 0 0 0 0 0 0 0
P1403 2010 8 0 0 10 0 0 0 0 0 0 0 0 0 13 0 0 0 0 0 0 0 0 0 0 0 38 0 7 0 8 0 0
P1403 2010 9 13 0 0 13 0 0 6 0 0 0 11 0 0 14 0 0 0 16 22 0 0 0 0 0 0 0 0 0 0 0 -999
P1403 2010 10 0 0 0 0 0 0 0 0 0 46 47 0 38 41 0 0 0 0 0 0 0 38 28 0 0 0 0 6 10 12 0
P1403 2010 11 0 5 0 9 0 0 0 4 0 0 0 0 0 0 0 0 0 0 0 0 11 0 0 0 5 0 0 0 0 0 -999
P1403 2010 12 0 2 0 0 0 0 15 12 0 0 8 0 35 42 6 0 0 0 0 0 0 0 0 0 0 0 0 0 0 0 0
P1403 2011 1 0 0 0 7 12 8 0 0 0 0 0 0 0 0 14 0 0 0 0 0 0 16 35 12 11 0 0 0 0 0 3
P1403 2011 2 8 5 0 0 0 0 0 0 0 0 0 0 0 0 0 8 0 0 8 0 0 0 24 0 0 12 18 38 -999 -999 -999
P1403 2011 3 63 36 0 0 9 0 7 0 0 11 0 29 18 0 0 105 163 36 23 0 23 36 58 160 59 0 31 72 0 0 0
P1403 2011 4 11 0 0 0 0 11 0 19 0 19 0 0 28 0 0 0 0 54 0 31 25 0 0 0 0 0 0 0 0 0 -999
P1403 2011 5 0 15 0 0 7 0 0 0 0 29 0 0 0 0 0 0 0 0 0 0 0 0 6 0 0 21 0 0 0 0 15
P1403 2011 6 12 12 0 0 0 0 0 0 0 0 0 0 12 0 19 16 0 0 0 0 0 0 0 0 0 0 0 0 0 0 -999
P1403 2011 7 0 0 0 0 0 0 0 0 0 0 0 0 0 0 0 0 0 0 0 0 0 0 0 0 0 0 0 9 0 0 0
P1403 2011 8 0 0 0 0 0 0 0 0 0 0 0 0 0 0 0 0 0 0 0 0 0 0 0 0 0 0 5 0 0 0 0
P1403 2011 9 0 0 0 0 0 0 0 0 0 40 0 0 0 0 0 0 0 0 0 0 0 0 0 0 0 0 5 0 0 0 -999
P1403 2011 10 0 0 0 0 0 0 0 0 0 0 0 0 22 0 0 0 0 0 0 0 0 0 0 0 13 8 0 0 23 0 0
P1403 2011 11 0 0 8 21 60 59 62 8 6 0 11 0 0 0 0 0 38 0 0 0 0 0 54 0 0 0 9 21 0 0 -999
P1403 2011 12 7 17 0 0 5 8 0 6 0 0 0 0 0 0 10 36 44 0 47 57 78 29 47 0 0 0 19 14 0 0 33
P1403 2012 1 0 29 3 0 0 0 0 0 0 0 0 0 0 0 0 0 0 1 2 11 10 0 0 0 0 0 0 0 21 0 0
P1403 2012 2 0 0 47 23 8 11 0 0 0 0 0 0 0 0 0 0 0 0 37 42 0 0 0 0 13 2 2 9 -999 -999 -999
P1403 2012 3 0 68 42 0 0 20 12 4 0 0 0 0 0 13 0 0 0 19 20 31 0 0 0 0 0 0 0 0 0 0 0
P1403 2012 4 0 0 0 0 0 0 28 21 5 0 3 10 17 65 59 47 41 25 11 0 0 0 9 37 50 0 0 0 58 35 -999
P1403 2012 5 0 0 25 0 0 0 0 0 0 17 0 0 0 29 27 18 0 0 0 0 0 15 0 16 0 22 0 0 0 0 0
P1403 2012 6 0 1 0 0 0 0 0 0 0 0 0 19 20 0 31 20 0 0 0 0 17 9 0 0 0 0 0 0 0 0 -999
P1403 2012 7 0 0 0 0 0 0 0 0 0 0 0 0 18 0 0 0 16 0 0 0 0 0 0 0 20 0 0 0 0 0 0
P1403 2012 8 0 0 0 0 0 0 0 0 0 0 0 0 8 0 0 8 0 0 0 0 0 0 0 0 0 0 0 9 0 0 0
P1403 2012 9 6 0 0 0 0 0 0 0 0 0 0 0 0 0 0 0 0 0 0 0 0 0 0 0 0 0 0 22 26 0 -999
P1403 2012 10 0 0 0 0 0 0 0 0 19 31 47 0 0 0 0 0 23 0 0 0 0 29 0 0 0 0 0 14 0 29 23
P1403 2012 11 23 0 43 0 9 0 0 0 0 21 0 0 0 0 0 0 0 39 67 38 0 0 0 0 0 0 0 0 42 25 -999
P1403 2012 12 16 0 0 0 21 67 65 64 11 0 15 0 0 104 71 0 46 25 14 10 0 0 0 0 11 0 0 0 0 0 51
P1403 2013 1 0 16 28 62 23 0 14 12 0 0 8 0 0 0 0 0 0 0 0 0 0 0 0 0 1 0 0 0 11 24 0
P1403 2013 2 0 0 0 0 0 0 0 0 0 0 0 0 0 72 0 0 20 56 83 70 49 51 0 93 0 0 0 0 -999 -999 -999
P1403 2013 3 6 11 17 0 15 0 0 0 31 55 115 121 80 0 0 31 0 34 33 27 0 42 54 0 23 16 0 0 0 45 79
P1403 2013 4 37 0 0 19 0 0 26 0 0 0 0 0 19 0 13 0 0 0 0 0 35 0 0 26 54 10 0 0 0 0 -999
P1403 2013 5 0 8 0 0 0 0 13 27 0 37 38 18 0 0 0 0 0 0 23 15 11 0 0 0 0 6 0 0 0 0 0
P1403 2013 6 0 0 0 0 0 0 0 0 42 0 38 33 0 0 0 0 14 0 0 0 0 0 0 0 0 0 0 0 0 17 -999
P1403 2013 7 0 0 0 0 0 0 0 0 0 0 0 0 0 0 0 0 0 0 0 0 0 0 0 0 0 0 0 0 0 0 0
P1403 2013 8 0 0 0 0 20 19 0 0 0 0 0 0 7 0 0 0 0 0 0 0 0 0 0 0 0 0 0 0 0 0 0
P1403 2013 9 20 0 0 0 0 0 0 0 0 0 0 0 0 0 0 4 0 0 0 0 0 0 0 5 0 2 0 0 0 0 -999
P1403 2013 10 0 0 0 0 0 0 5 0 0 0 29 0 0 0 0 12 0 0 0 0 0 0 0 0 0 0 0 0 0 0 0
P1403 2013 11 0 0 0 0 0 0 0 0 11 6 13 10 0 6 4 0 0 150 199 78 81 122 163 86 0 0 59 0 7 12 -999
P1403 2013 12 0 0 21 0 0 0 0 0 0 0 0 0 0 14 0 11 0 0 0 0 0 0 11 28 14 19 28 0 49 28 16
P1403 2014 1 17 8 0 0 25 0 0 0 0 0 0 0 0 0 38 0 0 0 0 0 0 0 0 0 16 0 0 0 113 111 41
P1403 2014 2 20 36 0 30 35 61 34 81 34 57 0 0 18 0 0 0 0 0 16 6 0 0 11 0 3 5 0 0 -999 -999 -999