precip	MIROC5	RCP60	REGRESION	decimas	1
P11140	40.950	-6.265	182	geo	2006	2100	-1
P11140 2006 1 0 0 0 7 8 0 9 0 9 0 26 87 158 29 70 93 0 71 0 14 6 0 25 0 0 0 26 0 34 33 0
P11140 2006 2 23 63 31 27 15 11 0 0 0 0 0 20 20 20 0 16 19 13 37 0 9 7 0 0 5 3 6 0 -999 -999 -999
P11140 2006 3 41 67 93 117 93 101 91 81 53 0 39 0 28 26 0 69 109 111 90 57 60 51 48 38 39 50 54 57 62 50 39
P11140 2006 4 31 57 36 0 0 13 0 12 0 0 0 0 0 8 10 0 17 0 0 3 0 0 0 0 26 0 39 31 0 19 -999
P11140 2006 5 19 27 26 39 0 51 0 13 0 0 0 20 0 27 0 16 0 13 26 22 0 0 0 0 0 0 0 0 0 0 0
P11140 2006 6 0 0 0 0 0 0 0 0 0 0 0 0 0 0 0 0 0 14 14 16 0 0 0 0 0 17 22 17 0 0 -999
P11140 2006 7 0 0 0 0 0 0 0 0 10 0 0 0 0 0 0 0 0 0 0 0 0 0 0 0 0 0 0 0 0 0 0
P11140 2006 8 0 0 0 0 0 0 0 0 0 0 0 0 0 0 16 0 0 0 0 0 0 0 0 18 18 14 0 0 0 0 0
P11140 2006 9 0 0 24 0 0 0 0 0 0 0 0 0 0 0 0 0 0 0 0 0 0 0 0 0 0 0 8 15 18 0 -999
P11140 2006 10 3 2 0 16 0 0 0 0 0 0 0 0 21 0 20 0 14 0 15 15 25 16 0 14 0 29 16 34 0 0 0
P11140 2006 11 26 0 6 0 0 16 39 25 0 0 0 0 0 0 0 0 0 0 0 14 0 15 19 0 9 7 0 6 0 0 -999
P11140 2006 12 0 0 0 0 2 0 12 49 56 31 20 20 21 28 70 78 0 0 0 0 0 48 90 48 60 52 38 38 57 36 21
P11140 2007 1 0 31 21 0 0 0 0 0 0 0 0 0 0 5 0 0 0 0 7 0 0 0 0 0 8 7 0 16 15 14 12
P11140 2007 2 7 14 20 0 0 6 19 55 123 74 28 0 0 12 0 0 0 28 18 18 17 16 27 26 40 40 44 27 -999 -999 -999
P11140 2007 3 0 0 22 41 52 0 0 0 0 0 19 26 32 73 0 16 32 22 17 39 27 0 0 0 0 0 8 0 4 1 0
P11140 2007 4 0 0 0 0 7 0 0 0 0 0 0 0 47 14 0 20 0 47 55 38 21 12 30 26 0 11 0 0 0 0 -999
P11140 2007 5 0 0 0 25 53 0 0 0 21 0 0 0 18 23 22 21 15 24 27 11 0 0 0 0 0 0 0 0 0 0 14
P11140 2007 6 0 0 0 0 0 15 0 6 0 0 0 0 0 0 0 0 0 0 13 0 0 12 0 16 12 18 18 18 19 17 -999
P11140 2007 7 0 0 0 23 17 0 0 0 0 0 0 0 16 0 13 0 0 0 0 25 0 0 0 0 0 0 0 0 0 0 0
P11140 2007 8 0 0 0 0 0 0 0 0 0 0 0 0 0 8 0 0 0 0 0 0 0 0 0 0 0 18 0 16 0 0 0
P11140 2007 9 0 0 0 0 0 0 0 0 0 0 14 0 14 0 0 0 0 0 7 0 0 0 10 0 20 0 14 0 14 0 -999
P11140 2007 10 0 0 16 13 0 0 0 0 0 0 14 0 42 49 25 26 40 65 0 0 0 47 66 52 20 19 46 0 0 12 14
P11140 2007 11 0 7 14 4 10 0 7 0 23 0 59 44 28 42 10 0 0 0 0 0 0 6 0 8 0 9 0 4 0 0 -999
P11140 2007 12 5 0 0 6 0 0 0 0 0 2 0 0 0 0 0 0 25 0 10 0 0 0 0 16 25 0 0 10 0 0 0
P11140 2008 1 0 0 26 33 0 2 0 0 0 0 3 0 7 0 14 0 0 0 23 30 71 69 21 0 0 87 75 0 46 0 86
P11140 2008 2 116 62 95 58 47 72 46 68 32 0 49 15 16 17 50 44 0 56 32 0 0 7 7 0 6 16 23 14 -999 -999 -999
P11140 2008 3 0 0 0 10 6 0 6 0 0 8 0 0 21 0 4 0 0 3 0 0 0 0 8 0 19 0 0 0 0 0 0
P11140 2008 4 0 0 12 0 11 7 0 0 0 0 0 9 0 22 39 37 24 16 0 10 10 0 0 0 0 0 0 0 0 0 -999
P11140 2008 5 0 0 0 0 0 7 6 6 15 26 49 27 0 32 19 0 0 0 21 29 0 0 43 15 10 0 0 0 0 0 0
P11140 2008 6 0 9 0 0 16 0 0 0 29 0 17 18 18 40 0 8 13 18 0 0 0 0 0 0 0 0 0 0 0 0 -999
P11140 2008 7 0 0 0 0 0 0 0 0 0 0 0 0 0 29 0 0 0 0 0 0 0 0 17 21 17 0 0 0 0 0 0
P11140 2008 8 0 0 0 0 0 0 0 0 0 22 0 0 0 0 0 0 0 11 0 0 0 0 0 0 0 0 10 0 0 0 0
P11140 2008 9 12 0 0 0 0 0 0 13 0 0 20 20 18 36 19 0 0 0 0 0 0 0 26 0 27 0 0 28 45 30 -999
P11140 2008 10 40 29 0 16 0 0 17 0 8 0 41 43 39 11 0 0 0 0 0 0 0 23 0 0 22 48 43 27 0 0 23
P11140 2008 11 16 0 25 6 0 0 0 0 0 7 20 0 0 0 0 0 29 51 23 0 0 0 0 0 0 0 0 0 0 0 -999
P11140 2008 12 2 0 0 0 0 1 0 2 7 22 18 0 12 0 0 0 0 8 7 0 0 0 0 18 44 35 27 17 0 0 0
P11140 2009 1 0 0 0 0 0 0 0 0 0 0 0 0 0 9 6 0 0 0 0 1 2 0 2 0 0 0 0 0 0 0 0
P11140 2009 2 0 5 6 0 3 3 2 1 0 0 3 1 4 2 0 0 0 0 0 5 0 0 0 0 0 0 0 20 -999 -999 -999
P11140 2009 3 34 35 31 0 12 10 16 43 0 3 0 0 4 0 0 33 81 79 59 38 0 11 39 32 32 52 42 65 70 52 0
P11140 2009 4 0 0 0 13 21 24 8 10 0 0 0 0 16 0 0 0 6 0 14 16 0 3 0 4 0 6 0 23 32 40 -999
P11140 2009 5 25 0 20 22 18 22 16 0 20 0 0 7 5 0 0 0 0 0 0 0 0 18 15 13 0 0 0 0 0 12 11
P11140 2009 6 0 11 0 15 0 0 0 0 0 0 0 0 8 0 22 0 10 0 0 7 0 0 0 0 18 0 14 0 0 0 -999
P11140 2009 7 29 0 19 0 0 0 0 0 0 22 19 0 0 0 0 0 0 0 0 18 0 0 0 0 0 0 0 0 11 19 0
P11140 2009 8 0 0 0 0 0 0 0 0 11 0 0 0 0 0 0 0 0 0 0 0 0 0 0 18 0 0 0 0 0 22 18
P11140 2009 9 26 0 6 2 0 0 0 0 0 0 25 15 0 0 0 0 12 0 0 0 0 23 0 17 0 0 0 8 0 0 -999
P11140 2009 10 0 0 0 0 4 0 0 0 9 0 14 0 0 0 14 17 0 0 0 10 0 8 27 51 0 0 0 0 0 0 0
P11140 2009 11 0 0 0 0 0 0 11 0 0 7 0 12 13 14 21 0 0 8 17 35 10 0 48 18 5 0 12 21 21 29 -999
P11140 2009 12 0 45 57 32 88 56 46 30 21 0 0 16 25 17 13 0 29 52 37 15 0 25 34 35 49 51 46 38 0 24 23
P11140 2010 1 0 20 40 66 35 0 0 0 12 0 4 6 13 0 12 14 19 13 0 0 0 0 1 0 0 0 0 0 0 0 0
P11140 2010 2 8 5 0 0 10 13 0 2 2 0 0 0 0 0 1 1 0 2 0 4 0 6 5 7 0 0 0 6 -999 -999 -999
P11140 2010 3 5 0 0 9 0 0 0 0 30 33 18 0 0 0 5 0 7 23 44 0 0 0 0 1 0 0 0 0 0 0 10
P11140 2010 4 0 0 0 16 0 19 23 37 37 29 18 0 11 21 41 17 6 5 0 19 13 0 7 0 0 0 5 0 21 0 -999
P11140 2010 5 9 0 17 20 14 0 7 0 0 0 11 0 9 0 0 20 15 27 0 0 0 0 0 0 0 32 30 0 16 11 0
P11140 2010 6 0 18 19 13 0 0 12 0 0 0 0 0 0 0 0 27 13 0 0 0 0 0 12 12 0 0 0 0 0 0 -999
P11140 2010 7 0 0 0 0 6 0 0 0 0 0 0 0 0 0 0 0 0 0 0 0 0 0 0 0 0 0 0 0 0 0 0
P11140 2010 8 0 0 0 0 0 0 0 0 0 0 0 0 0 0 0 0 0 0 0 0 0 0 0 0 0 0 9 0 0 0 0
P11140 2010 9 0 0 0 19 0 0 0 0 22 11 0 0 14 9 16 7 8 0 0 13 0 0 0 0 27 0 0 0 0 0 -999
P11140 2010 10 0 0 0 0 0 0 0 0 0 39 60 44 65 37 26 0 11 20 28 0 15 0 0 0 18 7 0 17 27 0 12
P11140 2010 11 0 0 16 9 9 0 0 0 0 0 0 0 0 0 0 0 18 15 0 0 8 0 0 4 6 7 0 0 0 0 -999
P11140 2010 12 0 2 0 0 8 10 0 0 0 0 0 19 42 21 0 0 19 0 0 0 1 0 0 0 0 0 0 9 0 0 0
P11140 2011 1 0 0 0 18 25 0 0 0 0 0 0 6 0 10 20 4 0 0 0 0 7 24 37 16 28 14 0 4 0 0 10
P11140 2011 2 0 0 13 0 49 50 39 21 0 0 14 25 17 14 0 12 0 0 0 0 0 33 0 0 0 6 0 0 -999 -999 -999
P11140 2011 3 24 0 9 0 0 0 7 0 10 11 0 0 16 0 32 61 29 25 17 25 23 36 73 145 42 18 32 69 8 0 0
P11140 2011 4 0 26 20 13 0 0 0 15 0 16 0 0 0 0 0 0 0 0 0 20 20 0 0 0 0 0 0 0 0 0 -999
P11140 2011 5 0 0 8 0 3 0 0 0 0 0 13 11 0 0 0 0 0 0 0 0 31 13 11 0 0 0 17 0 0 6 9
P11140 2011 6 0 0 0 0 0 11 0 0 0 0 0 0 0 0 15 0 0 0 0 8 16 0 0 0 0 0 17 0 0 0 -999
P11140 2011 7 0 0 0 0 0 0 0 0 0 0 0 16 0 0 13 0 0 0 0 0 29 0 0 0 0 0 0 0 0 0 0
P11140 2011 8 0 0 0 0 0 0 0 0 0 0 16 0 0 0 0 0 0 0 0 0 0 0 0 0 0 0 0 0 14 0 0
P11140 2011 9 0 0 0 0 0 0 0 18 27 32 0 0 0 0 4 0 0 0 0 0 0 0 0 0 8 0 0 9 0 18 -999
P11140 2011 10 0 0 0 0 0 0 0 0 0 0 0 13 0 25 23 0 0 18 0 0 0 16 16 15 11 0 0 0 0 0 0
P11140 2011 11 0 0 0 31 55 60 24 0 4 0 0 0 6 0 5 0 36 0 0 0 14 37 25 0 6 8 9 0 0 0 -999
P11140 2011 12 0 25 25 0 4 0 0 0 0 0 13 21 0 4 0 63 66 63 69 58 57 33 0 21 36 31 44 40 48 35 74
P11140 2012 1 52 0 0 0 0 0 0 0 0 0 0 0 0 0 0 1 0 1 1 0 2 0 0 0 0 3 5 0 21 16 0
P11140 2012 2 0 0 20 0 0 0 0 5 0 0 0 0 0 0 0 1 4 14 34 21 0 0 0 4 0 1 0 11 -999 -999 -999
P11140 2012 3 33 33 0 0 0 10 0 0 0 0 0 0 20 11 0 0 0 15 21 38 42 0 0 33 0 4 0 0 24 0 0
P11140 2012 4 0 0 0 0 0 0 24 22 6 3 0 0 14 53 44 26 20 0 5 0 5 5 10 36 34 23 25 33 31 29 -999
P11140 2012 5 0 0 0 0 0 0 0 9 0 0 16 0 23 36 31 23 20 0 0 0 0 0 0 0 25 0 14 7 6 0 0
P11140 2012 6 0 0 0 4 0 0 0 0 30 16 13 12 0 0 22 0 0 0 0 20 0 0 0 0 10 0 0 18 0 0 -999
P11140 2012 7 0 0 0 0 0 0 18 0 0 0 0 0 0 13 0 0 0 15 0 0 0 0 8 0 0 0 0 0 0 0 0
P11140 2012 8 0 0 0 0 0 0 0 0 0 0 0 0 0 0 0 10 12 0 0 0 0 0 0 0 0 0 12 0 0 0 0
P11140 2012 9 11 0 0 0 0 0 0 0 0 0 0 0 0 0 0 0 0 0 0 0 0 0 0 0 0 0 0 0 0 0 -999
P11140 2012 10 0 0 0 0 0 0 0 13 0 36 58 23 0 0 0 37 34 0 37 0 0 0 0 0 12 18 38 24 29 65 29
P11140 2012 11 60 57 37 17 22 32 0 16 0 52 35 4 5 6 6 0 15 45 0 48 25 0 9 0 0 0 17 0 38 14 -999
P11140 2012 12 0 0 0 0 0 56 64 63 16 28 22 11 21 49 45 48 31 14 11 15 25 29 13 34 21 16 0 9 18 15 40
P11140 2013 1 15 10 14 47 28 9 31 19 14 0 15 0 0 0 0 0 0 3 2 0 0 1 0 1 0 3 0 0 0 33 0
P11140 2013 2 0 0 0 0 0 8 9 14 20 5 0 0 29 76 28 0 16 58 81 66 55 64 54 73 0 0 0 0 -999 -999 -999
P11140 2013 3 0 0 0 0 12 0 13 25 21 50 99 91 65 30 35 42 35 35 42 0 0 44 44 31 30 14 18 30 36 44 49
P11140 2013 4 27 10 9 19 0 28 28 0 0 0 0 0 0 0 0 26 0 0 15 0 40 0 16 34 39 0 0 8 0 10 -999
P11140 2013 5 0 0 0 0 0 0 0 25 24 35 34 18 8 13 29 32 25 26 18 12 0 0 0 11 0 0 0 0 0 0 0
P11140 2013 6 0 0 0 0 0 0 22 36 39 47 42 37 24 0 0 0 12 0 16 0 0 0 0 0 0 0 36 37 38 20 -999
P11140 2013 7 0 0 0 0 0 26 0 0 0 0 0 0 0 0 24 0 0 0 0 0 0 0 0 0 0 0 0 0 0 0 0
P11140 2013 8 0 0 0 0 0 0 18 26 24 0 0 13 0 0 12 0 0 0 0 0 0 0 0 0 0 7 0 19 0 26 43
P11140 2013 9 36 0 8 7 0 16 0 0 0 20 0 0 0 0 0 0 0 0 24 0 18 15 0 0 0 0 0 0 0 0 -999
P11140 2013 10 0 0 0 0 0 0 0 12 0 27 0 0 0 0 0 15 17 0 9 6 0 0 0 2 0 0 0 0 0 0 0
P11140 2013 11 0 0 0 0 0 0 0 5 0 0 6 5 0 5 0 0 20 104 133 51 65 113 108 49 0 116 30 0 12 0 -999
P11140 2013 12 25 59 42 33 0 0 0 14 0 0 0 0 0 0 20 12 10 0 0 0 0 27 26 42 31 45 0 0 43 0 16
P11140 2014 1 22 0 6 21 32 30 18 35 13 0 28 26 38 0 31 0 0 0 0 0 0 2 0 0 15 26 45 54 61 55 28
P11140 2014 2 28 43 29 51 43 67 0 53 38 0 0 25 0 10 7 0 0 0 17 0 10 0 14 6 3 0 0 0 -999 -999 -999