precip	MIROC5	RCP60	REGRESION	decimas	1
P12879	41.246	1.723	182	geo	2006	2100	-1
P12879 2006 1 0 0 0 14 0 14 0 13 0 0 0 19 49 0 0 0 0 0 31 11 0 0 0 18 0 0 0 0 27 0 0
P12879 2006 2 0 0 0 0 0 6 0 0 0 2 0 9 0 31 0 36 0 5 0 0 39 0 21 0 0 0 0 0 -999 -999 -999
P12879 2006 3 10 0 28 29 23 36 43 62 44 0 51 70 45 0 0 0 42 34 0 18 0 0 15 0 0 0 10 13 0 0 0
P12879 2006 4 0 8 10 0 22 0 11 52 43 0 0 0 0 0 0 0 0 0 18 0 0 0 7 0 0 26 0 95 63 32 -999
P12879 2006 5 27 0 0 20 0 32 0 16 9 0 0 0 17 0 0 15 0 0 0 0 0 0 0 0 0 0 0 0 0 0 15
P12879 2006 6 0 0 0 0 23 0 0 0 0 0 0 38 28 0 0 0 0 0 0 15 0 14 13 18 0 37 30 0 23 0 -999
P12879 2006 7 46 0 26 0 0 28 0 39 0 0 0 12 27 26 21 0 0 0 0 0 0 36 0 0 0 0 31 0 25 27 0
P12879 2006 8 36 0 14 0 0 0 43 36 28 0 0 0 37 0 24 0 16 0 0 0 0 0 0 0 23 0 0 11 0 0 0
P12879 2006 9 0 27 30 0 0 31 0 0 0 0 31 5 0 0 11 0 0 38 0 0 0 0 26 43 44 22 0 0 0 0 -999
P12879 2006 10 0 0 0 19 0 0 0 22 0 0 21 0 29 41 43 48 0 7 0 10 16 0 11 0 0 0 0 0 0 0 0
P12879 2006 11 0 0 0 0 19 19 0 23 0 0 0 0 0 0 0 0 0 0 0 0 0 0 0 56 25 0 5 0 0 7 -999
P12879 2006 12 0 0 0 0 0 19 0 0 0 0 0 0 61 0 0 0 0 0 0 12 19 26 36 51 0 0 0 0 8 0 10
P12879 2007 1 0 0 0 0 0 0 0 0 0 0 0 0 0 0 0 0 0 0 0 35 33 0 12 12 0 0 0 26 0 0 0
P12879 2007 2 11 0 0 0 0 0 20 48 98 61 39 0 26 15 0 13 10 0 0 24 47 33 39 57 37 0 11 19 -999 -999 -999
P12879 2007 3 13 8 10 22 33 23 16 0 16 0 0 33 58 0 23 15 0 0 0 0 11 25 31 0 0 0 0 0 0 0 0
P12879 2007 4 0 0 0 0 0 17 10 0 0 0 0 0 34 0 14 0 0 33 0 0 29 0 0 0 0 0 0 0 0 0 -999
P12879 2007 5 0 0 0 0 0 33 35 17 0 0 0 35 0 53 0 0 0 31 34 36 0 0 8 0 0 0 0 0 0 0 0
P12879 2007 6 0 43 0 23 25 0 61 0 0 10 11 0 46 0 45 47 0 0 0 0 0 0 29 0 0 0 23 0 39 38 -999
P12879 2007 7 0 26 34 50 0 0 0 0 0 0 0 0 0 0 0 0 39 51 53 0 21 0 34 0 0 0 0 35 0 0 0
P12879 2007 8 0 0 0 0 31 24 0 0 0 24 0 0 0 0 15 0 19 0 0 35 19 0 0 0 35 0 24 22 0 26 9
P12879 2007 9 4 0 0 0 0 0 0 0 0 0 0 0 23 0 24 32 0 0 5 0 0 0 27 0 0 0 0 14 0 0 -999
P12879 2007 10 0 0 0 0 9 0 0 0 17 28 42 46 41 23 0 0 0 26 18 10 0 32 0 0 0 0 14 16 9 0 0
P12879 2007 11 0 4 0 0 0 0 0 5 11 13 0 27 14 0 0 0 0 3 0 0 0 12 11 0 7 2 0 23 0 45 -999
P12879 2007 12 36 0 17 38 0 66 44 0 0 0 0 0 0 0 0 0 0 32 0 0 0 0 0 0 0 0 0 0 0 0 0
P12879 2008 1 0 0 30 26 0 0 0 0 45 37 0 31 0 0 24 15 12 2 0 13 0 0 0 7 0 12 0 0 0 0 0
P12879 2008 2 0 0 0 0 16 15 0 0 0 35 0 0 0 0 0 13 11 27 77 0 0 8 0 42 0 61 75 131 -999 -999 -999
P12879 2008 3 154 0 0 0 0 0 0 0 0 0 9 0 16 0 16 0 0 0 0 0 0 0 0 0 0 0 0 0 0 0 0
P12879 2008 4 0 0 0 22 39 0 0 2 0 0 0 0 0 40 38 46 0 0 24 0 0 0 0 0 0 0 0 0 0 39 -999
P12879 2008 5 0 20 0 0 0 47 0 0 13 0 29 0 0 30 0 0 0 12 0 0 0 0 0 0 0 17 20 0 0 0 27
P12879 2008 6 25 0 0 16 16 0 0 0 0 21 28 0 29 29 0 0 0 0 19 18 0 0 0 0 0 21 0 32 0 0 -999
P12879 2008 7 0 0 11 0 0 24 0 37 0 0 0 0 23 0 43 0 0 0 0 0 25 0 0 0 0 28 0 0 0 0 0
P12879 2008 8 37 54 0 0 0 24 0 0 0 32 28 11 0 0 8 0 0 0 17 0 0 0 0 0 0 26 43 16 0 0 0
P12879 2008 9 0 0 0 23 35 0 19 0 0 22 36 36 0 0 0 11 21 17 20 0 0 0 0 0 0 0 0 0 0 0 -999
P12879 2008 10 0 0 0 0 0 0 17 23 9 0 0 0 29 31 0 32 31 26 0 27 29 19 0 0 0 0 0 0 31 0 0
P12879 2008 11 19 24 0 33 0 20 14 0 0 18 0 20 0 0 0 6 0 0 0 0 0 0 0 2 2 0 0 0 0 0 -999
P12879 2008 12 6 0 0 0 0 31 0 23 24 0 26 0 0 0 18 0 0 0 3 0 0 0 0 0 0 0 0 0 0 0 0
P12879 2009 1 0 0 0 0 0 0 0 0 9 8 0 0 35 0 0 0 0 0 0 0 0 0 3 0 0 16 0 7 0 3 0
P12879 2009 2 0 0 0 16 0 0 0 12 0 0 0 0 0 6 0 0 0 0 0 0 0 0 0 0 0 0 0 0 -999 -999 -999
P12879 2009 3 0 55 34 0 0 0 0 0 44 50 0 0 14 0 35 0 0 0 3 0 0 0 11 0 0 0 0 46 0 0 0
P12879 2009 4 0 54 71 0 19 43 0 0 0 0 0 0 0 38 0 0 19 17 0 0 0 0 0 0 0 0 7 0 0 0 -999
P12879 2009 5 0 57 26 25 0 44 0 0 0 41 46 0 0 0 11 13 0 0 35 0 79 77 0 41 0 10 0 0 0 0 0
P12879 2009 6 0 0 0 0 26 30 0 0 0 0 26 0 0 18 29 43 0 0 0 0 0 20 38 25 0 0 0 0 0 19 -999
P12879 2009 7 35 0 25 27 31 0 34 0 47 0 64 0 41 0 19 0 8 0 17 24 0 0 0 0 0 0 0 27 0 19 0
P12879 2009 8 0 0 0 0 19 18 26 0 0 35 0 15 0 21 0 0 7 9 11 0 0 16 30 41 0 22 0 0 23 35 0
P12879 2009 9 44 0 0 3 0 0 10 0 0 0 44 0 33 0 0 33 0 29 0 31 0 58 0 0 12 0 0 0 8 0 -999
P12879 2009 10 0 19 0 0 0 0 0 0 0 0 0 14 0 9 0 15 0 45 46 0 0 0 0 12 0 9 0 10 0 0 14
P12879 2009 11 0 0 0 8 0 0 19 0 0 0 0 0 0 0 0 0 0 0 0 0 0 12 0 0 0 0 34 0 0 15 -999
P12879 2009 12 0 3 0 0 0 12 39 45 0 22 0 0 0 0 0 0 0 0 25 0 0 13 0 0 0 27 0 0 0 0 0
P12879 2010 1 0 0 0 43 0 24 0 13 0 0 0 17 20 17 0 0 0 1 0 0 0 0 0 0 9 12 0 0 0 17 0
P12879 2010 2 10 0 0 0 0 0 28 0 13 0 0 0 0 0 6 0 0 0 0 9 0 0 9 18 8 0 0 0 -999 -999 -999
P12879 2010 3 0 0 2 4 5 17 30 0 35 0 0 0 0 0 8 0 8 0 23 87 64 0 0 0 0 9 0 0 0 0 0
P12879 2010 4 0 0 0 0 0 19 32 56 38 0 0 45 42 52 40 63 36 22 0 0 29 33 0 0 0 0 0 0 35 38 -999
P12879 2010 5 23 0 0 28 37 0 20 0 15 22 0 49 26 0 31 39 0 0 0 0 0 19 24 23 18 41 46 0 20 21 0
P12879 2010 6 35 21 28 0 0 0 0 0 0 0 0 0 57 0 0 32 0 0 0 0 0 19 0 0 0 0 32 37 43 0 -999
P12879 2010 7 0 0 0 20 25 0 23 0 0 32 0 0 0 0 0 0 0 0 0 0 22 0 0 29 0 0 0 21 0 24 22
P12879 2010 8 0 0 26 0 26 0 0 0 0 0 38 29 0 0 25 0 0 33 0 14 0 0 0 25 33 23 0 9 0 7 19
P12879 2010 9 19 0 21 0 0 0 0 0 0 49 0 25 0 0 30 22 10 0 17 17 0 0 0 40 29 30 25 9 0 0 -999
P12879 2010 10 0 0 0 0 0 0 0 19 0 0 0 12 0 26 0 0 0 0 14 19 32 0 46 23 0 0 0 5 0 0 0
P12879 2010 11 0 0 0 0 4 0 0 0 0 0 0 0 0 0 8 0 0 0 5 8 0 0 0 0 14 0 0 0 0 4 -999
P12879 2010 12 24 0 0 0 16 10 0 0 7 0 0 7 14 0 0 3 0 0 5 0 0 3 0 0 0 0 0 0 0 0 0
P12879 2011 1 0 0 0 0 8 0 0 0 0 0 0 0 0 0 0 0 0 0 0 0 0 0 26 21 0 0 0 0 0 0 0
P12879 2011 2 0 0 0 0 0 0 0 0 0 0 0 8 0 0 0 0 2 0 0 0 0 21 0 10 0 0 0 38 -999 -999 -999
P12879 2011 3 39 15 0 30 29 0 0 6 0 11 15 0 19 17 27 54 70 25 0 0 19 25 22 0 0 0 0 46 0 0 0
P12879 2011 4 36 0 0 30 19 0 0 0 19 25 0 32 42 0 0 15 0 57 32 26 0 0 7 0 0 0 0 0 0 0 -999
P12879 2011 5 0 0 0 0 0 0 0 0 0 50 0 0 19 0 0 0 0 0 0 26 31 46 0 0 0 0 0 37 0 48 0
P12879 2011 6 0 0 0 0 0 7 0 0 0 0 52 0 35 50 35 0 0 0 16 0 20 0 36 36 0 33 0 0 24 0 -999
P12879 2011 7 0 0 7 0 0 0 17 0 0 8 0 15 32 33 32 0 13 15 14 0 34 0 0 0 13 22 0 0 24 0 0
P12879 2011 8 0 20 28 0 7 0 0 0 0 0 0 25 0 0 0 0 0 0 22 22 43 0 0 21 0 0 0 0 24 0 0
P12879 2011 9 0 0 0 15 0 26 12 12 29 0 0 0 11 0 0 0 0 8 10 0 0 0 0 0 13 8 0 0 0 15 -999
P12879 2011 10 21 23 27 26 21 0 0 0 0 0 0 0 0 0 0 0 0 0 0 0 13 22 29 24 16 0 0 0 27 35 59
P12879 2011 11 28 19 0 0 0 0 80 64 27 0 16 36 41 18 0 0 0 0 0 0 5 0 60 0 0 0 0 13 14 0 -999
P12879 2011 12 3 0 0 0 23 0 0 0 4 0 0 0 8 0 3 0 0 0 0 25 26 0 0 0 8 0 0 0 0 0 0
P12879 2012 1 0 29 0 0 0 0 0 0 0 0 0 11 0 0 0 0 5 10 0 0 33 0 0 0 0 0 0 0 0 0 0
P12879 2012 2 0 5 37 30 6 0 0 0 0 0 0 0 0 0 0 0 0 0 0 0 21 0 0 0 0 32 0 0 -999 -999 -999
P12879 2012 3 0 32 0 65 0 0 0 0 0 0 2 0 6 0 0 15 0 34 27 0 0 0 0 0 0 0 0 13 0 0 0
P12879 2012 4 7 0 23 0 0 0 0 0 0 0 0 20 46 0 0 0 29 30 29 18 0 0 0 0 43 48 50 57 23 0 -999
P12879 2012 5 0 34 56 0 0 14 47 70 36 0 0 0 0 0 0 0 0 0 0 18 0 16 23 17 33 40 0 0 0 5 0
P12879 2012 6 0 0 0 0 0 7 0 0 0 0 0 0 30 0 35 0 0 0 0 0 29 0 0 0 0 10 0 0 0 49 -999
P12879 2012 7 0 0 0 0 0 0 0 0 39 0 0 0 0 22 0 0 35 84 52 27 0 0 0 44 38 0 0 11 0 21 33
P12879 2012 8 0 0 0 30 0 24 0 0 13 0 0 22 0 0 0 0 33 28 0 0 15 18 0 0 0 16 11 0 0 0 0
P12879 2012 9 0 0 0 0 0 0 0 0 0 0 0 0 0 20 0 10 0 0 24 0 0 0 0 0 0 0 23 19 25 37 -999
P12879 2012 10 0 18 0 0 0 0 0 0 0 0 45 0 8 0 0 0 15 0 0 0 0 0 0 0 0 0 0 0 10 8 0
P12879 2012 11 0 0 29 35 0 0 0 0 0 0 0 22 0 0 0 0 0 0 0 39 16 0 7 4 0 0 0 0 28 29 -999
P12879 2012 12 0 0 0 22 0 35 76 27 0 10 0 0 15 37 0 0 27 0 0 7 0 0 0 7 0 0 0 3 0 0 28
P12879 2013 1 47 0 0 18 0 3 0 0 8 0 0 0 0 0 0 0 0 0 11 0 0 0 0 0 0 0 0 0 0 0 0
P12879 2013 2 0 0 0 0 5 0 0 0 0 3 0 0 18 0 18 0 9 17 0 0 0 17 0 20 0 12 0 0 -999 -999 -999
P12879 2013 3 0 0 9 0 0 0 9 44 0 0 32 27 33 0 0 0 27 21 0 0 0 39 55 18 17 0 0 38 87 71 59
P12879 2013 4 113 42 0 0 20 0 18 0 0 0 0 0 0 0 0 27 0 0 0 0 0 22 0 16 52 42 15 0 0 0 -999
P12879 2013 5 0 19 0 0 0 0 0 42 41 0 0 30 21 0 0 48 0 0 0 0 0 0 7 19 18 0 0 12 0 26 0
P12879 2013 6 30 36 0 19 0 0 27 37 55 49 0 0 36 27 0 0 0 0 0 12 8 0 0 0 0 0 105 54 0 0 -999
P12879 2013 7 0 0 0 17 0 28 0 59 0 38 0 0 0 0 0 0 0 0 0 0 21 0 34 0 0 0 0 0 0 27 30
P12879 2013 8 0 28 0 0 0 65 0 38 0 0 0 31 0 0 0 40 0 0 0 0 0 0 0 0 26 0 0 0 35 0 35
P12879 2013 9 0 26 42 0 0 0 18 14 11 14 0 0 18 0 0 0 0 0 26 0 36 0 0 0 0 5 0 0 0 0 -999
P12879 2013 10 0 0 0 0 0 0 0 0 0 20 32 28 24 0 17 0 0 28 0 0 0 0 6 0 0 0 12 9 0 0 0
P12879 2013 11 0 0 0 0 0 9 0 0 0 13 15 13 0 0 4 0 0 38 81 67 0 0 0 0 0 0 0 34 0 0 -999
P12879 2013 12 0 0 0 14 0 0 0 13 0 0 0 0 0 0 8 0 0 0 0 0 0 11 0 0 17 19 21 22 23 0 19
P12879 2014 1 0 0 0 0 0 0 0 0 0 0 0 0 0 0 6 0 0 1 0 0 0 0 0 0 0 0 24 30 87 0 28
P12879 2014 2 15 0 0 0 0 0 0 35 0 0 0 4 0 0 0 0 0 0 22 0 10 0 0 11 0 0 0 0 -999 -999 -999