precip	MIROC5	RCP60	REGRESION	decimas	1
P10231	40.495	-1.066	182	geo	2006	2100	-1
P10231 2006 1 0 0 0 0 0 8 4 0 0 0 7 18 37 33 9 0 14 15 22 0 5 4 0 11 3 0 0 0 0 17 0
P10231 2006 2 0 17 20 0 0 0 0 0 0 0 5 0 15 18 23 26 0 0 0 0 21 17 11 11 0 0 0 4 -999 -999 -999
P10231 2006 3 11 16 21 0 25 0 32 39 0 22 42 0 27 19 18 0 0 26 18 0 14 0 0 0 0 0 0 0 0 0 27
P10231 2006 4 0 8 0 0 0 0 0 36 29 0 3 0 0 0 11 0 15 0 0 0 0 6 9 0 0 24 0 0 40 34 -999
P10231 2006 5 24 0 15 15 12 21 0 14 0 0 0 0 0 0 0 0 0 17 0 0 0 0 8 0 0 0 0 17 0 16 17
P10231 2006 6 0 0 0 0 0 0 0 0 24 0 0 0 0 0 0 0 0 0 0 0 18 0 0 22 0 0 0 0 20 31 -999
P10231 2006 7 0 0 0 0 0 33 31 32 0 0 0 0 0 28 0 0 0 17 20 0 29 0 0 0 0 0 25 0 0 0 0
P10231 2006 8 34 29 0 0 0 26 36 0 19 0 0 0 28 0 0 0 0 0 0 0 24 0 0 20 21 0 0 15 0 0 0
P10231 2006 9 0 0 19 19 0 0 0 0 0 25 0 8 0 11 0 19 0 0 22 0 0 0 0 0 0 0 0 0 8 0 -999
P10231 2006 10 0 0 11 0 0 0 0 13 0 0 0 0 0 26 28 0 16 0 0 9 0 0 0 0 0 10 0 0 0 0 0
P10231 2006 11 0 0 0 0 0 0 14 15 0 0 7 0 0 0 0 0 0 0 0 5 11 0 14 35 18 0 4 0 0 0 -999
P10231 2006 12 0 0 0 6 0 0 11 0 0 17 0 25 26 0 15 17 18 0 0 9 11 15 23 26 11 0 0 8 0 0 0
P10231 2007 1 0 0 0 3 0 0 0 0 0 0 0 0 0 0 0 0 0 0 0 0 0 9 9 9 16 0 19 10 13 0 0
P10231 2007 2 0 0 8 15 12 12 11 33 57 37 0 17 0 0 0 8 10 16 20 19 25 20 22 28 25 11 12 0 -999 -999 -999
P10231 2007 3 0 0 0 0 21 20 17 0 0 9 9 28 42 25 18 0 9 0 0 0 0 0 21 0 0 11 0 0 0 0 0
P10231 2007 4 0 0 0 0 0 8 10 4 0 0 9 0 22 0 11 0 0 0 21 0 0 34 24 0 19 20 0 0 0 0 -999
P10231 2007 5 0 0 0 19 21 0 0 0 18 0 0 27 0 0 16 13 15 24 0 25 0 0 0 0 0 0 8 0 10 0 0
P10231 2007 6 29 26 0 0 0 0 40 21 0 0 0 0 0 0 0 27 0 0 19 24 21 18 0 22 0 0 0 0 29 29 -999
P10231 2007 7 0 23 0 0 0 0 0 0 19 29 32 0 0 0 0 0 35 0 0 0 0 0 26 25 0 0 0 0 0 0 0
P10231 2007 8 23 0 0 0 0 0 0 18 0 0 0 30 0 26 0 0 21 22 28 25 24 0 0 0 27 0 0 23 27 0 0
P10231 2007 9 7 0 0 0 9 0 0 0 0 18 18 0 0 21 0 0 0 0 0 0 0 0 0 0 0 0 12 0 0 0 -999
P10231 2007 10 0 0 0 0 0 10 0 0 0 23 0 0 24 17 0 0 0 18 0 0 0 23 0 10 0 0 0 0 0 0 0
P10231 2007 11 0 0 0 0 6 0 0 4 0 0 0 0 0 0 9 10 0 0 0 0 0 0 0 0 0 0 10 16 17 20 -999
P10231 2007 12 0 9 0 0 22 26 0 10 0 0 0 0 4 0 0 0 12 15 15 0 0 0 0 5 0 0 0 0 0 0 4
P10231 2008 1 0 8 19 16 0 0 0 0 17 0 12 0 0 12 18 13 0 0 6 0 0 0 0 0 0 0 14 12 0 13 15
P10231 2008 2 23 14 11 0 8 0 12 0 0 24 21 17 0 0 0 10 10 0 33 0 9 0 0 0 0 21 24 29 -999 -999 -999
P10231 2008 3 43 17 8 0 0 0 0 0 7 9 0 10 12 0 9 7 6 5 0 0 0 0 0 5 0 6 0 0 0 0 6
P10231 2008 4 0 0 0 19 29 0 0 0 0 0 0 0 19 19 24 0 19 21 19 0 0 0 0 0 0 0 0 9 20 28 -999
P10231 2008 5 21 17 0 0 18 31 24 13 10 20 28 0 15 22 0 23 18 11 0 30 29 21 19 0 16 0 0 13 0 16 0
P10231 2008 6 0 13 0 0 0 0 0 0 17 0 0 0 18 23 14 0 0 23 0 18 0 20 0 0 0 23 26 0 0 0 -999
P10231 2008 7 13 0 0 18 21 0 0 32 0 0 0 26 27 0 0 24 0 0 0 17 0 0 19 0 0 0 0 0 0 0 0
P10231 2008 8 0 0 0 21 0 0 28 0 23 0 19 0 0 0 0 0 0 0 0 11 0 23 0 0 0 0 0 12 14 0 0
P10231 2008 9 0 0 0 0 0 0 17 0 19 0 0 21 0 0 12 0 0 16 0 0 0 15 0 0 0 0 0 0 19 0 -999
P10231 2008 10 0 0 11 0 14 0 0 0 0 0 21 0 18 0 0 14 0 0 15 0 0 15 0 19 0 12 0 11 0 13 11
P10231 2008 11 0 0 21 23 0 0 0 0 13 0 13 0 0 0 0 0 0 0 0 0 3 0 0 0 0 0 4 4 0 5 -999
P10231 2008 12 0 0 0 0 5 0 14 0 0 7 16 0 0 0 0 0 0 0 0 0 0 0 0 0 4 0 0 6 0 0 0
P10231 2009 1 0 0 0 0 0 0 7 6 0 0 10 0 16 0 0 0 3 0 0 0 0 0 0 0 0 5 0 0 0 0 4
P10231 2009 2 0 9 0 9 14 0 0 3 4 0 6 4 6 4 2 0 0 0 0 0 0 0 5 0 0 8 6 11 -999 -999 -999
P10231 2009 3 24 36 25 15 8 0 0 0 27 0 16 13 0 13 0 15 8 0 5 0 0 0 0 0 12 0 17 0 17 20 14
P10231 2009 4 0 0 45 18 19 32 29 10 9 0 8 21 26 17 15 24 0 0 10 15 30 26 15 12 0 0 0 13 0 0 -999
P10231 2009 5 36 23 12 15 0 26 0 0 0 0 27 12 0 0 0 0 0 14 22 27 42 37 30 25 0 0 14 18 0 0 19
P10231 2009 6 0 0 0 20 29 0 23 0 0 17 14 0 0 20 0 0 0 0 0 9 0 0 0 19 20 0 0 0 0 0 -999
P10231 2009 7 28 27 0 0 31 0 0 26 33 38 0 0 0 0 0 0 0 0 22 23 0 24 0 0 27 0 0 0 17 22 0
P10231 2009 8 0 0 0 0 0 0 26 0 0 0 0 0 0 0 0 8 0 0 0 0 0 0 0 31 0 17 0 15 0 0 0
P10231 2009 9 29 18 0 5 0 0 0 0 0 0 0 0 0 0 0 21 0 0 0 0 0 31 0 0 0 0 12 0 0 0 -999
P10231 2009 10 0 18 19 0 11 0 8 0 0 13 18 17 0 0 13 0 0 25 25 0 0 8 0 8 0 0 7 0 0 9 10
P10231 2009 11 0 0 0 0 0 0 0 0 0 0 0 0 4 0 0 0 0 0 0 0 0 0 0 0 0 21 0 0 0 0 -999
P10231 2009 12 0 0 0 0 0 15 34 20 13 0 0 0 2 3 0 7 0 10 0 15 0 0 0 0 0 15 16 12 0 0 6
P10231 2010 1 0 0 0 0 16 16 0 0 0 12 0 0 0 0 0 11 0 0 0 0 0 0 0 0 0 0 0 0 0 0 11
P10231 2010 2 0 6 0 0 6 16 0 14 0 8 0 0 5 6 0 7 0 0 0 0 3 0 6 14 0 3 6 0 -999 -999 -999
P10231 2010 3 0 0 0 0 10 15 26 27 0 0 20 0 5 7 6 6 0 8 0 40 0 0 0 0 6 0 0 0 0 0 0
P10231 2010 4 10 0 15 18 0 0 17 27 23 21 27 30 29 26 28 34 26 20 0 14 23 0 0 0 0 21 9 0 23 27 -999
P10231 2010 5 17 0 18 0 26 20 15 0 13 16 26 0 0 20 24 24 24 0 11 0 0 0 18 15 0 0 25 0 0 0 0
P10231 2010 6 23 0 0 0 0 0 0 13 0 0 19 0 0 24 0 0 16 0 14 0 0 0 0 0 0 24 0 0 0 0 -999
P10231 2010 7 20 23 0 0 24 0 0 0 0 0 27 0 0 0 0 22 0 17 0 0 0 0 0 0 0 0 0 19 20 23 0
P10231 2010 8 0 0 0 26 0 0 23 0 0 32 0 26 22 20 0 0 0 0 0 0 0 0 0 0 0 0 0 0 0 0 0
P10231 2010 9 16 0 0 0 12 8 0 19 0 36 24 22 33 23 13 0 12 14 0 15 0 0 0 0 18 0 0 0 8 0 -999
P10231 2010 10 0 0 7 0 0 0 14 0 0 0 17 0 0 17 0 11 0 8 0 13 0 25 0 0 0 0 0 0 0 0 0
P10231 2010 11 0 0 8 8 0 0 0 0 0 0 0 0 0 0 0 0 0 0 0 5 0 3 0 0 0 0 4 0 0 0 -999
P10231 2010 12 9 7 0 0 0 9 0 6 0 6 0 0 9 25 0 0 0 5 0 0 0 0 0 0 0 5 0 3 0 0 0
P10231 2011 1 0 0 5 5 0 0 0 0 5 5 0 0 5 0 5 6 0 0 0 0 0 0 18 15 4 0 0 0 0 2 0
P10231 2011 2 0 0 0 0 0 8 0 0 0 0 0 0 0 0 0 0 0 4 5 0 9 15 0 0 0 0 0 24 -999 -999 -999
P10231 2011 3 24 17 17 16 0 0 0 0 0 8 12 0 17 0 21 0 55 16 0 0 0 0 15 22 0 0 0 28 18 0 0
P10231 2011 4 0 0 0 0 14 12 0 14 0 22 0 20 25 0 11 0 29 30 26 24 0 15 0 0 0 0 0 0 0 11 -999
P10231 2011 5 10 13 0 0 11 0 0 0 28 0 0 0 0 0 0 0 0 0 14 22 0 0 0 13 20 26 0 27 30 0 0
P10231 2011 6 12 0 0 9 0 12 0 16 0 29 32 0 0 35 0 0 0 0 12 0 20 27 0 0 0 24 30 23 18 0 -999
P10231 2011 7 0 10 0 19 0 0 0 13 0 0 12 0 0 0 0 0 0 0 0 22 36 0 0 0 0 0 13 0 0 33 0
P10231 2011 8 0 0 0 0 0 0 0 0 0 0 0 0 0 0 0 0 17 0 22 24 0 0 0 17 0 0 9 15 0 0 35
P10231 2011 9 0 14 0 0 0 0 0 0 0 33 17 0 0 0 8 0 0 0 0 0 0 0 14 0 0 0 0 9 0 0 -999
P10231 2011 10 19 18 0 0 0 0 12 0 0 0 0 15 0 0 0 0 9 0 0 0 12 0 0 0 0 8 0 0 21 28 36
P10231 2011 11 0 0 8 7 16 0 52 36 16 0 0 10 25 0 0 9 0 16 0 0 0 23 26 28 25 7 0 6 8 0 -999
P10231 2011 12 0 0 0 29 0 0 0 0 0 0 0 0 0 3 0 0 10 0 13 0 19 0 12 0 0 15 6 0 0 0 0
P10231 2012 1 0 0 5 0 0 0 0 0 0 0 0 0 0 0 0 0 0 0 0 9 10 8 4 4 7 0 0 5 3 0 6
P10231 2012 2 0 0 24 19 0 2 2 0 0 0 0 0 0 0 0 5 5 0 10 11 20 0 4 0 9 15 0 0 -999 -999 -999
P10231 2012 3 12 22 33 39 22 0 0 4 0 0 0 0 7 0 6 14 0 22 19 0 0 20 0 15 0 0 6 0 0 0 0
P10231 2012 4 0 0 0 6 0 0 15 12 0 10 0 13 23 33 20 0 0 20 0 0 0 14 0 20 23 0 0 23 0 17 -999
P10231 2012 5 0 28 0 22 0 0 30 32 23 20 18 23 0 23 17 16 12 0 0 0 0 0 18 16 0 23 15 15 0 9 0
P10231 2012 6 0 11 0 0 0 0 0 24 32 0 0 25 0 0 0 0 0 15 17 23 25 21 14 0 0 15 0 25 32 24 -999
P10231 2012 7 0 0 0 17 27 0 0 0 0 0 0 0 29 20 0 0 0 0 24 24 0 21 24 28 30 0 0 0 0 0 0
P10231 2012 8 0 0 0 0 0 26 0 23 0 0 0 19 15 0 0 0 0 0 18 0 0 17 17 0 0 0 0 0 0 0 0
P10231 2012 9 0 0 18 0 0 0 26 16 0 0 0 0 21 17 0 0 0 0 15 17 0 11 10 0 0 20 0 0 0 0 -999
P10231 2012 10 16 0 0 9 0 0 0 13 0 0 30 0 7 0 0 0 0 0 0 0 0 0 23 0 0 15 16 0 7 0 9
P10231 2012 11 6 0 24 0 0 0 0 0 0 0 16 0 0 0 0 0 0 0 19 19 0 0 5 0 6 5 9 0 0 19 -999
P10231 2012 12 0 0 13 0 0 25 0 12 0 0 0 6 0 24 16 21 0 0 0 0 0 6 0 3 0 0 0 0 0 0 24
P10231 2013 1 20 10 8 9 0 0 3 0 0 0 0 0 0 0 0 0 0 0 0 0 0 0 0 0 0 0 0 3 0 0 0
P10231 2013 2 2 0 0 0 0 0 0 0 0 6 0 0 0 0 18 9 7 0 0 14 0 0 0 17 18 0 4 0 -999 -999 -999
P10231 2013 3 0 5 0 0 7 0 0 31 26 19 0 23 23 15 8 14 17 0 12 12 0 26 26 0 0 0 0 0 0 35 35
P10231 2013 4 40 34 14 12 16 11 13 0 4 5 0 0 15 0 17 19 0 11 0 0 17 0 14 17 36 25 9 0 9 9 -999
P10231 2013 5 0 16 15 0 0 10 0 29 26 23 21 0 0 0 23 34 0 0 17 0 11 4 8 0 15 0 6 0 19 0 24
P10231 2013 6 0 0 22 0 0 24 0 29 39 0 21 22 26 27 18 0 16 0 0 11 13 0 20 21 0 40 53 0 25 0 -999
P10231 2013 7 21 0 19 0 16 24 34 34 0 26 26 26 0 21 0 22 0 0 0 0 26 29 0 0 0 0 28 0 0 0 0
P10231 2013 8 0 0 0 0 0 35 0 0 0 23 0 0 0 0 0 32 0 0 0 0 12 0 0 0 0 0 0 17 0 25 28
P10231 2013 9 17 20 0 13 0 0 0 0 0 0 0 22 0 0 0 0 0 17 0 0 0 0 0 0 0 0 0 0 0 0 -999
P10231 2013 10 9 0 0 0 0 0 0 0 0 15 0 0 0 17 15 15 19 25 0 0 0 0 0 9 0 0 0 0 8 7 0
P10231 2013 11 0 0 0 0 6 6 0 0 0 6 16 0 0 6 5 0 0 32 51 43 13 0 0 0 25 13 19 22 0 0 -999
P10231 2013 12 6 0 0 11 0 6 8 8 7 6 7 9 0 0 0 0 5 0 0 0 0 6 0 10 8 8 0 0 13 17 0
P10231 2014 1 11 0 0 0 7 0 7 0 10 0 4 0 3 0 0 0 0 0 0 4 0 4 0 6 9 0 0 0 57 37 0
P10231 2014 2 15 14 0 0 0 0 0 0 0 0 6 3 0 0 0 0 0 0 12 0 8 6 0 0 0 0 0 19 -999 -999 -999