precip	MIROC5	RCP60	REGRESION	decimas	1
P13577	41.750	-6.268	182	geo	2006	2100	-1
P13577 2006 1 0 10 0 0 0 29 15 0 13 11 35 133 202 34 112 113 92 69 36 14 6 21 0 0 0 0 24 0 45 42 0
P13577 2006 2 0 102 46 40 0 0 12 0 0 0 8 25 0 0 0 21 20 11 35 20 0 9 0 0 0 0 6 15 -999 -999 -999
P13577 2006 3 45 73 120 135 102 134 111 102 61 56 57 35 34 33 0 92 0 140 102 64 64 62 56 43 52 57 49 69 0 59 41
P13577 2006 4 33 60 43 43 28 12 0 16 3 0 0 7 0 0 0 0 15 0 0 0 0 0 0 20 30 0 48 30 0 23 -999
P13577 2006 5 23 29 31 46 36 54 0 16 0 0 8 20 31 31 26 20 0 14 0 19 0 0 12 0 0 0 0 0 23 0 0
P13577 2006 6 0 0 0 0 0 0 0 0 0 0 0 20 0 0 0 0 0 0 0 12 0 0 0 0 0 16 0 16 17 0 -999
P13577 2006 7 15 0 0 0 12 17 0 0 0 0 0 12 26 42 0 0 0 0 12 0 0 0 0 0 0 0 11 9 0 0 0
P13577 2006 8 12 0 0 0 0 0 0 7 11 0 0 0 0 18 0 0 0 0 0 0 0 0 11 0 17 13 9 11 14 0 0
P13577 2006 9 0 0 0 0 0 0 0 0 0 0 0 11 0 14 12 24 0 0 9 0 12 0 0 0 0 7 0 13 0 7 -999
P13577 2006 10 2 0 0 0 0 0 0 0 0 0 0 0 24 27 0 17 0 10 0 0 26 18 0 16 32 29 14 0 15 19 21
P13577 2006 11 26 11 0 0 0 0 53 28 0 9 0 0 2 0 0 0 6 0 0 17 0 0 0 28 0 11 0 8 3 0 -999
P13577 2006 12 0 0 0 0 3 0 20 82 0 0 30 31 30 35 102 80 0 0 0 0 0 75 121 61 72 62 45 0 71 48 25
P13577 2007 1 26 37 17 0 4 0 0 0 0 0 0 0 0 0 5 0 0 0 0 0 0 0 0 0 0 12 10 0 14 21 0
P13577 2007 2 0 0 16 12 0 9 29 95 176 84 31 0 12 0 0 0 21 34 0 30 0 0 39 42 72 62 64 0 -999 -999 -999
P13577 2007 3 0 0 30 0 72 26 0 0 15 0 22 29 50 95 35 25 44 23 22 56 35 0 0 0 0 0 0 5 5 1 0
P13577 2007 4 0 1 0 0 0 17 3 3 0 0 19 0 55 15 15 26 38 57 69 43 20 0 38 27 0 10 4 0 0 0 -999
P13577 2007 5 0 0 13 0 57 19 0 0 22 26 0 0 20 24 26 24 18 0 31 0 0 0 0 0 0 0 0 0 0 0 0
P13577 2007 6 0 12 15 15 17 16 0 0 0 0 9 0 22 0 8 0 0 0 0 0 0 0 20 0 0 0 17 0 20 0 -999
P13577 2007 7 17 18 0 0 0 0 12 0 0 0 35 38 16 0 12 23 21 0 18 0 0 0 0 0 0 0 0 0 0 0 9
P13577 2007 8 0 0 0 13 0 18 0 0 0 0 0 0 0 0 0 0 0 0 0 0 0 0 0 0 0 0 18 0 0 0 0
P13577 2007 9 0 0 0 0 6 0 3 0 0 0 11 15 0 0 24 0 0 0 0 7 0 0 0 19 19 0 12 13 0 0 -999
P13577 2007 10 0 0 0 0 8 0 0 0 0 0 14 30 46 0 24 34 0 83 20 0 0 55 79 50 18 0 42 0 15 6 9
P13577 2007 11 4 7 0 0 0 0 0 0 31 0 73 56 36 46 0 0 0 1 0 0 0 0 0 5 0 0 15 0 0 0 -999
P13577 2007 12 0 0 0 0 0 0 0 0 0 0 0 0 0 0 10 19 0 26 0 0 0 0 0 0 28 17 19 8 0 0 0
P13577 2008 1 0 20 31 36 13 5 3 0 5 6 6 0 14 0 0 0 15 0 0 0 68 66 22 23 0 97 80 44 51 70 101
P13577 2008 2 143 69 122 76 56 75 49 83 44 50 66 16 19 0 64 44 0 73 40 0 0 0 0 0 0 27 41 18 -999 -999 -999
P13577 2008 3 0 0 0 0 0 5 0 0 0 8 0 21 0 13 0 0 0 0 0 0 0 19 0 0 0 0 0 0 0 0 0
P13577 2008 4 0 0 15 18 18 0 0 0 0 0 0 0 21 0 55 52 25 0 10 0 0 0 0 0 4 0 0 0 0 21 -999
P13577 2008 5 0 0 0 0 0 0 8 6 0 31 61 30 29 36 0 15 0 11 0 33 0 36 50 13 10 12 10 0 0 13 0
P13577 2008 6 0 0 0 0 0 19 0 15 27 0 0 0 18 42 10 0 14 0 8 0 0 0 0 0 0 0 0 0 0 6 -999
P13577 2008 7 0 0 0 0 0 0 0 24 0 0 0 0 0 0 0 17 0 0 0 0 0 0 0 0 0 0 0 0 0 0 0
P13577 2008 8 0 0 0 0 0 0 0 0 0 0 15 0 0 0 7 0 0 0 5 0 0 0 3 0 10 0 0 0 0 0 0
P13577 2008 9 11 0 0 0 0 0 0 12 0 0 0 0 18 43 16 0 0 10 0 0 0 0 0 0 32 0 0 31 41 34 -999
P13577 2008 10 0 0 0 12 0 0 0 11 0 0 42 46 42 0 3 0 0 0 0 0 23 24 0 24 29 50 44 27 19 0 31
P13577 2008 11 13 7 26 0 3 0 4 0 0 10 16 5 0 0 0 0 33 45 0 11 0 0 8 0 0 0 0 0 0 0 -999
P13577 2008 12 0 0 0 0 2 0 0 4 9 22 0 7 9 0 0 0 9 9 0 7 0 13 14 0 47 33 25 0 9 0 0
P13577 2009 1 0 0 0 0 0 5 3 0 0 3 0 8 0 12 12 6 0 0 0 0 0 0 0 0 0 0 0 0 0 0 0
P13577 2009 2 0 0 8 0 0 0 2 0 0 0 2 0 5 0 0 0 0 1 0 3 0 0 0 0 0 2 0 13 -999 -999 -999
P13577 2009 3 45 0 44 23 17 11 17 47 0 0 0 0 7 0 0 36 80 75 0 32 0 0 42 0 39 60 57 78 84 61 24
P13577 2009 4 19 19 0 18 28 0 10 11 0 0 0 0 20 19 10 0 0 0 16 15 0 0 0 0 6 0 0 21 29 0 -999
P13577 2009 5 28 32 21 27 23 0 18 16 20 0 0 7 5 0 4 0 6 0 0 0 0 0 0 0 0 0 0 0 0 0 9
P13577 2009 6 0 0 0 0 14 0 0 0 15 0 0 4 0 0 18 13 8 0 0 7 0 0 10 0 0 0 0 0 0 0 -999
P13577 2009 7 0 0 0 0 0 0 0 0 0 0 0 0 0 0 0 0 0 0 0 0 17 0 0 0 0 0 0 0 0 0 0
P13577 2009 8 23 0 0 7 0 10 0 0 0 0 0 0 0 0 0 0 0 0 0 0 0 0 0 0 0 0 0 0 0 0 0
P13577 2009 9 28 0 0 0 0 0 9 17 28 30 27 16 10 2 1 0 0 0 0 0 0 23 21 15 6 0 0 0 9 0 -999
P13577 2009 10 0 0 3 0 0 0 0 0 9 0 0 0 17 0 0 21 23 18 0 0 15 10 37 51 0 0 0 0 0 0 0
P13577 2009 11 0 0 0 6 0 0 0 13 0 0 0 10 11 0 19 16 11 11 0 37 0 0 45 17 0 0 15 0 0 35 -999
P13577 2009 12 25 47 43 31 82 53 53 27 27 51 0 19 22 0 15 15 29 64 44 0 0 0 33 36 0 74 63 52 0 24 31
P13577 2010 1 29 27 58 103 0 0 0 0 21 13 10 0 20 9 21 18 0 13 0 32 0 0 0 0 0 0 0 0 0 20 16
P13577 2010 2 0 0 0 0 14 0 6 4 3 0 0 0 0 0 0 0 0 0 0 2 0 3 4 6 0 5 0 9 -999 -999 -999
P13577 2010 3 0 0 0 0 0 14 12 20 58 46 25 13 9 0 0 0 12 29 57 0 0 4 0 0 0 0 0 0 0 0 0
P13577 2010 4 16 20 28 0 0 0 0 47 44 35 0 17 12 25 57 0 0 0 0 23 15 0 0 0 14 0 0 12 0 15 -999
P13577 2010 5 8 8 22 26 0 12 8 4 0 0 0 15 0 0 0 21 18 28 9 3 0 0 8 7 0 0 28 0 19 0 0
P13577 2010 6 9 20 20 13 12 0 0 7 0 0 0 17 0 0 20 25 0 0 0 0 0 0 0 0 0 0 0 0 0 0 -999
P13577 2010 7 24 24 4 0 0 0 0 0 0 0 10 0 0 0 0 0 0 0 0 0 0 12 0 0 0 0 0 0 0 0 0
P13577 2010 8 23 0 0 0 0 0 10 0 0 0 0 0 9 10 0 0 0 0 0 0 0 0 11 0 0 0 0 0 0 0 0
P13577 2010 9 0 0 0 18 8 0 0 0 0 10 13 0 0 8 7 0 0 0 0 0 0 0 0 20 28 0 0 0 0 0 -999
P13577 2010 10 0 0 0 0 0 0 0 0 0 0 67 41 65 42 24 0 12 15 23 11 0 24 0 7 0 0 9 13 19 9 13
P13577 2010 11 7 0 15 0 0 7 0 0 0 0 0 0 2 0 0 0 15 0 9 0 0 0 4 0 12 0 0 0 0 0 -999
P13577 2010 12 0 3 0 0 0 0 12 0 0 0 0 26 48 24 0 0 0 10 6 0 0 0 0 0 0 0 0 12 0 0 0
P13577 2011 1 0 0 0 25 23 4 0 5 0 0 0 0 0 17 29 0 3 0 0 0 6 0 37 20 25 0 12 3 0 3 13
P13577 2011 2 19 0 10 47 0 65 49 22 8 0 13 22 13 0 18 0 7 0 0 17 21 43 22 10 12 0 17 38 -999 -999 -999
P13577 2011 3 31 0 17 0 0 11 0 0 0 0 0 29 0 22 38 0 36 29 18 25 0 49 87 186 42 24 49 97 10 0 0
P13577 2011 4 0 0 26 0 0 0 0 0 0 17 18 0 0 0 0 0 0 25 20 0 0 15 0 0 0 0 0 0 0 0 -999
P13577 2011 5 0 17 8 5 3 0 7 0 21 32 13 0 0 15 20 0 0 0 0 0 39 15 12 0 0 16 16 0 0 0 0
P13577 2011 6 13 0 11 0 0 0 12 0 0 0 0 0 0 0 0 0 0 0 0 5 0 0 0 0 14 0 17 13 13 0 -999
P13577 2011 7 11 0 0 0 0 0 0 4 0 0 0 0 0 0 11 0 0 0 0 15 0 20 0 0 0 0 0 0 0 0 0
P13577 2011 8 0 0 0 0 0 0 0 0 0 14 0 16 0 0 0 0 0 0 12 0 0 0 0 0 0 0 0 0 13 0 0
P13577 2011 9 0 0 0 0 0 0 0 0 27 27 0 0 0 0 0 0 0 0 0 0 0 0 0 0 0 9 0 0 0 0 -999
P13577 2011 10 0 0 0 0 0 0 8 0 9 12 0 0 19 26 0 16 0 16 0 0 15 0 23 0 0 11 13 11 12 21 0
P13577 2011 11 0 4 9 22 55 72 33 0 0 0 0 6 0 0 8 18 55 0 0 0 16 36 24 13 0 0 0 0 0 0 -999
P13577 2011 12 10 36 28 0 0 9 0 0 0 0 0 19 11 0 17 75 69 64 65 68 62 32 0 0 44 33 35 28 40 33 83
P13577 2012 1 45 0 5 4 0 0 0 0 0 0 0 0 0 0 0 0 1 1 0 4 0 0 0 0 0 0 9 19 22 0 0
P13577 2012 2 0 0 0 14 0 11 10 0 0 0 0 0 4 0 0 0 0 18 41 26 13 0 9 0 0 0 3 10 -999 -999 -999
P13577 2012 3 37 0 0 0 0 0 0 0 0 0 0 0 19 12 17 32 23 0 0 54 58 23 0 41 0 0 0 0 0 0 0
P13577 2012 4 9 0 0 0 0 0 22 22 0 3 4 6 0 69 49 30 19 0 7 8 0 0 0 45 37 0 39 0 35 29 -999
P13577 2012 5 19 0 18 0 0 0 11 12 17 21 0 0 25 42 33 23 23 21 0 0 11 12 0 0 0 20 0 6 0 0 0
P13577 2012 6 0 0 0 0 0 0 0 0 0 0 0 14 0 16 23 0 0 3 0 0 12 0 0 6 0 0 0 0 0 8 -999
P13577 2012 7 10 0 0 0 0 0 0 0 0 0 0 22 15 0 0 0 0 14 3 4 9 0 0 0 23 21 15 0 0 0 0
P13577 2012 8 0 0 0 0 11 0 0 0 0 0 12 0 0 0 0 0 10 0 0 8 0 0 0 0 0 0 0 0 0 8 0
P13577 2012 9 0 0 0 0 0 0 0 0 0 0 0 0 0 0 0 13 0 0 7 0 0 0 0 0 0 0 0 12 0 0 -999
P13577 2012 10 0 0 0 0 0 0 0 0 0 40 70 21 0 14 36 38 43 35 41 17 0 25 17 0 14 0 44 22 32 55 19
P13577 2012 11 54 48 43 18 22 26 9 17 0 46 31 0 0 5 6 0 14 55 74 67 32 0 0 0 0 14 0 37 47 16 -999
P13577 2012 12 0 0 0 0 0 89 83 76 0 37 30 0 33 55 45 51 30 0 0 0 33 27 16 36 16 9 5 7 17 0 44
P13577 2013 1 0 19 0 48 21 10 34 17 0 0 11 0 0 0 0 0 0 0 2 1 0 0 0 0 0 3 0 18 28 32 8
P13577 2013 2 0 0 0 5 0 8 8 10 16 0 0 0 45 97 27 12 23 88 95 73 55 75 59 66 0 12 7 0 -999 -999 -999
P13577 2013 3 23 0 24 28 0 8 25 43 0 72 131 121 79 32 47 62 40 44 52 33 0 65 54 44 42 17 22 0 47 56 65
P13577 2013 4 39 0 0 20 0 27 24 10 6 0 0 0 0 16 16 0 0 0 17 19 42 22 18 45 0 0 0 0 0 9 -999
P13577 2013 5 0 7 0 0 0 7 0 27 0 38 35 14 8 14 31 36 29 26 20 14 8 1 0 11 0 0 0 0 0 0 0
P13577 2013 6 0 0 25 0 14 0 19 0 49 52 45 35 0 0 0 0 13 16 0 14 0 0 0 0 0 24 42 51 43 22 -999
P13577 2013 7 0 0 0 10 22 28 23 0 0 8 0 0 0 0 0 0 19 0 0 0 0 0 0 0 0 0 0 0 0 0 25
P13577 2013 8 0 0 0 0 17 17 19 28 27 24 0 0 0 10 0 0 0 0 0 6 0 0 0 0 0 0 0 16 0 0 44
P13577 2013 9 35 17 0 0 0 0 0 0 16 0 22 0 0 0 0 0 0 0 0 0 0 0 0 0 0 0 0 0 0 0 -999
P13577 2013 10 0 0 0 0 0 3 0 0 0 33 0 12 0 0 0 15 0 0 0 0 9 0 0 1 2 0 0 0 0 0 3
P13577 2013 11 0 0 0 0 3 0 0 0 0 8 0 6 4 4 0 0 26 143 173 52 70 147 131 48 0 131 32 25 0 15 -999
P13577 2013 12 17 52 40 22 0 0 0 22 17 0 19 0 0 0 20 0 9 0 6 13 17 39 35 64 48 62 0 21 74 44 25
P13577 2014 1 32 0 0 28 38 41 24 44 0 0 27 23 26 41 33 0 0 0 0 0 0 0 0 0 23 37 72 83 99 60 0
P13577 2014 2 42 44 35 46 42 82 67 65 46 38 13 25 0 10 0 0 9 0 14 0 0 0 20 0 0 0 0 22 -999 -999 -999