precip	MIROC5	RCP60	REGRESION	decimas	1
P14801	42.089	-4.384	182	geo	2006	2100	-1
P14801 2006 1 0 0 0 6 0 0 6 10 0 0 0 54 123 31 39 69 49 51 23 12 5 7 17 9 8 0 12 13 22 24 0
P14801 2006 2 0 39 29 19 0 0 0 0 0 2 0 0 18 0 0 17 16 0 22 21 13 0 8 0 0 0 5 9 -999 -999 -999
P14801 2006 3 25 42 56 75 67 68 68 60 40 29 38 28 24 0 22 41 71 70 61 35 39 29 28 24 25 29 29 36 43 34 0
P14801 2006 4 24 33 25 27 0 0 0 14 4 1 0 0 0 0 9 0 0 0 0 4 0 0 0 13 20 27 0 32 19 19 -999
P14801 2006 5 0 22 18 27 0 35 0 0 0 0 0 14 21 21 16 12 0 0 17 18 0 4 8 0 0 5 10 0 0 15 11
P14801 2006 6 0 9 0 0 0 0 0 0 0 0 11 0 0 0 0 0 0 13 0 0 0 0 0 0 0 18 0 0 0 0 -999
P14801 2006 7 18 0 0 0 0 16 19 0 0 0 0 0 0 0 0 0 0 0 0 0 0 13 0 0 0 0 0 8 11 0 19
P14801 2006 8 0 0 0 0 0 0 0 9 0 0 12 0 0 20 0 0 8 0 0 0 0 10 10 0 17 0 0 0 13 22 15
P14801 2006 9 0 14 18 0 18 0 0 0 18 14 0 0 0 11 0 0 0 18 0 0 0 0 0 0 0 0 7 12 13 0 -999
P14801 2006 10 4 0 0 0 0 9 0 0 13 0 11 0 19 0 0 0 0 8 0 0 18 13 0 0 0 19 11 20 0 13 14
P14801 2006 11 0 0 5 0 9 0 28 24 0 0 0 0 0 0 0 0 5 0 0 11 0 14 16 23 12 8 5 0 0 0 -999
P14801 2006 12 0 0 0 0 0 5 12 32 37 18 17 0 19 19 41 56 0 4 3 0 15 36 68 34 37 34 0 21 26 21 13
P14801 2007 1 13 16 0 0 0 0 0 0 0 0 0 0 0 0 0 0 0 2 0 6 3 0 0 0 0 0 9 17 17 15 0
P14801 2007 2 7 12 20 0 9 8 17 52 105 66 24 15 10 10 10 5 0 21 15 16 18 0 30 25 29 26 25 20 -999 -999 -999
P14801 2007 3 13 17 18 0 35 0 0 0 0 6 0 27 32 58 30 15 0 15 11 26 0 0 0 0 0 5 0 0 3 2 0
P14801 2007 4 0 0 3 0 0 17 4 3 3 0 0 25 40 0 9 15 23 0 35 0 18 15 0 21 0 0 0 0 0 0 -999
P14801 2007 5 0 0 11 20 40 0 12 0 19 0 0 0 0 19 18 16 12 19 21 11 0 0 0 0 0 0 0 0 5 8 12
P14801 2007 6 0 13 0 0 0 16 0 0 0 0 0 13 0 14 0 0 7 0 0 9 0 0 0 0 0 0 0 0 0 0 -999
P14801 2007 7 0 0 0 0 0 0 0 0 0 0 0 24 0 0 0 23 0 0 0 0 18 0 0 0 0 0 0 0 0 0 10
P14801 2007 8 0 0 0 0 0 0 0 0 0 0 0 0 0 0 0 0 14 0 0 21 18 0 0 0 0 16 0 0 0 0 0
P14801 2007 9 0 2 0 0 0 0 0 0 11 0 0 16 11 0 0 0 0 0 6 0 8 0 0 15 0 0 0 0 10 0 -999
P14801 2007 10 0 0 12 0 0 0 0 0 16 0 19 19 32 34 0 14 0 0 13 8 0 35 41 37 0 0 0 0 11 0 11
P14801 2007 11 8 6 0 0 8 0 7 0 16 19 32 0 17 26 8 3 0 0 2 0 0 0 0 7 0 0 7 0 0 9 -999
P14801 2007 12 0 0 0 8 0 0 0 0 0 0 5 3 0 0 0 11 17 0 10 0 0 0 7 0 12 9 12 9 0 0 7
P14801 2008 1 11 18 24 26 10 0 0 1 3 4 0 0 0 0 11 12 0 5 15 20 43 44 17 11 21 48 47 29 25 36 51
P14801 2008 2 0 39 55 35 28 0 28 45 22 25 37 14 0 10 29 31 14 33 19 13 0 0 6 0 0 18 17 12 -999 -999 -999
P14801 2008 3 10 0 0 0 0 0 4 0 0 0 9 0 0 0 0 0 0 3 0 5 0 0 0 0 0 0 5 0 0 2 0
P14801 2008 4 0 3 0 14 0 0 3 0 0 0 0 8 16 0 31 30 0 16 0 0 0 0 0 5 4 2 3 0 0 16 -999
P14801 2008 5 0 0 0 0 0 9 8 0 12 21 35 0 0 22 0 0 0 7 0 28 21 21 31 12 0 0 0 0 8 0 0
P14801 2008 6 0 0 8 0 13 20 0 12 21 0 0 0 13 0 0 0 0 0 0 0 0 0 0 0 0 0 18 21 0 8 -999
P14801 2008 7 0 5 0 0 0 0 23 0 0 0 0 0 0 29 0 0 17 0 9 12 14 10 0 0 0 0 0 0 0 0 0
P14801 2008 8 0 0 0 0 0 11 0 0 0 0 0 10 0 0 0 0 0 0 0 0 15 0 0 0 8 13 0 0 0 0 0
P14801 2008 9 0 12 0 0 0 8 0 0 0 0 0 0 13 24 0 10 0 0 0 0 0 13 0 0 20 15 0 0 0 0 -999
P14801 2008 10 27 18 0 0 0 0 15 15 9 0 29 34 26 12 0 5 6 0 14 16 16 16 0 0 15 32 35 22 0 0 15
P14801 2008 11 13 0 24 0 0 2 3 0 8 9 0 0 0 0 3 0 13 0 0 0 0 6 7 3 0 0 0 2 2 3 -999
P14801 2008 12 0 0 1 0 1 2 0 0 7 19 0 0 12 12 0 3 6 6 5 3 0 0 0 9 20 22 17 12 0 0 0
P14801 2009 1 0 0 0 0 0 7 3 0 0 0 3 9 8 9 0 4 1 0 0 0 0 3 0 0 0 0 1 0 0 2 0
P14801 2009 2 0 6 0 7 0 0 3 2 0 0 3 2 5 3 2 1 0 0 0 0 0 0 2 0 0 0 4 18 -999 -999 -999
P14801 2009 3 32 35 29 14 11 9 12 29 18 7 5 0 0 13 0 26 47 40 0 0 0 0 25 22 0 40 31 49 45 38 0
P14801 2009 4 14 0 0 0 0 22 11 10 0 0 10 15 15 14 13 0 0 7 11 15 11 0 0 5 0 0 0 0 22 31 -999
P14801 2009 5 0 21 21 19 0 22 0 9 0 11 11 0 3 0 0 0 0 0 0 0 0 0 16 14 0 8 0 0 11 0 11
P14801 2009 6 0 0 0 0 0 0 14 0 12 10 0 4 0 0 0 17 0 0 0 0 0 0 0 0 0 13 0 0 0 17 -999
P14801 2009 7 0 0 0 0 0 0 0 0 0 0 18 0 19 12 10 0 0 0 14 0 0 0 0 0 0 0 0 10 0 0 29
P14801 2009 8 0 0 0 0 0 0 15 0 0 0 0 0 0 0 0 0 0 0 8 0 4 0 0 0 0 0 0 0 0 0 0
P14801 2009 9 26 19 0 0 0 0 0 0 21 27 0 15 10 0 0 0 0 10 0 0 14 0 0 0 0 0 8 0 0 0 -999
P14801 2009 10 0 0 4 0 0 0 0 5 0 0 11 12 11 11 11 14 0 0 0 9 0 8 16 0 0 6 0 0 0 0 0
P14801 2009 11 0 3 0 0 0 0 0 11 0 0 0 0 0 0 13 0 11 0 12 23 9 0 0 0 0 0 13 0 14 19 -999
P14801 2009 12 0 25 32 19 49 41 41 0 17 34 21 12 15 10 9 9 0 25 27 14 0 14 19 0 0 25 35 0 0 11 12
P14801 2010 1 0 12 22 49 38 10 6 5 10 9 0 7 0 5 9 13 12 7 8 13 0 0 0 0 0 0 0 0 0 0 9
P14801 2010 2 0 0 0 0 0 15 7 4 0 0 0 0 0 0 2 0 0 2 0 5 0 0 6 8 0 5 3 5 -999 -999 -999
P14801 2010 3 0 0 0 0 0 10 9 11 0 23 0 0 0 4 0 0 0 16 34 0 6 0 0 0 0 0 0 0 0 0 0
P14801 2010 4 11 0 0 0 0 0 0 0 27 23 16 0 13 17 30 0 0 0 5 13 14 0 0 15 0 6 7 0 20 16 -999
P14801 2010 5 10 0 14 18 0 0 5 0 0 0 0 0 0 0 0 19 0 0 9 0 0 0 0 0 0 0 24 14 0 0 0
P14801 2010 6 0 0 17 0 9 0 0 7 2 0 0 14 22 16 21 0 0 0 0 0 0 12 0 11 0 0 0 0 0 19 -999
P14801 2010 7 20 0 6 0 0 0 0 16 0 0 11 0 0 6 0 0 0 0 0 0 0 0 0 0 18 0 0 0 0 0 0
P14801 2010 8 0 0 0 0 0 0 0 0 0 0 0 0 0 0 20 0 0 0 8 0 0 0 13 0 0 0 0 0 5 0 17
P14801 2010 9 0 0 0 0 0 0 10 0 21 0 0 20 0 0 0 0 7 14 16 0 0 0 0 0 21 13 0 0 0 7 -999
P14801 2010 10 0 0 0 0 0 0 0 0 0 0 38 27 41 28 0 13 0 16 0 9 14 0 10 6 11 0 0 0 17 0 8
P14801 2010 11 0 0 0 7 0 5 0 0 6 0 0 0 3 0 0 0 0 9 8 0 6 3 0 4 6 6 0 0 0 0 -999
P14801 2010 12 0 0 5 9 9 10 9 5 6 6 4 0 24 19 0 0 0 0 8 0 1 0 0 0 0 0 0 7 2 0 0
P14801 2011 1 0 0 6 9 12 2 0 2 2 0 4 0 0 7 12 0 1 0 0 0 0 17 36 16 17 8 0 0 0 3 0
P14801 2011 2 0 7 0 21 0 28 21 0 0 0 7 15 12 9 16 9 0 6 0 10 12 0 0 6 6 6 10 20 -999 -999 -999
P14801 2011 3 20 0 10 7 0 0 0 4 7 0 14 19 0 14 22 37 29 21 0 19 0 0 47 97 35 14 25 52 10 6 0
P14801 2011 4 0 23 18 0 0 0 0 12 0 0 13 13 0 0 0 0 25 22 0 0 0 12 0 0 0 0 0 0 0 0 -999
P14801 2011 5 0 0 0 0 0 0 0 0 0 28 0 0 0 0 0 0 0 0 11 0 0 12 0 0 0 0 0 0 8 0 0
P14801 2011 6 10 11 9 0 0 0 0 0 0 0 0 0 13 0 0 0 0 0 0 0 0 0 12 11 0 15 0 0 11 0 -999
P14801 2011 7 9 0 0 14 0 0 0 0 0 0 0 0 0 0 0 0 7 11 0 15 26 18 0 0 0 0 0 0 0 0 0
P14801 2011 8 0 0 0 0 0 0 14 0 0 0 0 0 0 6 0 0 0 0 0 0 0 0 0 0 0 0 0 0 0 0 0
P14801 2011 9 0 6 0 0 0 0 0 0 0 30 0 0 0 0 0 0 0 0 0 0 0 0 0 0 0 0 0 0 0 0 -999
P14801 2011 10 0 0 8 6 5 0 6 0 0 0 0 0 0 0 15 0 0 11 0 0 0 15 0 14 11 8 9 0 12 17 15
P14801 2011 11 0 0 13 23 44 46 28 0 0 0 0 0 9 0 5 9 22 16 0 4 9 35 25 0 8 6 0 10 6 0 -999
P14801 2011 12 6 16 0 0 0 5 0 2 4 0 9 15 0 0 0 36 44 37 43 40 44 23 20 0 0 25 0 0 0 22 38
P14801 2012 1 34 13 0 2 3 0 0 0 0 0 0 0 0 0 0 0 3 2 2 0 3 0 0 1 0 0 4 7 0 11 3
P14801 2012 2 0 10 20 11 5 0 0 0 0 0 0 0 0 0 0 0 3 9 0 0 9 4 4 0 0 0 0 0 -999 -999 -999
P14801 2012 3 28 30 17 10 0 0 0 0 0 0 0 7 0 9 9 0 0 0 19 33 31 16 0 21 16 0 0 0 0 0 0
P14801 2012 4 0 0 0 0 0 16 21 0 0 0 0 7 14 48 0 0 17 0 0 0 0 0 8 0 37 24 25 25 26 0 -999
P14801 2012 5 0 0 0 0 0 0 0 0 16 18 0 0 0 27 23 0 16 0 0 7 9 12 0 8 21 18 0 0 0 0 0
P14801 2012 6 0 0 0 3 0 0 0 14 0 15 0 0 0 14 0 0 0 0 0 0 12 0 0 0 7 0 14 0 0 8 -999
P14801 2012 7 9 0 0 11 0 19 0 0 0 0 20 0 0 11 10 0 0 0 0 0 0 10 0 12 0 0 0 0 0 0 0
P14801 2012 8 0 8 0 0 0 11 0 0 14 0 0 0 0 0 0 0 0 0 0 9 0 0 9 8 0 10 0 8 0 0 8
P14801 2012 9 0 0 0 0 0 0 0 0 0 0 0 0 0 0 6 10 0 0 0 0 0 0 0 0 0 0 0 0 0 0 -999
P14801 2012 10 8 0 0 0 0 0 0 11 15 26 0 0 9 0 21 23 20 0 23 12 18 23 0 0 0 0 25 0 19 41 23
P14801 2012 11 35 42 34 18 13 0 0 0 10 32 28 0 0 0 0 0 0 28 44 32 18 0 0 0 7 0 11 0 25 0 -999
P14801 2012 12 0 0 9 0 13 41 40 38 11 14 13 8 16 42 0 32 24 14 10 11 13 0 8 0 13 9 0 0 11 0 0
P14801 2013 1 14 9 0 28 18 0 15 12 7 7 6 5 0 1 0 0 0 3 3 0 0 0 0 2 0 2 0 0 12 19 0
P14801 2013 2 0 0 0 3 3 0 0 0 0 3 0 0 0 57 25 0 12 36 55 41 34 43 35 48 0 0 0 3 -999 -999 -999
P14801 2013 3 9 0 9 0 0 0 10 24 21 36 70 58 46 19 0 26 24 21 24 19 15 35 34 18 0 0 0 27 30 0 48
P14801 2013 4 26 0 8 14 10 20 21 10 5 0 6 8 0 16 13 0 6 0 12 0 30 21 0 24 34 0 0 0 0 8 -999
P14801 2013 5 0 6 0 17 0 6 0 0 22 27 0 18 0 0 24 0 23 21 16 12 10 3 0 0 0 0 0 0 0 8 0
P14801 2013 6 14 0 0 0 13 13 0 30 28 38 31 0 21 0 10 0 10 11 12 0 0 0 0 0 22 0 0 0 28 0 -999
P14801 2013 7 12 10 0 0 0 0 19 0 0 0 0 0 0 0 0 26 19 0 9 0 0 0 0 0 0 0 0 17 16 0 27
P14801 2013 8 0 0 0 15 0 0 0 18 19 0 0 12 7 0 11 0 0 5 0 0 0 0 0 0 0 0 0 0 25 0 0
P14801 2013 9 27 0 0 0 0 0 0 0 0 0 0 0 0 5 8 8 0 0 0 0 0 0 9 0 0 0 5 0 0 0 -999
P14801 2013 10 0 8 13 0 0 0 0 0 13 0 0 0 8 9 0 12 18 0 9 0 0 0 0 0 3 0 0 6 0 0 0
P14801 2013 11 0 0 0 0 0 0 0 4 0 7 8 0 4 5 7 8 12 67 104 49 35 63 69 46 24 66 29 0 10 13 -999
P14801 2013 12 0 37 27 0 4 0 0 11 0 8 6 0 7 0 10 0 0 0 3 0 0 0 12 20 17 24 0 13 28 26 0
P14801 2014 1 0 8 0 12 20 17 11 18 10 0 13 14 20 18 18 12 2 0 0 0 0 0 0 0 15 17 28 35 52 37 21
P14801 2014 2 22 31 0 29 23 40 36 45 24 32 6 14 20 0 0 8 0 12 16 0 0 7 0 7 4 0 0 14 -999 -999 -999