precip	MIROC5	RCP60	REGRESION	decimas	1
P1283	37.348	-5.372	182	geo	2006	2100	-1
P1283 2006 1 0 0 7 0 5 0 9 0 0 0 0 134 170 42 51 140 116 108 91 13 0 0 0 0 0 20 12 0 0 37 0
P1283 2006 2 0 86 25 0 0 0 0 0 0 0 0 0 45 0 0 0 13 0 0 41 0 9 8 0 0 0 5 11 -999 -999 -999
P1283 2006 3 53 73 106 145 123 123 107 115 0 67 90 0 0 24 33 75 170 186 106 0 78 48 43 0 0 0 0 0 84 0 87
P1283 2006 4 22 44 57 48 0 0 0 78 0 0 0 0 0 0 0 0 0 0 0 0 0 0 0 0 0 0 59 42 39 0 -999
P1283 2006 5 0 0 0 37 36 60 0 0 0 0 0 0 0 0 0 0 0 11 0 22 0 0 12 0 0 0 0 0 0 0 0
P1283 2006 6 0 0 0 0 0 0 0 0 0 0 0 0 0 0 0 0 0 0 0 21 0 0 0 0 0 0 0 0 0 0 -999
P1283 2006 7 0 0 0 0 0 28 0 0 16 0 0 0 0 0 0 0 0 0 0 0 0 0 0 0 0 0 0 0 0 0 0
P1283 2006 8 0 0 0 0 0 0 27 0 0 0 0 0 0 0 0 0 0 0 0 0 0 0 0 0 0 0 0 0 0 0 0
P1283 2006 9 0 0 0 0 0 0 0 0 0 0 0 0 0 0 17 0 0 0 10 11 0 0 0 0 0 0 5 0 0 0 -999
P1283 2006 10 0 0 0 0 0 0 0 0 0 54 45 38 0 28 0 0 11 9 14 0 0 15 0 0 21 0 0 0 17 0 0
P1283 2006 11 0 34 0 0 0 0 50 0 16 6 0 0 0 0 0 0 0 0 0 11 22 0 32 51 0 0 0 0 0 0 -999
P1283 2006 12 0 0 0 0 0 0 26 92 74 0 0 35 47 0 84 139 0 0 0 0 0 40 118 60 61 65 0 0 0 36 0
P1283 2007 1 0 0 0 0 0 0 0 0 0 0 0 0 4 0 0 0 0 0 0 7 0 0 0 6 15 8 6 16 15 16 14
P1283 2007 2 8 0 15 18 7 7 27 115 223 162 26 30 9 7 0 0 26 55 32 0 40 0 0 0 0 32 0 34 -999 -999 -999
P1283 2007 3 18 41 21 65 68 0 0 16 12 0 0 0 48 59 0 0 15 14 0 0 0 20 0 0 0 0 0 0 0 0 0
P1283 2007 4 0 0 0 0 0 0 0 0 0 0 0 0 55 0 0 0 0 0 53 0 42 23 28 42 16 12 2 0 0 0 -999
P1283 2007 5 0 0 0 0 79 22 0 0 0 0 0 0 0 30 0 0 0 0 29 21 0 0 0 0 0 0 0 0 0 21 0
P1283 2007 6 0 0 0 20 0 28 0 0 6 13 0 0 0 0 0 0 0 9 0 0 0 0 39 0 0 0 0 0 0 0 -999
P1283 2007 7 0 0 24 0 0 0 0 0 0 30 37 0 0 0 0 0 0 0 0 0 0 0 0 0 0 0 0 0 0 0 0
P1283 2007 8 0 0 0 0 0 0 0 0 0 0 0 0 0 28 0 0 12 0 0 0 23 0 0 0 0 0 0 0 0 0 6
P1283 2007 9 0 0 0 0 0 0 0 0 0 0 0 0 0 0 0 0 0 0 8 0 0 0 0 0 0 0 0 0 0 0 -999
P1283 2007 10 0 0 23 0 0 18 0 0 32 23 0 0 53 58 0 0 43 59 0 0 0 0 49 55 0 0 0 0 0 0 0
P1283 2007 11 0 0 10 0 0 0 0 0 28 0 34 0 11 0 0 0 0 0 0 0 0 0 0 5 0 6 23 0 0 8 -999
P1283 2007 12 0 0 13 15 0 9 18 11 0 0 0 0 0 0 0 0 43 35 0 5 0 8 0 0 12 0 12 20 0 0 0
P1283 2008 1 0 0 13 37 13 0 0 0 0 0 0 0 12 0 47 57 0 0 25 35 110 107 46 0 55 132 167 82 56 79 0
P1283 2008 2 203 46 98 0 33 52 0 99 0 35 0 22 0 0 36 55 55 67 44 96 0 0 14 20 0 22 22 22 -999 -999 -999
P1283 2008 3 0 0 0 9 0 0 0 0 0 0 0 0 0 0 0 0 0 0 0 0 0 0 0 0 0 0 0 0 0 0 0
P1283 2008 4 0 0 0 0 0 3 0 0 0 0 0 0 0 0 60 0 32 0 0 0 10 0 0 0 0 0 0 0 0 0 -999
P1283 2008 5 0 0 0 0 0 0 0 6 0 0 48 0 28 0 23 25 0 0 0 42 38 39 59 17 9 0 0 0 0 0 0
P1283 2008 6 0 10 0 0 19 24 15 15 0 0 0 0 18 46 0 0 0 19 0 0 0 0 0 0 0 0 0 25 0 0 -999
P1283 2008 7 0 0 0 0 0 0 0 0 0 0 23 0 0 0 0 0 0 0 0 0 0 0 0 0 0 0 0 0 0 0 42
P1283 2008 8 0 0 0 14 0 0 0 0 0 0 0 0 0 0 0 0 0 0 0 0 0 0 0 0 0 0 0 0 0 0 9
P1283 2008 9 12 0 0 0 0 0 0 0 16 0 0 0 0 0 0 0 0 16 0 0 0 0 0 0 0 0 0 0 0 0 -999
P1283 2008 10 0 0 0 0 0 0 0 0 0 0 0 37 0 18 0 0 0 0 0 0 0 0 0 0 0 35 44 0 19 0 11
P1283 2008 11 18 0 26 0 0 0 0 0 0 0 26 6 0 0 0 0 0 37 0 0 0 0 0 0 0 0 0 0 0 0 -999
P1283 2008 12 0 0 0 0 1 0 0 0 0 23 0 0 0 0 0 0 0 0 0 1 0 0 0 10 21 0 28 28 0 1 0
P1283 2009 1 0 0 0 0 0 0 0 0 0 0 1 7 0 0 0 3 1 0 0 0 0 0 0 0 0 0 0 0 4 0 0
P1283 2009 2 0 0 0 11 0 0 0 0 0 0 0 0 4 2 0 0 0 0 0 0 0 0 1 0 0 0 0 0 -999 -999 -999
P1283 2009 3 39 51 54 27 0 0 0 48 60 19 0 0 0 0 27 19 64 61 0 26 0 0 0 0 23 73 66 89 100 60 27
P1283 2009 4 32 92 24 0 34 0 0 0 6 4 0 22 0 0 19 0 0 0 0 0 0 12 6 0 0 0 12 0 58 0 -999
P1283 2009 5 0 38 0 0 0 31 21 20 31 0 0 0 4 0 0 0 0 9 0 0 0 38 30 0 0 0 0 0 0 0 0
P1283 2009 6 0 0 0 0 0 0 0 11 17 0 0 0 0 0 0 0 11 10 0 0 0 0 0 0 0 0 0 0 0 0 -999
P1283 2009 7 0 0 0 0 0 0 0 0 0 0 0 38 28 0 0 0 0 0 0 0 0 0 0 0 0 0 0 0 0 0 0
P1283 2009 8 0 0 0 0 0 0 0 0 0 0 0 0 0 0 0 0 0 0 0 0 0 12 0 0 0 0 0 0 30 0 0
P1283 2009 9 32 21 0 0 0 0 0 0 0 0 0 0 14 0 0 0 0 0 0 0 0 0 0 20 0 0 0 0 0 0 -999
P1283 2009 10 10 0 0 0 0 0 0 0 0 0 27 0 0 0 23 30 28 0 0 15 17 0 0 48 0 10 0 0 0 0 0
P1283 2009 11 0 0 0 0 0 0 0 0 0 0 0 0 6 0 0 0 0 0 0 0 0 0 0 53 0 6 0 0 0 0 -999
P1283 2009 12 15 0 0 25 51 64 104 0 32 86 59 0 12 8 0 0 0 0 22 15 0 0 13 17 32 47 72 61 0 7 13
P1283 2010 1 0 21 0 99 49 0 0 10 19 0 0 0 9 0 0 0 11 0 0 0 0 0 0 0 0 0 0 0 0 0 17
P1283 2010 2 15 13 6 0 0 16 0 0 0 0 0 0 0 0 0 0 0 1 0 0 0 0 1 0 1 0 0 0 -999 -999 -999
P1283 2010 3 0 0 0 0 0 0 0 37 78 59 27 0 0 10 9 7 10 24 49 23 0 0 0 0 0 0 0 0 0 0 0
P1283 2010 4 0 44 0 0 0 0 0 0 41 34 0 31 21 0 73 50 0 0 9 30 0 0 0 14 29 10 0 0 25 0 -999
P1283 2010 5 13 7 23 35 29 0 7 0 0 0 0 0 0 0 17 32 0 0 0 3 0 0 0 0 34 45 0 0 17 16 11
P1283 2010 6 0 31 24 0 0 0 0 0 0 0 0 0 0 0 0 0 12 0 0 13 10 0 0 0 0 0 0 0 0 0 -999
P1283 2010 7 34 0 0 0 0 0 0 0 0 0 0 0 0 0 0 0 17 0 0 0 0 0 0 0 0 0 0 0 11 0 0
P1283 2010 8 0 0 0 0 0 0 23 0 0 0 0 0 20 22 0 0 0 0 0 0 0 0 0 0 0 0 0 0 0 0 0
P1283 2010 9 0 23 35 0 0 0 0 0 0 20 14 29 21 14 0 0 0 0 0 18 0 0 0 0 30 19 0 0 0 0 -999
P1283 2010 10 0 0 0 0 0 0 0 0 46 0 60 29 50 50 18 0 0 0 0 0 0 39 25 0 0 0 0 0 0 0 0
P1283 2010 11 11 0 0 0 0 0 0 0 0 0 0 0 0 0 0 0 0 0 0 0 0 6 0 0 0 0 3 0 0 0 -999
P1283 2010 12 0 0 0 0 0 0 14 0 0 0 0 0 41 42 0 0 0 0 0 0 0 0 0 0 0 0 0 0 0 0 0
P1283 2011 1 0 0 0 0 15 0 0 0 0 4 0 0 0 0 0 0 0 0 0 0 0 13 31 10 0 0 0 0 0 0 0
P1283 2011 2 0 6 0 0 24 27 0 0 0 0 0 22 0 6 0 0 0 0 8 0 0 42 25 0 0 0 0 40 -999 -999 -999
P1283 2011 3 66 38 0 0 7 0 0 0 0 0 22 0 17 15 0 118 165 30 19 28 21 35 62 188 61 0 0 90 0 0 0
P1283 2011 4 0 0 17 0 0 0 0 0 0 0 0 0 0 12 0 0 0 0 0 33 0 13 0 0 0 0 4 0 0 0 -999
P1283 2011 5 0 0 0 0 0 0 0 0 0 0 0 0 0 0 0 0 0 0 0 0 30 0 0 0 0 0 0 0 0 21 0
P1283 2011 6 0 0 0 0 0 0 0 0 0 0 0 0 0 0 0 0 0 0 0 0 0 0 0 19 0 0 0 0 0 0 -999
P1283 2011 7 0 0 0 0 0 0 0 0 0 0 0 0 0 0 0 0 0 0 15 0 0 0 0 0 0 0 0 0 0 0 0
P1283 2011 8 0 0 0 0 0 0 0 0 0 0 0 0 0 0 0 0 0 0 31 0 0 0 0 0 0 0 0 0 0 0 0
P1283 2011 9 0 0 0 0 0 0 0 0 0 0 0 0 0 0 0 0 0 0 0 0 0 0 0 0 0 0 0 0 0 0 -999
P1283 2011 10 0 0 0 0 0 0 0 0 0 0 0 0 31 0 0 0 13 0 0 0 0 0 0 0 0 0 0 0 0 36 0
P1283 2011 11 7 6 7 0 69 63 59 0 6 0 0 0 0 0 0 0 0 28 15 0 12 63 49 0 0 0 0 0 0 0 -999
P1283 2011 12 0 20 32 0 4 0 0 0 0 0 0 28 9 0 0 42 50 0 59 69 89 32 60 0 0 29 25 0 0 0 0
P1283 2012 1 108 0 0 1 0 0 0 0 0 0 0 0 1 0 0 0 2 0 1 5 0 0 0 1 0 0 0 0 27 45 0
P1283 2012 2 0 0 51 21 0 0 6 0 0 0 0 0 0 0 0 0 0 13 0 43 0 10 0 0 10 0 0 0 -999 -999 -999
P1283 2012 3 0 69 37 21 16 0 0 0 0 0 0 0 0 13 0 0 29 0 0 0 33 0 0 0 0 0 0 0 0 0 0
P1283 2012 4 0 0 0 0 0 0 0 19 3 0 0 0 15 65 60 49 41 0 9 0 0 0 0 41 48 32 72 54 0 35 -999
P1283 2012 5 0 0 0 0 0 0 0 0 27 0 0 0 27 32 27 17 0 0 0 0 0 0 0 20 39 22 0 0 0 0 0
P1283 2012 6 0 0 0 0 0 0 0 0 0 32 0 21 22 26 0 22 0 0 0 0 0 0 0 7 0 0 0 0 0 0 -999
P1283 2012 7 0 0 0 0 0 0 0 0 0 0 0 0 0 23 0 0 0 0 13 0 0 0 0 0 0 0 0 0 0 0 0
P1283 2012 8 0 0 0 0 0 0 0 0 0 0 0 0 0 0 0 0 0 0 0 0 0 0 0 0 0 0 0 0 0 0 0
P1283 2012 9 0 0 0 0 0 0 0 0 0 0 0 0 0 0 0 0 0 0 5 0 0 0 0 0 0 0 0 0 0 16 -999
P1283 2012 10 8 0 0 0 0 0 0 0 26 0 63 0 0 10 0 33 0 0 0 0 0 37 34 0 0 0 0 16 13 0 30
P1283 2012 11 0 67 47 0 10 0 0 7 0 0 0 0 0 0 0 0 0 52 0 39 12 0 0 0 0 0 14 29 49 23 -999
P1283 2012 12 0 0 0 17 0 93 78 77 12 15 17 9 0 123 82 57 52 0 0 0 10 25 0 13 13 0 0 0 0 18 0
P1283 2013 1 27 0 27 80 0 0 14 0 0 0 0 0 0 0 0 0 0 1 0 0 0 0 0 1 0 0 0 0 0 29 0
P1283 2013 2 0 0 0 0 0 3 0 0 0 0 0 0 40 79 41 0 0 64 96 79 0 62 64 110 34 0 0 0 -999 -999 -999
P1283 2013 3 0 0 0 20 0 0 0 24 0 62 0 146 87 23 0 0 0 39 37 29 0 53 0 25 28 0 0 37 0 51 77
P1283 2013 4 34 0 0 22 24 0 29 0 0 0 0 0 0 0 0 0 0 7 0 11 38 0 0 26 60 0 0 0 0 0 -999
P1283 2013 5 0 0 0 0 0 0 0 0 0 39 0 18 0 0 0 34 34 25 0 0 0 0 0 0 0 0 0 0 0 0 0
P1283 2013 6 0 0 0 0 0 0 0 0 0 0 0 38 0 0 0 15 17 0 0 11 0 0 0 0 0 0 30 0 26 20 -999
P1283 2013 7 14 0 0 0 0 32 0 0 0 0 0 0 0 0 0 0 0 0 0 0 0 22 0 0 0 0 0 0 0 0 0
P1283 2013 8 0 0 0 0 26 0 0 0 0 0 0 0 0 0 22 0 0 0 0 0 20 0 0 0 0 0 0 0 0 0 0
P1283 2013 9 0 0 0 0 11 0 0 0 0 0 18 0 0 0 0 0 0 0 0 0 22 0 14 0 0 0 0 0 0 9 -999
P1283 2013 10 0 0 0 0 0 0 0 0 0 0 36 0 0 0 0 0 32 0 0 0 0 0 0 0 1 1 0 0 6 0 0
P1283 2013 11 2 0 0 0 0 0 5 0 9 5 0 6 0 0 4 0 24 182 237 93 107 155 193 93 0 78 62 25 0 15 -999
P1283 2013 12 20 56 24 23 0 0 0 0 0 0 0 0 15 0 23 16 0 0 0 0 0 11 15 38 0 20 29 22 54 29 0
P1283 2014 1 0 0 0 0 0 29 0 0 0 0 0 15 0 0 53 0 0 0 0 0 0 0 0 0 0 0 55 65 130 118 0
P1283 2014 2 0 37 0 38 43 79 36 83 36 68 0 11 0 7 0 0 0 0 17 0 0 4 0 0 0 0 0 31 -999 -999 -999