precip	MIROC5	RCP60	REGRESION	decimas	1
P1452	37.322	-1.855	182	geo	2006	2100	-1
P1452 2006 1 0 0 21 22 13 0 0 9 20 0 10 17 0 21 0 7 0 0 6 0 0 0 0 0 0 0 0 16 0 0 0
P1452 2006 2 0 20 19 11 0 0 0 0 0 0 0 13 23 0 0 0 0 0 0 0 0 0 10 0 5 0 0 0 -999 -999 -999
P1452 2006 3 0 0 0 0 0 0 0 16 0 0 0 47 23 0 12 20 28 0 0 0 0 0 10 0 13 0 0 0 0 0 0
P1452 2006 4 0 0 0 0 0 0 0 0 0 0 2 0 0 14 12 12 0 0 0 0 5 0 15 0 0 0 0 16 0 18 -999
P1452 2006 5 0 0 0 0 5 0 0 0 0 0 0 0 0 0 0 0 0 0 0 0 0 0 9 0 0 0 0 15 0 9 0
P1452 2006 6 0 0 0 0 0 0 0 0 0 0 0 0 0 0 0 0 0 0 0 0 0 0 0 0 0 0 0 0 0 0 -999
P1452 2006 7 0 0 5 0 0 0 25 0 0 0 0 0 0 0 0 0 0 0 0 0 0 0 0 0 0 0 0 0 0 0 0
P1452 2006 8 0 0 0 0 0 0 0 0 0 0 0 0 0 0 0 0 0 0 0 0 0 0 0 0 0 0 0 0 0 14 0
P1452 2006 9 0 0 0 0 0 0 0 0 0 0 7 0 0 0 0 0 0 0 0 4 0 0 0 0 9 6 0 0 0 0 -999
P1452 2006 10 0 0 0 0 0 0 0 0 0 0 0 0 0 28 0 0 11 0 0 0 0 0 0 0 0 0 0 0 0 0 0
P1452 2006 11 0 0 10 0 0 0 0 0 0 11 0 0 0 0 0 0 0 0 0 0 0 0 0 0 0 21 0 0 0 0 -999
P1452 2006 12 0 0 0 0 0 0 0 25 32 29 0 29 18 0 16 0 0 0 0 18 26 24 19 0 0 0 0 0 0 0 0
P1452 2007 1 0 0 0 0 0 0 0 0 0 0 0 0 0 0 0 9 0 0 0 0 48 35 24 0 13 33 0 2 6 0 0
P1452 2007 2 10 0 0 3 9 0 15 39 30 0 0 0 0 0 0 9 0 0 0 0 36 0 0 30 27 0 0 0 -999 -999 -999
P1452 2007 3 0 0 0 0 23 8 0 29 26 26 0 36 48 21 20 0 0 0 0 0 0 0 0 26 0 16 0 0 0 0 18
P1452 2007 4 8 0 0 0 0 0 0 0 0 7 0 0 0 0 0 0 16 0 0 0 0 0 0 9 0 0 13 0 0 0 -999
P1452 2007 5 0 0 0 0 0 26 0 0 0 0 0 0 25 11 0 0 13 0 0 0 0 0 0 0 0 0 0 12 0 0 0
P1452 2007 6 0 20 11 0 0 0 37 0 0 0 0 0 0 0 21 0 0 0 0 12 0 0 0 0 0 11 0 15 0 0 -999
P1452 2007 7 12 0 0 0 0 0 0 0 14 0 0 19 0 0 0 0 0 0 0 0 0 0 0 0 0 0 0 0 0 0 0
P1452 2007 8 0 0 0 0 0 0 0 0 0 0 0 0 0 0 0 0 0 17 0 0 0 0 0 0 0 20 22 15 0 0 0
P1452 2007 9 0 4 0 0 0 0 0 0 0 0 0 0 0 0 0 0 0 0 0 0 11 0 0 0 0 0 0 0 0 0 -999
P1452 2007 10 0 0 0 0 0 0 0 0 0 0 0 10 0 10 0 0 0 0 0 0 0 0 0 0 0 0 0 4 0 0 0
P1452 2007 11 0 4 0 0 0 0 0 0 5 0 0 15 0 0 0 0 0 0 0 0 0 0 0 0 0 0 17 44 47 27 -999
P1452 2007 12 16 0 0 0 18 21 0 0 0 0 0 1 0 0 0 0 0 37 0 32 0 0 0 0 0 0 0 0 6 0 0
P1452 2008 1 12 0 36 0 13 8 0 7 18 0 26 25 0 23 9 15 19 0 0 0 0 0 0 6 0 0 0 0 0 0 0
P1452 2008 2 0 0 0 0 0 0 0 0 0 0 0 0 0 0 0 0 9 0 0 0 0 6 16 0 0 21 32 27 -999 -999 -999
P1452 2008 3 0 0 0 0 0 6 0 0 0 0 13 0 0 0 0 0 12 0 0 0 0 0 0 0 0 0 0 0 0 12 0
P1452 2008 4 0 0 0 35 105 31 0 0 0 0 0 0 0 0 29 0 11 18 24 0 9 0 0 0 0 0 0 0 0 33 -999
P1452 2008 5 30 0 0 0 23 0 21 0 0 12 15 0 0 11 0 0 0 9 0 0 8 5 0 0 0 0 0 0 9 0 0
P1452 2008 6 0 10 0 16 19 22 0 10 0 0 0 0 8 0 0 8 0 0 0 0 0 0 0 0 0 0 0 0 0 0 -999
P1452 2008 7 0 0 0 0 0 0 0 0 0 0 0 0 0 0 0 0 0 0 0 0 0 0 0 0 0 0 0 0 0 0 0
P1452 2008 8 0 0 0 0 0 0 0 0 0 0 8 0 0 0 0 0 0 0 0 10 0 0 0 0 0 0 0 0 0 0 0
P1452 2008 9 7 0 0 0 17 0 0 0 0 0 0 0 0 0 0 0 0 0 0 0 0 0 0 0 0 0 0 0 0 0 -999
P1452 2008 10 0 0 0 0 0 0 0 0 0 0 0 0 0 0 0 8 0 0 0 0 0 0 0 0 0 0 0 0 0 0 0
P1452 2008 11 0 0 0 42 0 0 0 0 0 0 0 19 9 0 3 0 0 0 0 0 0 0 0 0 4 0 0 0 0 0 -999
P1452 2008 12 0 4 0 0 15 18 51 56 18 3 0 0 0 0 0 0 0 0 7 0 0 0 3 0 0 0 0 0 0 0 0
P1452 2009 1 10 0 0 0 8 0 0 0 10 0 0 0 0 0 17 11 9 5 0 0 0 11 0 0 0 0 0 0 0 13 0
P1452 2009 2 0 0 0 0 21 31 0 11 0 6 0 7 8 13 0 10 7 0 0 0 0 0 0 29 47 54 0 0 -999 -999 -999
P1452 2009 3 0 0 0 13 27 0 0 0 0 0 0 20 14 0 32 0 0 0 0 0 0 0 0 0 0 0 0 0 8 0 0
P1452 2009 4 0 0 0 0 17 0 0 0 7 6 16 32 22 17 15 10 0 5 0 0 0 0 0 32 0 0 0 0 0 0 -999
P1452 2009 5 0 16 0 0 40 0 0 7 13 0 14 7 0 0 0 0 0 0 0 0 0 0 0 0 17 0 0 0 0 0 0
P1452 2009 6 26 0 0 0 25 0 0 0 10 0 0 0 0 0 0 0 0 0 0 9 0 0 0 0 13 0 0 0 0 0 -999
P1452 2009 7 0 0 0 0 0 0 0 0 0 0 0 0 0 0 0 21 0 0 25 0 0 15 0 0 0 0 0 0 0 0 0
P1452 2009 8 0 0 0 0 0 0 0 0 0 0 0 0 0 0 0 0 0 0 0 0 0 0 0 0 0 0 0 16 26 21 0
P1452 2009 9 0 0 0 0 0 0 0 0 0 10 0 0 0 0 0 0 0 0 0 0 0 0 0 0 0 0 0 0 0 0 -999
P1452 2009 10 0 0 32 0 0 0 7 0 0 0 0 0 16 0 22 23 0 0 11 8 9 6 0 0 0 12 0 0 0 0 0
P1452 2009 11 0 0 0 0 0 0 0 0 0 0 0 0 0 0 0 6 0 0 0 0 0 0 0 7 0 14 0 0 0 0 -999
P1452 2009 12 0 0 0 0 1 0 0 0 0 0 0 0 0 0 0 0 0 0 0 0 0 0 0 0 0 0 16 13 0 0 0
P1452 2010 1 0 0 0 0 9 10 0 0 19 27 0 0 0 23 0 9 0 0 0 0 0 19 0 0 0 0 0 19 0 0 0
P1452 2010 2 15 18 0 15 0 0 0 0 0 0 10 0 7 0 13 0 0 0 0 0 0 0 0 0 0 0 0 0 -999 -999 -999
P1452 2010 3 0 0 9 0 0 0 0 51 48 0 43 30 0 0 0 0 14 14 29 41 0 0 0 0 0 0 0 15 0 0 0
P1452 2010 4 0 9 0 0 0 0 0 0 16 0 38 0 0 7 0 19 0 0 9 0 0 0 0 0 0 30 16 0 0 10 -999
P1452 2010 5 0 0 13 0 26 0 0 18 25 0 39 35 17 0 0 0 0 0 0 0 0 0 0 0 0 0 16 0 0 10 0
P1452 2010 6 0 0 7 0 15 11 0 0 0 0 0 0 0 0 0 0 0 0 0 0 0 0 0 0 0 0 0 0 0 0 -999
P1452 2010 7 0 0 0 0 0 0 0 0 0 14 0 0 0 0 0 0 9 0 0 0 0 0 0 0 0 0 0 0 0 0 0
P1452 2010 8 0 0 0 0 0 0 17 0 0 0 0 0 12 0 0 0 0 0 0 0 0 0 0 0 0 0 0 0 0 16 0
P1452 2010 9 0 0 0 6 0 0 0 0 0 0 0 0 0 12 0 0 0 18 0 11 0 0 0 0 0 0 0 0 0 0 -999
P1452 2010 10 0 0 0 0 10 0 0 0 0 0 0 0 0 0 0 0 0 0 0 0 0 0 0 0 0 0 3 0 0 0 0
P1452 2010 11 0 0 0 0 6 0 0 0 0 0 0 0 0 0 0 6 0 0 0 0 0 0 0 10 17 0 0 0 0 0 -999
P1452 2010 12 12 15 0 0 0 0 3 11 29 21 0 0 0 0 0 0 0 0 0 0 0 0 7 7 0 0 0 0 0 0 0
P1452 2011 1 0 0 0 0 0 0 0 13 16 0 15 19 0 0 0 14 0 5 0 0 4 9 0 0 0 0 0 1 0 0 0
P1452 2011 2 0 5 0 0 6 0 0 3 0 0 0 0 0 0 0 0 0 12 0 0 0 0 0 8 0 0 23 41 -999 -999 -999
P1452 2011 3 31 28 0 61 43 25 11 0 0 0 17 0 22 0 0 0 0 12 0 0 0 0 0 13 0 0 0 0 0 0 0
P1452 2011 4 0 0 16 0 0 0 0 0 0 0 16 24 0 0 5 0 0 32 0 25 23 0 0 0 0 0 0 0 0 0 -999
P1452 2011 5 9 0 0 5 0 12 0 23 0 0 0 0 0 0 0 0 0 0 0 0 0 0 0 12 0 0 0 0 0 14 0
P1452 2011 6 0 0 0 0 0 0 0 0 0 0 0 0 0 0 0 0 0 0 10 11 0 0 0 0 0 0 0 0 0 0 -999
P1452 2011 7 0 0 0 0 0 0 0 0 0 0 0 0 0 0 0 0 0 0 0 0 21 0 0 0 0 8 0 0 0 0 0
P1452 2011 8 0 0 0 0 0 0 0 0 0 0 0 0 0 0 0 20 0 0 0 0 0 8 0 0 0 0 0 0 0 0 0
P1452 2011 9 0 0 8 0 0 0 0 15 0 0 0 0 8 0 0 0 0 0 14 0 0 0 0 0 0 0 0 0 0 0 -999
P1452 2011 10 0 0 0 0 44 0 0 0 0 0 0 0 0 15 0 0 0 5 0 0 0 0 42 22 0 0 0 8 12 21 0
P1452 2011 11 0 9 0 0 0 18 0 0 12 11 0 27 0 29 0 11 29 27 0 0 0 0 0 0 0 6 0 0 0 0 -999
P1452 2011 12 9 13 0 0 0 0 7 7 0 0 0 0 0 3 4 0 0 0 0 0 0 0 0 0 6 0 0 0 0 0 0
P1452 2012 1 4 0 0 0 0 0 0 0 0 0 0 11 10 8 0 0 0 0 10 16 0 0 23 0 0 26 0 0 0 0 0
P1452 2012 2 0 0 22 20 0 9 6 0 0 0 0 0 0 12 0 0 0 0 0 0 41 41 20 14 0 0 0 0 -999 -999 -999
P1452 2012 3 0 9 45 0 35 0 0 0 0 0 0 5 0 0 0 0 0 26 26 30 35 0 0 12 0 0 0 0 0 0 0
P1452 2012 4 0 0 0 8 0 0 0 0 0 0 0 0 0 19 15 0 13 13 14 14 0 0 24 20 0 22 41 0 0 0 -999
P1452 2012 5 0 0 23 0 0 0 57 0 0 19 19 21 0 0 6 7 0 0 0 0 0 11 0 10 16 0 9 0 7 6 0
P1452 2012 6 0 0 0 0 0 0 14 0 19 20 0 0 0 29 0 6 4 0 15 0 0 0 18 0 0 0 0 0 0 0 -999
P1452 2012 7 0 0 0 0 0 0 0 0 0 0 0 0 0 0 0 0 0 23 9 0 0 0 0 0 0 0 0 0 0 0 0
P1452 2012 8 0 0 0 0 0 0 0 0 0 0 0 0 0 0 0 0 22 0 0 0 0 0 0 0 0 0 0 0 0 0 0
P1452 2012 9 0 0 0 0 0 0 11 6 0 18 0 0 0 0 19 0 0 0 0 0 0 0 0 11 12 0 0 0 23 0 -999
P1452 2012 10 0 0 0 0 0 0 11 0 0 0 0 0 0 0 0 0 9 12 0 0 20 25 0 21 25 0 11 0 0 0 0
P1452 2012 11 0 0 20 0 0 0 0 0 0 0 0 0 0 0 0 0 0 0 16 17 24 13 0 0 0 0 0 0 16 0 -999
P1452 2012 12 0 0 0 16 16 19 0 0 5 0 0 0 0 0 0 0 4 0 0 0 0 0 0 0 0 0 0 0 0 0 0
P1452 2013 1 0 0 13 0 0 0 0 0 1 0 0 0 0 0 0 0 0 0 0 0 2 0 0 0 0 0 0 0 0 0 0
P1452 2013 2 0 0 0 5 0 0 0 0 0 0 8 0 0 10 0 9 10 14 7 0 0 0 0 0 0 0 0 4 -999 -999 -999
P1452 2013 3 0 0 0 19 0 0 0 81 0 26 0 0 0 0 0 0 14 9 0 0 22 0 0 0 0 0 29 0 32 0 24
P1452 2013 4 30 28 0 0 12 0 0 0 0 0 0 0 0 0 0 0 0 0 11 0 0 0 0 0 0 15 7 0 0 0 -999
P1452 2013 5 0 0 19 0 0 0 0 0 0 11 7 0 0 11 0 21 0 0 16 0 0 0 0 0 0 0 0 0 0 0 0
P1452 2013 6 0 0 0 0 0 23 0 17 0 0 0 10 0 10 0 4 8 0 0 0 0 0 0 0 0 0 0 0 0 0 -999
P1452 2013 7 0 0 0 0 0 0 0 0 0 0 0 0 0 0 0 0 0 0 0 0 0 0 0 0 0 0 0 0 0 0 0
P1452 2013 8 0 0 0 0 0 0 0 0 0 13 0 0 6 8 17 0 0 0 0 8 0 0 0 0 0 0 0 0 0 6 0
P1452 2013 9 0 0 0 0 0 0 0 0 0 0 0 0 0 16 0 0 0 15 15 13 0 0 0 0 10 0 0 0 0 0 -999
P1452 2013 10 0 0 0 0 0 12 0 11 0 0 19 33 24 0 20 19 0 0 0 0 0 0 0 0 0 0 0 0 13 13 0
P1452 2013 11 0 0 0 0 8 0 7 12 0 0 0 14 0 0 2 4 0 14 18 3 0 0 8 0 0 0 0 0 4 0 -999
P1452 2013 12 0 0 0 0 0 0 0 0 0 0 14 0 0 0 0 0 0 0 0 0 5 0 0 0 15 11 0 0 0 0 0
P1452 2014 1 0 0 0 0 0 0 0 0 0 0 0 0 0 0 0 0 0 0 0 0 0 0 0 0 0 0 26 30 45 10 0
P1452 2014 2 0 8 0 0 0 5 0 0 0 0 0 2 0 0 0 0 0 0 0 0 0 0 0 0 13 0 0 28 -999 -999 -999