precip	MIROC5	RCP60	REGRESION	decimas	1
P14807	42.083	-3.980	182	geo	2006	2100	-1
P14807 2006 1 0 0 6 6 0 11 0 0 0 6 0 48 115 41 35 64 48 53 0 15 0 7 18 10 8 11 12 13 22 23 9
P14807 2006 2 0 32 0 0 0 0 0 0 2 3 0 15 19 22 0 0 19 12 22 26 0 12 10 0 7 0 7 0 -999 -999 -999
P14807 2006 3 26 43 53 73 70 64 69 63 0 30 39 32 27 0 23 39 65 68 60 34 39 29 28 24 0 27 0 34 43 35 39
P14807 2006 4 27 32 0 0 0 0 10 18 0 0 0 0 0 0 0 12 0 7 8 6 3 0 7 0 0 27 41 0 26 24 -999
P14807 2006 5 22 24 0 0 24 35 0 12 0 0 0 0 0 0 17 12 0 0 17 20 0 0 0 0 0 0 0 18 21 0 12
P14807 2006 6 0 10 0 0 0 10 0 0 0 0 0 20 0 0 0 0 0 0 14 12 11 0 0 15 18 19 0 0 15 24 -999
P14807 2006 7 0 0 0 0 0 0 0 21 0 0 0 0 0 33 0 0 0 0 0 0 0 0 0 0 0 28 0 0 0 0 21
P14807 2006 8 0 13 0 0 12 20 0 0 0 13 0 0 16 0 0 0 10 0 10 0 0 0 0 0 18 0 10 0 0 0 0
P14807 2006 9 0 0 0 18 0 0 0 0 0 0 0 0 12 0 0 21 0 0 0 0 0 15 17 0 0 0 8 0 14 13 -999
P14807 2006 10 0 4 5 11 0 0 0 10 0 0 0 14 19 21 21 18 0 8 11 12 0 0 0 0 0 0 0 19 0 14 0
P14807 2006 11 17 11 0 0 0 0 0 21 0 0 0 0 0 0 0 0 6 5 0 0 0 0 19 26 0 0 5 5 0 0 -999
P14807 2006 12 0 0 0 0 0 0 13 27 30 18 0 0 0 0 36 53 15 0 0 6 14 32 60 37 36 32 0 0 0 0 12
P14807 2007 1 12 0 0 0 0 0 0 0 0 0 0 0 0 0 0 0 0 0 15 10 5 0 0 12 16 16 12 23 24 18 13
P14807 2007 2 9 14 24 25 0 11 19 50 102 73 0 0 0 12 0 6 11 0 17 0 18 18 27 23 24 22 23 22 -999 -999 -999
P14807 2007 3 16 18 19 27 33 0 13 11 11 8 16 36 39 59 34 16 0 0 11 23 16 18 0 0 0 0 0 0 0 0 0
P14807 2007 4 0 0 4 0 10 20 7 5 0 0 0 23 39 0 10 14 21 33 0 0 0 20 28 0 15 15 8 0 0 0 -999
P14807 2007 5 0 4 0 20 38 0 0 0 17 0 0 0 0 0 19 17 0 20 0 14 0 4 0 0 0 0 0 0 7 9 0
P14807 2007 6 18 0 0 0 17 0 0 0 0 0 0 0 0 0 11 0 0 0 0 0 0 0 0 0 0 16 0 18 21 0 -999
P14807 2007 7 0 0 0 0 0 0 0 0 19 25 0 0 0 0 0 0 0 19 0 0 0 0 0 0 0 0 0 0 0 0 0
P14807 2007 8 0 0 0 0 0 0 0 0 0 0 0 0 0 0 0 11 0 15 21 0 0 0 5 0 0 0 0 17 0 0 0
P14807 2007 9 0 0 0 0 0 0 0 6 0 0 13 0 0 15 25 0 0 0 0 0 8 0 0 0 14 0 0 0 0 0 -999
P14807 2007 10 0 0 0 0 0 8 0 13 17 0 21 0 32 34 16 0 0 0 13 8 18 32 37 36 17 12 26 0 0 0 13
P14807 2007 11 0 0 0 0 0 13 0 0 15 0 25 0 0 22 9 4 0 0 0 0 3 0 5 10 0 8 9 0 12 0 -999
P14807 2007 12 0 6 0 10 0 0 0 6 0 0 8 0 0 0 0 13 0 16 0 0 6 0 0 8 11 9 12 0 0 0 10
P14807 2008 1 16 22 0 30 0 3 0 0 3 4 5 0 0 12 0 13 0 6 0 22 44 45 0 0 20 43 46 31 0 0 47
P14807 2008 2 72 39 48 32 26 0 27 42 21 24 37 19 11 0 26 31 14 32 0 17 0 8 0 6 0 19 0 0 -999 -999 -999
P14807 2008 3 0 9 9 0 0 0 4 0 0 0 0 13 17 0 0 5 0 3 0 0 7 0 0 0 0 0 0 0 0 0 0
P14807 2008 4 0 0 11 15 15 10 0 0 0 5 0 9 16 21 29 30 27 0 0 10 9 0 0 0 6 0 0 8 14 18 -999
P14807 2008 5 0 0 4 6 0 13 0 9 14 23 0 19 0 24 18 15 0 0 0 30 27 23 31 0 0 0 11 0 0 0 0
P14807 2008 6 11 9 0 0 13 0 13 13 20 0 0 0 0 0 0 0 0 16 0 0 0 0 0 0 0 0 0 0 0 10 -999
P14807 2008 7 0 0 0 11 0 18 0 0 0 0 0 0 0 28 0 0 0 0 0 0 0 12 16 0 0 0 0 0 0 0 25
P14807 2008 8 0 0 0 0 0 0 0 0 0 0 16 0 20 0 0 0 0 0 0 0 0 15 0 0 0 0 0 0 8 0 0
P14807 2008 9 10 13 0 0 0 0 0 12 0 14 0 0 0 23 17 10 0 0 0 0 0 0 0 0 0 0 0 0 0 26 -999
P14807 2008 10 26 0 0 0 0 8 0 0 13 13 30 35 27 15 0 0 0 0 0 0 0 15 0 19 0 30 36 25 0 14 15
P14807 2008 11 0 8 27 0 0 0 0 0 10 0 0 0 8 0 0 0 12 25 13 10 0 0 0 0 3 0 0 0 0 3 -999
P14807 2008 12 0 0 0 0 2 3 0 0 8 22 22 9 15 16 0 4 0 0 0 0 5 0 0 8 17 23 19 13 0 0 0
P14807 2009 1 0 0 0 0 0 11 5 5 0 5 0 0 11 11 11 6 0 0 0 1 0 0 0 0 0 0 0 0 0 0 0
P14807 2009 2 5 0 9 9 0 0 6 0 0 0 0 0 0 0 2 0 0 1 0 0 0 0 4 0 0 0 0 26 -999 -999 -999
P14807 2009 3 40 39 34 16 13 0 14 29 0 12 8 7 0 0 22 30 47 40 31 22 0 0 0 23 22 40 32 50 46 39 22
P14807 2009 4 0 0 17 13 20 27 0 13 9 0 0 0 19 17 18 0 0 9 12 0 15 0 0 0 0 0 8 0 22 31 -999
P14807 2009 5 22 0 22 20 0 0 14 0 16 16 0 0 0 0 0 0 0 0 0 20 24 0 20 16 0 0 7 0 0 13 0
P14807 2009 6 0 0 0 15 0 20 0 0 0 0 0 0 0 18 0 0 0 0 0 0 0 0 0 15 0 14 0 0 0 0 -999
P14807 2009 7 23 0 0 0 14 0 0 0 0 0 0 0 0 0 11 0 0 0 15 17 0 0 0 0 13 0 0 0 0 0 29
P14807 2009 8 26 0 0 10 0 0 0 13 0 0 0 0 0 0 0 0 0 0 0 0 0 0 0 0 0 11 0 0 0 0 18
P14807 2009 9 0 0 0 0 0 0 0 14 18 0 28 0 0 0 0 0 13 0 0 0 0 23 0 0 0 0 0 0 0 0 -999
P14807 2009 10 0 0 0 0 0 6 0 5 0 0 0 0 12 12 13 0 18 0 0 12 12 0 15 30 0 0 5 0 0 0 10
P14807 2009 11 0 3 0 0 0 0 10 0 0 6 0 6 7 7 12 0 0 0 12 20 0 0 21 14 0 0 0 0 0 18 -999
P14807 2009 12 20 24 33 19 45 44 46 0 0 36 26 14 16 10 0 0 0 21 25 15 12 14 0 18 19 0 29 22 0 11 11
P14807 2010 1 0 10 19 0 40 0 0 0 9 0 6 0 10 0 9 15 13 0 0 11 0 0 0 1 0 5 0 4 0 0 9
P14807 2010 2 7 0 3 0 0 20 11 6 7 0 0 0 1 0 0 0 0 0 0 0 0 11 8 0 0 0 0 0 -999 -999 -999
P14807 2010 3 5 4 0 7 0 12 12 13 24 24 0 0 0 0 0 4 7 17 33 23 0 3 0 0 0 0 0 4 0 0 7
P14807 2010 4 12 13 23 15 0 16 20 30 0 0 19 0 0 0 31 29 0 0 0 0 0 16 0 18 22 0 9 13 24 20 -999
P14807 2010 5 0 10 17 20 0 12 7 0 0 0 13 15 10 0 0 22 17 18 0 0 7 10 0 0 15 28 29 18 15 0 0
P14807 2010 6 0 0 0 0 0 0 0 0 0 0 0 0 21 0 21 0 0 0 0 0 0 13 0 0 10 0 0 0 18 21 -999
P14807 2010 7 0 0 0 0 0 0 16 0 19 0 0 0 0 0 0 0 0 0 0 0 0 0 17 0 18 0 0 0 11 0 20
P14807 2010 8 0 0 0 0 0 11 0 0 0 0 15 0 0 0 0 0 0 0 0 0 0 6 0 0 0 11 0 0 7 0 0
P14807 2010 9 0 0 0 19 0 0 0 19 0 15 0 0 0 0 25 12 0 0 0 13 0 0 14 0 0 15 7 0 0 0 -999
P14807 2010 10 0 0 0 0 0 0 11 11 20 0 0 26 38 29 0 15 13 0 0 0 0 17 14 0 0 0 0 0 18 13 0
P14807 2010 11 0 6 0 0 0 5 0 0 6 0 0 0 0 0 0 0 0 11 0 0 0 0 0 0 5 0 0 0 0 0 -999
P14807 2010 12 5 0 0 12 11 0 12 6 0 8 0 11 0 23 8 0 0 0 0 5 0 0 0 0 0 0 0 7 0 0 0
P14807 2011 1 0 5 0 0 11 3 0 0 0 0 4 5 4 0 10 0 0 0 0 5 12 21 42 20 0 0 12 5 3 3 0
P14807 2011 2 0 8 0 0 19 22 17 0 0 0 0 15 0 11 0 12 5 6 8 10 0 19 0 7 7 0 10 20 -999 -999 -999
P14807 2011 3 0 14 10 0 0 0 8 0 7 0 0 21 0 16 25 42 41 28 21 23 24 32 47 87 40 15 23 46 0 0 0
P14807 2011 4 15 22 18 0 10 10 0 0 0 0 15 0 0 10 0 11 25 25 0 0 21 0 0 0 6 0 0 0 0 0 -999
P14807 2011 5 7 16 12 8 0 0 8 0 18 29 12 0 0 0 17 0 0 0 0 0 0 0 0 0 0 0 18 0 11 0 0
P14807 2011 6 11 12 0 0 0 0 0 0 0 0 20 18 0 0 0 0 0 0 0 0 0 19 14 0 0 0 0 0 0 11 -999
P14807 2011 7 0 0 0 0 0 0 0 0 0 0 0 0 15 0 0 7 0 0 12 16 27 0 0 0 8 0 0 0 18 0 0
P14807 2011 8 0 0 18 5 0 0 13 19 0 0 16 18 0 0 0 12 0 0 0 0 0 0 0 0 0 5 0 0 0 20 0
P14807 2011 9 0 0 0 0 11 0 0 0 27 33 0 0 0 5 0 0 0 0 0 0 0 6 0 0 0 8 0 8 10 16 -999
P14807 2011 10 12 0 0 7 0 0 0 0 0 0 0 14 15 0 0 12 0 12 0 0 0 0 15 0 0 0 0 10 15 0 19
P14807 2011 11 0 0 16 28 47 47 34 12 0 0 0 0 0 0 0 9 0 0 0 4 0 37 35 29 0 0 0 11 0 0 -999
P14807 2011 12 6 0 21 10 0 0 3 0 5 0 0 0 13 0 9 32 43 37 44 40 46 26 0 16 0 26 0 24 24 22 33
P14807 2012 1 0 18 0 0 0 3 0 0 0 0 0 0 0 0 0 3 0 0 4 4 0 0 0 0 0 0 0 0 0 0 5
P14807 2012 2 4 11 24 15 6 4 0 0 0 0 0 3 0 0 0 1 0 0 0 18 11 0 0 4 9 0 0 14 -999 -999 -999
P14807 2012 3 31 37 0 0 0 0 10 0 2 0 3 0 0 11 0 20 20 16 19 29 0 17 15 0 0 0 0 0 0 10 0
P14807 2012 4 0 9 0 0 3 0 0 24 0 0 0 0 18 50 38 24 22 16 11 11 0 8 0 29 39 29 0 0 0 0 -999
P14807 2012 5 18 18 16 0 0 0 10 13 19 0 0 19 23 0 26 0 17 0 10 0 11 0 0 10 23 23 20 0 7 6 0
P14807 2012 6 4 0 0 0 0 6 0 0 0 0 0 0 13 0 0 0 0 0 0 0 0 0 0 0 0 0 15 0 0 11 -999
P14807 2012 7 11 0 0 0 0 0 18 0 0 21 0 0 0 0 11 14 0 0 0 0 12 12 0 15 0 0 0 0 0 0 0
P14807 2012 8 0 0 0 14 16 13 0 0 0 0 0 0 0 0 12 0 0 0 9 9 9 0 10 0 0 0 12 0 0 9 0
P14807 2012 9 0 0 0 0 0 0 15 0 0 0 0 0 0 0 0 0 0 0 10 0 0 0 0 0 0 0 0 0 0 0 -999
P14807 2012 10 0 0 0 0 0 5 0 0 17 26 0 19 0 0 20 23 18 17 20 12 18 24 0 0 0 14 23 20 18 41 30
P14807 2012 11 36 48 37 21 0 18 0 0 0 31 32 8 0 5 0 0 0 25 0 30 17 7 0 0 0 11 0 0 24 17 -999
P14807 2012 12 12 0 0 0 11 0 36 34 0 13 12 7 14 42 0 36 28 18 13 14 12 0 8 17 14 11 8 0 0 14 0
P14807 2013 1 19 11 14 29 0 8 0 0 0 0 6 0 0 0 0 0 4 0 5 0 0 0 0 0 0 0 0 7 0 18 0
P14807 2013 2 0 0 0 4 0 5 0 8 0 0 0 5 18 54 32 0 0 31 51 41 36 42 35 51 18 0 3 0 -999 -999 -999
P14807 2013 3 7 10 7 11 0 0 0 24 23 34 64 55 47 0 0 24 24 21 23 0 15 31 34 0 19 0 17 27 31 35 50
P14807 2013 4 29 0 10 14 0 22 25 13 0 0 0 9 16 19 15 24 0 0 13 0 31 0 16 24 36 0 0 0 0 0 -999
P14807 2013 5 0 0 7 18 0 0 0 22 24 29 31 23 10 0 23 0 0 24 0 0 0 0 0 0 0 0 0 0 0 9 11
P14807 2013 6 0 22 0 19 0 0 22 31 30 38 33 31 0 19 0 11 11 14 13 0 0 0 0 0 0 28 34 25 27 0 -999
P14807 2013 7 0 12 0 0 0 23 21 0 0 0 0 9 0 14 0 0 20 0 0 0 0 0 0 0 0 0 0 0 0 22 25
P14807 2013 8 0 0 0 0 0 0 0 0 0 17 0 0 0 0 0 15 0 0 0 0 0 0 0 0 16 0 0 16 0 22 0
P14807 2013 9 27 17 0 0 9 0 0 0 14 0 0 0 0 6 0 0 0 15 21 0 19 16 0 0 0 0 0 0 0 0 -999
P14807 2013 10 0 0 0 0 0 3 0 0 12 17 0 0 9 10 10 0 21 16 13 0 0 0 0 0 0 0 0 0 6 0 0
P14807 2013 11 0 0 2 0 3 0 0 0 9 11 12 0 6 0 9 9 12 62 104 57 35 57 66 51 28 56 32 0 13 15 -999
P14807 2013 12 16 38 29 25 0 0 0 10 0 0 0 8 7 7 0 0 0 4 0 0 0 0 11 0 0 20 14 0 0 25 13
P14807 2014 1 16 8 0 0 17 16 11 0 11 0 12 0 21 16 18 0 0 0 0 0 1 0 0 0 13 16 26 34 54 46 24
P14807 2014 2 22 32 21 29 22 34 32 44 26 37 8 13 0 8 6 0 0 0 0 0 10 8 0 0 0 0 0 0 -999 -999 -999