precip	MIROC5	RCP60	REGRESION	decimas	1
P13502	41.557	-0.184	182	geo	2006	2100	-1
P13502 2006 1 0 0 0 7 0 0 0 9 0 0 6 17 36 36 11 15 14 13 0 11 5 0 0 11 2 2 3 0 17 16 0
P13502 2006 2 0 0 19 0 0 0 0 0 0 0 0 0 0 19 24 0 0 3 3 13 23 17 13 0 0 0 0 0 -999 -999 -999
P13502 2006 3 0 15 21 22 22 26 0 40 30 19 36 37 0 0 16 21 29 25 0 11 13 12 14 0 19 10 7 0 0 12 31
P13502 2006 4 0 0 10 0 0 0 0 34 27 0 0 0 0 0 0 10 0 0 0 16 0 0 0 0 0 20 36 47 40 27 -999
P13502 2006 5 22 19 0 0 12 22 17 10 0 0 0 0 0 25 25 11 17 0 10 9 0 0 0 0 10 0 8 12 0 11 0
P13502 2006 6 0 0 0 0 0 0 10 0 19 19 0 22 0 0 0 0 18 20 0 0 0 0 0 0 18 0 0 0 0 23 -999
P13502 2006 7 0 0 19 0 16 24 0 26 0 0 0 0 0 0 0 0 0 0 0 0 24 0 0 0 0 18 20 0 0 0 0
P13502 2006 8 0 20 0 0 0 0 25 18 14 0 0 0 0 0 0 0 0 0 0 0 0 0 0 0 16 14 0 9 0 15 18
P13502 2006 9 0 0 0 0 15 20 0 0 14 0 23 5 0 0 7 0 0 0 25 7 0 0 0 0 25 17 0 0 5 0 -999
P13502 2006 10 5 0 0 0 9 0 0 0 13 0 14 16 18 0 23 23 0 0 0 0 0 0 0 6 0 10 0 7 5 0 3
P13502 2006 11 0 0 0 7 0 0 14 0 0 0 0 0 0 0 0 2 0 0 0 0 12 0 15 32 0 0 0 0 0 0 -999
P13502 2006 12 0 0 0 0 0 0 16 14 18 0 19 25 28 19 15 17 0 0 0 0 0 14 25 31 0 0 9 0 6 0 6
P13502 2007 1 0 5 0 2 0 0 0 0 0 0 0 0 0 0 0 0 0 0 0 22 0 0 0 0 19 24 0 13 0 11 10
P13502 2007 2 0 0 8 0 0 0 0 0 60 40 0 17 0 0 10 0 9 0 0 0 0 0 0 32 0 0 0 0 -999 -999 -999
P13502 2007 3 0 0 0 13 21 19 13 0 0 0 8 24 40 25 18 0 0 0 0 12 9 18 0 0 0 0 0 0 0 0 0
P13502 2007 4 0 0 0 0 20 11 10 0 0 0 0 15 25 18 0 9 0 0 22 0 0 0 0 19 0 19 23 0 0 0 -999
P13502 2007 5 0 0 0 0 19 0 0 12 0 0 15 23 0 34 20 0 0 0 22 0 0 0 0 0 11 8 0 0 0 0 0
P13502 2007 6 0 0 18 0 19 25 34 0 0 8 0 0 0 0 22 23 0 0 0 0 17 0 0 17 0 14 0 0 26 0 -999
P13502 2007 7 0 21 0 0 0 0 0 0 0 23 0 0 0 12 9 0 0 0 0 23 0 0 0 0 0 0 0 27 0 0 0
P13502 2007 8 17 0 0 25 0 16 0 0 0 0 0 25 0 0 0 0 0 0 21 0 20 0 0 0 0 0 0 0 20 19 0
P13502 2007 9 0 0 0 0 0 0 0 0 0 0 0 0 14 18 21 21 0 0 0 0 0 0 14 13 10 0 0 0 0 0 -999
P13502 2007 10 0 0 0 0 0 0 0 0 11 0 22 23 23 0 7 0 0 17 0 0 10 0 15 9 0 0 0 0 0 0 0
P13502 2007 11 0 0 0 0 0 0 5 0 7 0 0 18 0 0 0 0 0 0 0 0 0 0 0 0 0 3 0 15 0 0 -999
P13502 2007 12 0 10 0 0 28 30 0 9 0 0 0 2 2 0 0 0 0 14 12 0 5 0 6 0 0 0 0 5 6 0 0
P13502 2008 1 0 0 19 18 0 0 0 0 21 0 0 0 0 0 0 0 7 2 0 0 11 0 11 0 6 11 12 0 0 0 14
P13502 2008 2 22 14 11 15 9 8 12 14 0 24 0 18 4 0 5 11 0 20 42 12 0 7 9 24 0 34 0 49 -999 -999 -999
P13502 2008 3 57 0 0 0 0 0 0 0 0 0 0 0 0 0 0 0 0 0 0 0 0 0 0 0 6 0 0 0 0 0 0
P13502 2008 4 0 0 9 0 0 16 0 0 0 0 0 0 0 0 23 0 20 0 15 0 0 0 0 4 0 0 0 6 0 0 -999
P13502 2008 5 0 0 0 0 15 30 0 12 0 0 25 0 0 21 13 0 0 9 0 26 0 20 20 16 0 0 15 9 0 11 0
P13502 2008 6 0 0 0 13 0 15 0 0 0 0 0 0 18 0 16 0 0 0 0 12 0 0 0 0 11 14 0 20 22 19 -999
P13502 2008 7 9 4 0 12 13 0 0 24 0 0 0 0 17 0 0 0 0 0 0 0 0 14 0 0 0 19 0 0 16 0 0
P13502 2008 8 24 0 0 0 0 0 0 0 0 23 18 0 0 0 0 0 0 0 0 6 0 18 0 0 9 0 23 0 11 0 0
P13502 2008 9 8 0 9 0 0 0 0 0 0 0 0 0 12 15 9 0 13 0 14 0 0 0 0 14 14 0 11 10 0 0 -999
P13502 2008 10 0 0 0 10 0 0 0 17 0 0 0 21 18 0 13 0 0 0 0 0 0 0 0 0 0 0 19 11 19 17 10
P13502 2008 11 0 0 22 0 0 0 0 0 0 10 11 0 0 0 0 0 0 4 2 0 0 0 0 0 0 0 0 0 0 0 -999
P13502 2008 12 3 0 0 0 0 0 12 0 0 10 18 0 4 9 11 0 0 3 0 0 2 0 5 0 0 0 0 0 6 0 0
P13502 2009 1 0 0 0 0 5 5 0 0 0 0 0 15 21 10 0 0 0 0 0 0 0 0 3 0 0 0 0 0 0 0 0
P13502 2009 2 4 8 0 10 0 8 13 3 0 0 0 0 0 0 0 0 0 0 0 0 0 0 4 10 7 0 4 11 -999 -999 -999
P13502 2009 3 24 0 27 0 5 0 0 11 0 28 0 12 0 0 26 15 0 6 0 0 0 0 0 0 0 25 0 31 16 22 0
P13502 2009 4 0 38 47 0 0 30 30 0 0 0 0 0 29 23 17 21 13 12 10 0 27 0 0 0 0 0 6 0 0 0 -999
P13502 2009 5 40 0 15 0 21 0 0 0 14 30 33 0 0 0 0 0 0 0 21 24 37 40 0 0 0 0 10 0 0 15 0
P13502 2009 6 0 0 0 12 20 0 0 13 0 0 0 0 0 0 22 0 0 18 0 0 0 0 0 0 0 14 14 0 0 0 -999
P13502 2009 7 0 0 0 19 0 0 22 0 0 29 0 0 27 0 0 0 9 0 0 0 0 0 0 0 0 0 0 14 0 0 0
P13502 2009 8 0 13 0 0 0 0 0 16 15 23 0 0 0 14 0 0 0 0 0 0 0 0 0 25 15 0 0 0 0 0 19
P13502 2009 9 27 0 5 0 0 0 0 0 0 0 28 0 0 0 0 0 0 16 0 0 0 27 0 16 0 0 9 0 0 0 -999
P13502 2009 10 0 0 0 0 0 0 0 6 6 0 11 12 0 0 8 14 19 0 25 0 0 0 0 7 0 0 0 0 6 0 0
P13502 2009 11 0 0 0 5 0 0 0 0 5 0 0 0 0 0 0 0 16 0 0 6 0 0 8 0 0 21 13 8 8 0 -999
P13502 2009 12 0 0 0 5 4 13 30 0 15 19 23 0 0 0 0 4 0 7 17 16 0 6 0 0 0 16 17 14 0 6 0
P13502 2010 1 0 0 15 27 0 0 0 0 5 10 0 9 9 0 6 11 4 0 0 0 8 0 0 0 0 8 0 0 4 0 12
P13502 2010 2 7 0 0 0 0 20 19 14 0 0 0 0 0 0 0 0 0 0 2 0 0 0 0 0 0 2 0 0 -999 -999 -999
P13502 2010 3 0 0 0 0 0 13 25 21 0 19 0 0 0 7 5 0 0 7 17 45 27 0 0 0 0 4 0 0 0 0 0
P13502 2010 4 0 10 12 0 14 0 16 26 22 20 24 0 0 0 0 40 21 15 0 12 20 21 13 0 0 0 0 0 26 0 -999
P13502 2010 5 16 10 0 22 0 0 0 0 0 0 0 0 19 0 21 0 0 0 0 0 0 13 0 0 15 29 28 16 0 0 16
P13502 2010 6 21 17 0 0 11 0 0 9 0 0 0 21 0 0 0 0 15 0 0 0 0 0 0 11 0 16 0 0 27 0 -999
P13502 2010 7 17 19 17 0 0 0 16 15 0 19 0 16 0 10 0 0 0 0 7 0 0 0 0 0 0 0 0 0 0 0 0
P13502 2010 8 0 0 0 0 0 0 0 0 0 0 0 0 0 0 0 0 0 0 0 0 0 0 0 0 0 0 0 0 0 0 0
P13502 2010 9 0 0 16 16 0 0 0 0 19 34 30 19 35 24 15 0 0 0 13 10 0 10 0 0 0 19 0 0 0 0 -999
P13502 2010 10 0 0 0 6 0 0 0 0 0 0 17 0 0 0 0 9 0 0 0 0 0 0 0 0 0 0 0 3 0 7 0
P13502 2010 11 0 0 6 0 0 0 0 0 0 0 0 0 0 0 0 7 0 0 0 0 0 0 0 0 0 5 0 0 0 3 -999
P13502 2010 12 0 0 0 0 11 0 0 4 0 4 0 0 10 24 16 0 0 5 0 0 0 0 3 0 0 0 0 0 0 0 0
P13502 2011 1 0 0 0 0 0 0 0 0 0 5 0 0 0 7 0 6 3 0 0 0 0 0 20 0 0 1 0 0 0 1 0
P13502 2011 2 4 0 0 0 0 8 5 0 0 0 0 6 0 0 4 3 0 0 0 0 7 14 0 0 0 0 0 22 -999 -999 -999
P13502 2011 3 23 15 0 16 19 13 0 0 0 6 10 13 13 0 18 36 58 21 10 12 0 16 14 22 20 8 13 27 0 0 0
P13502 2011 4 0 0 0 17 13 0 0 0 0 18 0 0 24 0 12 0 25 27 20 19 20 13 0 0 6 0 0 0 0 10 -999
P13502 2011 5 7 11 0 0 0 0 12 0 0 29 0 0 0 0 13 0 8 7 0 17 24 28 0 9 0 21 25 24 0 34 21
P13502 2011 6 12 0 0 0 6 0 7 0 0 0 0 0 0 0 0 18 0 0 0 0 0 0 0 0 27 0 0 0 15 16 -999
P13502 2011 7 9 0 0 0 22 0 0 0 4 0 9 0 21 21 23 0 0 0 0 0 0 0 0 0 0 0 0 0 0 0 0
P13502 2011 8 0 0 18 0 0 0 0 0 0 13 0 17 0 0 0 0 10 0 13 0 0 0 0 0 0 0 0 10 0 19 27
P13502 2011 9 0 0 0 0 0 13 0 0 22 33 16 0 8 0 0 0 0 0 0 0 0 0 0 0 0 0 0 0 0 0 -999
P13502 2011 10 0 0 0 16 0 0 0 0 0 0 12 0 0 0 0 0 6 0 7 0 9 0 0 0 10 0 0 7 0 0 0
P13502 2011 11 0 0 7 7 16 0 52 37 0 0 7 13 0 7 0 0 14 0 0 0 0 25 40 31 0 0 0 0 0 0 -999
P13502 2011 12 0 0 0 28 0 0 0 4 0 0 0 6 0 2 1 0 10 8 14 15 20 0 0 0 0 15 0 2 0 4 4
P13502 2012 1 0 25 6 0 0 0 0 0 0 0 0 0 0 0 0 0 0 0 0 13 16 0 0 0 0 0 7 0 2 0 4
P13502 2012 2 0 0 24 0 0 0 0 0 0 2 0 0 0 0 0 0 0 0 0 0 17 10 0 0 0 0 0 6 -999 -999 -999
P13502 2012 3 12 26 0 0 0 0 5 0 0 0 0 0 0 7 0 12 21 20 15 0 23 0 0 0 0 0 5 0 0 0 6
P13502 2012 4 0 0 0 0 0 7 0 0 0 0 0 0 28 35 25 0 23 22 0 0 0 11 11 20 27 31 34 0 16 0 -999
P13502 2012 5 21 22 30 0 10 11 0 35 23 18 0 17 21 0 0 15 12 0 0 0 0 0 0 0 24 27 0 13 0 0 0
P13502 2012 6 0 0 0 0 0 0 0 16 29 0 0 0 0 27 0 0 0 0 0 0 0 0 0 7 0 0 0 15 0 0 -999
P13502 2012 7 0 5 7 0 0 0 0 24 0 24 0 24 0 15 0 0 0 42 0 18 0 0 0 0 23 0 0 0 0 0 0
P13502 2012 8 16 0 13 0 0 0 0 0 0 0 18 0 0 0 0 0 0 0 0 0 10 0 0 0 0 12 10 0 0 0 0
P13502 2012 9 6 0 0 0 13 0 0 0 0 0 0 0 0 0 0 0 0 0 0 0 0 6 0 0 0 0 12 0 0 22 -999
P13502 2012 10 0 10 0 0 0 0 0 9 14 0 27 14 0 4 9 0 0 0 10 0 0 21 20 0 0 0 14 0 6 6 7
P13502 2012 11 4 13 22 0 0 4 0 0 0 5 0 0 4 0 0 0 5 12 18 23 0 0 0 0 0 3 0 0 16 0 -999
P13502 2012 12 0 12 0 12 8 21 38 0 0 0 9 0 0 24 18 22 21 21 0 7 0 0 5 0 0 0 0 0 0 0 23
P13502 2013 1 24 0 0 10 0 0 0 0 0 0 0 0 0 0 0 0 0 0 0 0 0 0 0 0 0 0 3 3 0 5 0
P13502 2013 2 0 0 0 0 3 1 0 0 0 0 0 0 0 27 17 0 6 0 0 12 16 15 11 18 16 0 0 0 -999 -999 -999
P13502 2013 3 4 0 0 0 0 0 0 23 22 17 26 22 22 19 0 0 17 0 0 12 0 0 29 0 0 0 0 27 38 37 41
P13502 2013 4 48 0 0 9 15 0 0 0 2 0 0 4 0 0 0 17 0 10 0 10 17 16 0 14 35 26 7 0 7 8 -999
P13502 2013 5 0 0 0 0 17 9 0 0 0 0 22 0 0 0 0 31 30 19 0 0 11 0 0 0 0 0 0 0 0 0 0
P13502 2013 6 21 23 0 15 0 17 20 25 0 0 21 23 23 0 0 0 0 15 0 8 0 0 0 0 0 0 0 30 0 22 -999
P13502 2013 7 0 0 0 0 12 22 32 0 0 0 0 0 0 0 12 0 0 10 0 11 0 0 0 0 0 0 0 0 15 0 0
P13502 2013 8 18 0 0 32 0 0 26 0 0 0 19 0 0 0 0 0 0 0 0 0 0 0 0 0 0 0 0 0 0 0 24
P13502 2013 9 0 0 0 0 0 0 0 0 0 0 0 0 0 0 7 0 10 0 17 0 23 30 0 16 0 0 0 0 0 0 -999
P13502 2013 10 0 0 0 0 0 0 0 0 0 0 0 15 0 14 0 0 20 21 0 0 0 3 0 0 0 0 0 0 0 5 0
P13502 2013 11 0 0 0 0 0 0 0 0 7 0 0 11 0 5 0 0 0 28 57 47 0 15 20 25 0 14 19 26 9 0 -999
P13502 2013 12 4 11 0 0 0 0 0 6 7 7 0 0 0 0 5 0 0 0 0 0 0 0 0 9 0 8 13 0 0 19 12
P13502 2014 1 9 0 0 5 8 7 0 7 0 0 4 0 0 0 5 0 0 0 0 0 0 0 0 0 0 12 0 21 54 46 21
P13502 2014 2 12 13 12 6 5 9 12 21 0 10 0 0 0 0 0 0 0 0 14 0 8 0 6 0 5 0 8 22 -999 -999 -999