precip	MIROC5	RCP60	REGRESION	decimas	1
P10084	40.464	-1.529	182	geo	2006	2100	-1
P10084 2006 1 0 6 7 7 0 10 0 0 10 7 12 38 92 62 0 42 39 46 0 19 0 0 15 13 0 0 0 0 21 24 0
P10084 2006 2 0 0 0 11 0 0 0 0 0 0 0 11 21 31 35 32 0 11 0 31 31 0 15 16 0 6 0 0 -999 -999 -999
P10084 2006 3 24 40 44 58 61 54 63 64 46 30 43 40 29 25 24 33 52 61 46 0 0 27 0 23 0 0 20 0 53 0 0
P10084 2006 4 0 0 25 0 0 19 17 33 0 0 0 0 0 9 0 11 16 0 0 0 4 7 8 12 15 0 0 49 0 0 -999
P10084 2006 5 31 31 0 25 25 0 0 0 10 0 12 15 0 39 28 14 20 24 19 22 14 0 9 0 0 8 10 0 18 0 0
P10084 2006 6 0 0 0 14 0 13 0 0 0 19 0 19 0 20 0 0 0 0 0 0 0 12 0 0 0 0 16 20 0 0 -999
P10084 2006 7 0 0 0 20 0 0 0 30 23 0 0 0 18 0 0 23 18 0 16 0 0 0 0 25 0 0 0 0 18 0 0
P10084 2006 8 36 26 14 0 0 0 0 0 0 0 0 11 0 19 0 0 0 0 14 0 0 0 0 0 24 25 0 0 15 0 23
P10084 2006 9 0 0 14 0 0 0 14 13 20 0 0 0 0 0 12 0 0 40 0 0 0 17 0 28 28 13 10 11 14 0 -999
P10084 2006 10 10 4 0 0 0 0 0 0 13 15 16 17 0 0 23 21 0 9 0 0 0 19 0 0 14 0 0 0 19 0 10
P10084 2006 11 15 19 0 0 0 0 16 0 0 5 0 0 0 0 0 0 0 7 0 8 21 27 23 39 0 0 4 4 0 0 -999
P10084 2006 12 0 0 0 3 0 9 17 19 0 15 16 0 24 0 25 39 0 0 0 0 14 22 37 44 0 27 17 0 0 0 0
P10084 2007 1 0 0 7 0 0 0 1 0 0 0 2 0 0 0 0 0 0 0 23 24 0 8 0 17 27 0 20 23 30 20 17
P10084 2007 2 11 0 23 34 21 16 22 45 97 81 33 24 18 0 0 0 0 24 0 0 20 19 20 17 0 13 14 0 -999 -999 -999
P10084 2007 3 21 19 0 18 25 0 20 14 14 0 0 55 59 49 40 19 0 0 10 17 0 24 16 0 11 0 12 0 7 0 0
P10084 2007 4 0 0 0 15 0 20 14 0 0 0 0 17 35 27 12 0 15 0 35 0 31 37 34 35 24 24 0 0 0 0 -999
P10084 2007 5 0 0 0 16 0 33 0 0 0 0 0 0 36 0 26 21 0 23 29 25 0 0 4 0 0 10 0 0 12 18 23
P10084 2007 6 26 0 22 23 23 0 0 0 0 0 0 0 30 28 0 14 13 0 0 0 0 0 0 25 0 0 26 0 30 0 -999
P10084 2007 7 0 24 0 0 0 0 0 0 22 0 38 0 0 0 13 17 0 36 0 29 23 0 25 0 0 0 0 35 0 0 0
P10084 2007 8 0 0 0 0 0 0 0 0 0 0 0 0 0 0 0 13 0 19 23 0 0 14 0 0 0 22 0 0 27 0 0
P10084 2007 9 0 0 0 0 8 0 0 0 0 0 0 0 0 0 0 0 14 0 7 0 0 0 0 0 0 0 0 0 0 0 -999
P10084 2007 10 8 11 0 0 0 0 0 11 0 19 20 23 30 34 15 9 0 0 14 7 0 0 27 28 0 0 22 19 9 0 0
P10084 2007 11 0 10 16 0 0 0 0 7 12 0 13 0 0 0 0 0 4 0 0 0 0 8 0 12 9 8 0 17 20 20 -999
P10084 2007 12 12 10 0 19 0 22 19 11 5 0 0 7 5 0 0 12 0 16 13 8 5 0 0 7 8 0 10 15 0 6 11
P10084 2008 1 20 21 32 0 20 0 0 0 0 0 0 0 0 0 0 0 13 5 11 20 35 38 26 13 0 38 47 32 0 0 0
P10084 2008 2 60 34 31 28 0 24 24 38 23 28 40 31 0 10 0 0 19 0 45 32 0 11 11 0 19 28 27 30 -999 -999 -999
P10084 2008 3 0 13 0 0 0 0 0 0 0 0 0 9 11 0 7 0 4 3 0 0 0 0 0 0 0 0 11 4 0 4 4
P10084 2008 4 6 0 0 19 0 0 7 0 0 0 0 0 16 0 24 30 30 24 0 12 11 10 0 0 10 0 0 0 0 21 -999
P10084 2008 5 17 17 12 10 21 28 21 0 15 0 0 0 19 33 0 28 0 0 0 0 41 28 31 24 0 0 0 0 0 17 24
P10084 2008 6 20 15 0 17 0 0 14 13 15 19 0 0 25 34 0 0 11 15 0 0 0 14 17 0 0 11 0 0 0 0 -999
P10084 2008 7 16 0 0 0 0 15 0 0 37 0 0 0 0 27 0 0 0 0 0 0 0 0 0 26 24 0 0 0 0 17 0
P10084 2008 8 0 0 0 0 0 0 0 20 0 30 26 15 0 0 13 0 20 0 0 10 0 0 0 8 0 21 29 0 0 10 0
P10084 2008 9 0 0 0 0 21 0 0 11 13 0 0 26 0 23 21 0 0 13 16 0 0 0 0 0 21 0 0 0 0 34 -999
P10084 2008 10 0 18 0 0 0 0 16 28 16 0 28 0 29 0 0 10 0 0 0 0 16 0 0 0 20 26 37 26 0 19 0
P10084 2008 11 21 16 29 0 0 0 0 9 15 14 0 0 9 0 0 0 0 0 9 0 0 0 0 0 0 0 3 2 0 4 -999
P10084 2008 12 3 3 0 0 0 0 0 0 0 0 29 12 14 20 0 4 0 9 5 3 0 0 0 0 0 17 0 13 0 0 0
P10084 2009 1 0 2 0 0 0 15 8 0 7 0 0 0 20 0 14 9 3 0 0 1 0 0 0 1 2 0 2 3 3 0 0
P10084 2009 2 7 14 13 15 14 0 0 4 0 9 11 5 7 0 0 0 0 1 0 7 0 4 0 9 9 7 0 31 -999 -999 -999
P10084 2009 3 50 49 40 21 16 15 14 25 50 36 22 0 13 0 40 33 31 28 20 0 0 0 0 24 22 40 35 50 43 39 0
P10084 2009 4 0 42 45 0 25 45 33 17 14 0 14 27 39 0 30 25 0 13 0 23 29 0 0 10 10 0 0 0 0 38 -999
P10084 2009 5 46 32 24 23 23 0 0 19 26 36 41 22 0 0 0 0 0 0 0 0 29 0 29 0 19 0 0 0 0 15 16
P10084 2009 6 17 16 0 0 0 0 26 16 13 23 0 0 0 0 0 29 22 0 15 8 0 0 0 0 15 0 0 13 11 0 -999
P10084 2009 7 17 0 0 0 0 27 0 0 0 28 29 0 0 24 0 0 14 13 15 0 0 25 0 0 0 0 16 0 12 0 0
P10084 2009 8 34 0 0 0 20 0 0 0 0 0 0 0 0 0 0 0 0 0 0 0 0 0 23 0 19 0 0 0 0 0 0
P10084 2009 9 0 0 0 0 6 0 8 0 0 0 0 0 0 0 0 0 15 15 13 0 0 0 0 26 13 9 0 0 0 0 -999
P10084 2009 10 0 11 0 0 0 0 0 0 0 12 0 19 16 14 0 19 24 25 0 0 17 10 0 0 0 0 5 0 0 0 0
P10084 2009 11 0 0 0 0 5 0 0 0 0 0 0 0 0 0 8 0 23 0 0 0 14 0 16 0 12 22 18 13 0 18 -999
P10084 2009 12 0 0 0 14 0 42 57 30 0 0 0 14 11 7 0 0 0 15 0 17 13 0 13 0 0 0 21 0 16 7 7
P10084 2010 1 8 9 17 40 39 22 14 0 11 13 0 0 9 9 0 14 10 7 4 0 0 4 0 0 0 5 0 3 0 10 11
P10084 2010 2 0 6 4 0 14 27 0 12 0 0 0 3 0 4 0 0 0 0 0 0 7 0 10 19 6 5 0 0 -999 -999 -999
P10084 2010 3 0 0 0 0 0 21 25 0 23 24 22 0 0 0 7 6 8 16 36 42 20 0 0 0 0 0 0 0 0 0 0
P10084 2010 4 0 17 26 26 22 0 17 0 27 32 0 30 0 32 37 48 31 20 12 16 30 23 19 0 39 0 0 0 0 0 -999
P10084 2010 5 26 0 0 29 25 18 15 13 13 15 0 23 21 0 0 35 27 0 0 0 10 13 0 0 22 31 0 0 0 21 19
P10084 2010 6 21 0 26 0 0 0 0 14 0 0 11 0 0 0 0 27 0 0 0 0 16 0 0 0 0 0 0 0 0 0 -999
P10084 2010 7 25 32 0 0 18 0 0 0 26 0 0 0 0 16 0 21 23 0 0 0 0 16 0 0 0 0 0 0 0 0 17
P10084 2010 8 0 0 21 0 0 0 0 0 0 0 31 0 0 19 0 0 0 0 0 0 0 0 0 0 0 0 15 17 0 0 19
P10084 2010 9 20 0 23 26 0 0 0 0 0 34 0 0 41 0 28 20 0 0 0 0 0 0 0 0 0 19 10 9 0 0 -999
P10084 2010 10 0 4 0 0 0 0 0 20 25 0 0 0 29 38 20 0 15 0 19 0 23 29 28 0 10 10 8 0 0 18 9
P10084 2010 11 11 0 0 0 0 0 0 7 0 0 0 0 0 0 0 15 13 10 0 0 0 4 0 0 0 0 0 0 0 0 -999
P10084 2010 12 8 9 8 15 0 15 16 7 8 0 6 0 17 31 18 0 0 0 0 0 0 0 0 0 0 5 5 0 0 3 0
P10084 2011 1 3 0 0 0 0 6 0 2 0 3 0 0 0 0 0 4 0 0 0 0 16 0 47 0 0 0 0 6 4 0 4
P10084 2011 2 0 0 0 0 12 0 10 0 0 0 0 0 14 9 12 0 0 5 6 7 0 0 13 9 0 0 0 23 -999 -999 -999
P10084 2011 3 30 18 0 0 0 0 0 7 0 12 16 20 20 21 34 60 106 42 25 27 29 32 38 67 48 16 0 0 22 0 0
P10084 2011 4 0 17 0 15 14 15 15 13 0 0 0 0 30 28 0 0 0 0 27 23 0 0 0 0 0 0 0 0 0 0 -999
P10084 2011 5 0 0 0 13 0 11 13 14 20 28 0 0 13 13 0 0 0 0 0 14 26 30 13 15 23 0 0 0 34 31 0
P10084 2011 6 18 15 15 0 11 0 0 12 0 0 0 0 28 29 0 0 10 0 0 8 0 19 0 0 31 0 31 0 20 19 -999
P10084 2011 7 13 14 0 0 33 0 19 0 7 0 0 0 0 0 31 16 0 13 0 0 0 0 0 0 0 0 0 0 0 0 0
P10084 2011 8 0 0 0 0 0 0 0 0 0 0 0 0 0 15 0 14 0 20 23 0 0 0 0 13 14 0 0 0 0 0 0
P10084 2011 9 0 0 0 16 0 0 0 0 38 46 25 0 0 0 6 0 0 0 0 0 0 0 9 0 8 0 0 0 0 16 -999
P10084 2011 10 0 0 0 0 0 0 0 0 0 0 0 13 0 13 11 10 0 12 11 0 0 0 13 0 16 0 0 12 27 33 34
P10084 2011 11 16 14 0 26 44 43 58 33 14 11 0 9 0 0 0 9 19 17 0 0 0 39 55 0 20 0 9 0 0 0 -999
P10084 2011 12 0 9 0 23 0 7 5 0 0 0 0 16 17 0 0 20 32 27 34 35 46 24 21 0 11 26 0 0 0 17 0
P10084 2012 1 40 34 0 0 0 0 0 0 0 0 0 2 0 0 0 4 0 7 8 0 0 0 0 0 0 0 5 0 9 17 10
P10084 2012 2 0 9 30 26 8 0 0 0 0 0 1 0 0 0 0 0 0 8 19 0 21 0 4 4 16 0 0 14 -999 -999 -999
P10084 2012 3 30 0 39 32 0 0 14 0 0 0 0 0 0 16 0 16 0 0 22 24 27 21 13 13 0 0 0 0 0 16 0
P10084 2012 4 0 0 0 0 0 0 37 28 0 12 8 18 0 53 44 31 38 0 0 19 0 16 13 24 42 42 33 0 0 29 -999
P10084 2012 5 27 27 0 22 11 10 15 20 27 22 21 0 32 35 0 24 0 19 0 0 15 21 0 18 33 38 29 0 0 0 0
P10084 2012 6 11 10 0 0 0 0 10 0 0 31 0 0 23 0 26 24 0 0 0 0 0 0 12 10 0 12 0 27 0 0 -999
P10084 2012 7 0 0 0 0 0 0 0 0 0 0 0 0 0 0 0 0 0 24 0 0 0 20 0 27 25 0 20 0 0 0 22
P10084 2012 8 0 12 0 0 0 0 0 0 0 27 0 0 0 0 0 0 0 0 0 9 0 0 13 0 0 0 0 16 0 0 11
P10084 2012 9 0 14 0 0 0 0 0 0 11 0 0 0 0 11 9 0 0 0 0 0 0 0 12 0 0 0 0 0 0 17 -999
P10084 2012 10 0 0 0 0 0 0 0 13 21 0 30 21 0 0 0 23 0 0 0 0 0 33 29 0 0 0 0 20 14 26 31
P10084 2012 11 22 47 43 28 13 11 0 0 0 21 0 15 0 0 0 0 0 0 39 0 0 9 6 0 0 0 0 0 0 0 -999
P10084 2012 12 21 11 0 0 0 17 27 24 14 0 0 7 0 38 0 38 32 29 15 0 0 13 0 8 0 0 0 0 0 17 44
P10084 2013 1 35 16 11 23 23 9 0 12 0 0 0 0 0 2 0 0 0 0 0 2 0 0 0 2 0 0 0 0 0 14 0
P10084 2013 2 0 0 0 0 3 0 0 0 0 0 0 0 0 45 37 16 14 20 38 36 32 32 31 49 26 0 0 0 -999 -999 -999
P10084 2013 3 3 0 4 0 10 9 14 28 27 26 46 46 45 0 13 0 28 24 22 0 16 0 31 16 16 0 19 28 38 0 57
P10084 2013 4 37 21 12 14 27 22 27 15 0 0 0 0 17 22 0 0 14 0 0 16 34 29 22 23 43 0 9 5 5 0 -999
P10084 2013 5 8 0 0 16 0 0 0 23 0 38 42 31 0 0 0 0 0 32 25 0 19 0 0 0 14 0 0 0 0 0 0
P10084 2013 6 0 0 31 25 0 0 0 36 43 41 37 34 32 0 24 0 0 0 19 0 0 0 0 0 21 0 40 31 31 29 -999
P10084 2013 7 24 0 19 15 0 0 42 0 0 0 0 0 15 0 0 19 0 0 0 19 0 26 0 0 0 18 17 0 0 0 0
P10084 2013 8 0 0 0 40 0 0 29 31 0 26 0 27 14 0 0 0 0 13 0 0 0 0 0 0 0 0 0 0 0 31 37
P10084 2013 9 27 22 0 0 0 0 16 15 0 14 16 19 12 0 0 14 0 14 0 0 0 0 16 0 0 0 0 0 0 0 -999
P10084 2013 10 0 0 0 0 0 0 0 8 0 11 0 0 0 11 13 18 31 28 0 0 0 9 0 11 0 0 0 0 0 6 0
P10084 2013 11 0 0 0 2 0 0 0 0 0 15 18 15 8 0 11 9 10 50 91 66 30 44 54 0 36 31 39 33 0 11 -999
P10084 2013 12 0 32 22 0 0 0 0 0 0 0 4 0 0 6 0 7 6 0 0 0 4 0 0 0 0 13 15 12 0 0 14
P10084 2014 1 13 7 0 0 0 0 0 0 0 6 6 0 0 0 16 12 0 0 0 0 2 0 0 0 0 0 20 29 64 62 33
P10084 2014 2 22 29 20 18 17 0 27 41 24 0 9 6 0 9 0 0 0 11 23 10 10 0 7 0 0 0 0 23 -999 -999 -999