precip	MIROC5	RCP60	REGRESION	decimas	1
P13181	41.426	0.406	182	geo	2006	2100	-1
P13181 2006 1 0 0 0 7 6 8 0 7 8 0 0 16 0 39 10 14 0 0 0 11 0 3 0 0 0 0 0 0 0 15 10
P13181 2006 2 0 0 0 0 0 0 0 0 0 0 0 0 13 0 24 30 0 0 0 0 26 19 14 11 0 0 0 3 -999 -999 -999
P13181 2006 3 0 0 21 23 22 26 32 44 0 0 37 41 0 0 0 21 29 25 0 0 0 12 14 0 20 10 0 11 24 0 30
P13181 2006 4 18 0 0 0 17 0 0 37 30 0 0 3 0 10 0 9 12 0 13 17 0 0 0 0 0 0 37 54 44 0 -999
P13181 2006 5 22 0 18 14 12 22 0 0 0 0 0 0 13 0 27 11 0 18 0 9 6 0 0 0 9 0 0 0 0 0 0
P13181 2006 6 0 0 0 12 0 0 0 0 0 0 18 0 0 0 0 0 0 0 0 0 11 0 0 0 17 0 0 0 0 0 -999
P13181 2006 7 30 0 0 0 0 24 26 0 0 0 0 0 0 0 0 0 0 0 0 0 0 0 0 22 0 0 20 0 0 0 20
P13181 2006 8 26 0 9 0 0 0 27 0 0 0 0 0 0 0 16 0 0 0 0 0 0 0 0 0 0 15 10 0 0 0 18
P13181 2006 9 0 0 14 0 0 21 0 0 13 0 0 5 0 0 0 12 0 24 27 0 0 12 16 0 27 0 0 0 0 14 -999
P13181 2006 10 0 0 0 11 0 0 0 12 0 0 0 0 0 0 24 25 0 0 0 0 0 11 0 0 0 10 0 0 0 0 0
P13181 2006 11 0 0 7 0 0 0 13 13 8 0 0 0 0 0 5 0 0 0 0 3 12 23 15 35 19 0 0 0 0 0 -999
P13181 2006 12 0 0 0 0 0 0 0 0 0 0 0 25 30 20 14 17 0 9 6 0 10 0 25 34 0 15 0 0 0 0 6
P13181 2007 1 6 0 0 0 0 0 0 0 0 0 0 4 0 0 0 0 0 0 15 24 0 9 0 8 19 28 25 0 0 11 10
P13181 2007 2 7 0 0 0 12 14 12 32 62 42 27 17 0 11 9 0 0 13 18 0 0 0 21 32 21 0 8 15 -999 -999 -999
P13181 2007 3 0 0 9 0 21 18 0 0 0 0 6 25 45 25 19 0 7 0 5 11 0 0 0 0 0 0 0 0 0 0 0
P13181 2007 4 0 0 0 0 22 11 0 0 0 0 0 0 24 0 9 0 0 23 0 0 21 0 0 19 0 0 25 0 0 0 -999
P13181 2007 5 0 0 0 15 0 18 0 0 0 0 0 23 40 39 21 13 12 20 24 24 16 0 0 8 0 0 0 0 0 0 0
P13181 2007 6 0 0 18 0 0 25 39 0 0 0 0 0 0 30 25 26 18 0 0 0 0 0 23 0 0 0 20 0 27 29 -999
P13181 2007 7 0 22 0 38 0 16 0 0 10 23 0 0 25 0 0 0 31 34 39 25 16 0 0 0 0 0 0 0 23 16 0
P13181 2007 8 0 0 0 27 23 0 10 0 0 0 0 24 24 0 0 0 0 17 0 22 20 8 0 0 0 28 0 17 0 0 0
P13181 2007 9 0 0 0 0 0 0 0 0 0 12 13 0 14 0 0 21 0 0 0 0 0 0 0 0 0 0 0 0 0 0 -999
P13181 2007 10 0 0 0 9 0 0 0 0 0 0 23 25 0 18 0 4 0 0 0 0 0 23 16 8 0 0 0 0 4 0 0
P13181 2007 11 0 0 0 0 0 0 0 0 0 0 12 0 0 0 0 9 0 0 0 0 0 0 0 0 7 0 0 14 19 28 -999
P13181 2007 12 17 0 0 21 33 35 25 0 3 0 0 0 0 0 0 0 0 0 0 0 0 5 0 0 0 0 0 0 0 0 0
P13181 2008 1 0 0 0 19 0 0 0 0 22 0 0 0 9 9 17 0 0 0 0 8 0 10 10 0 0 10 12 0 0 11 0
P13181 2008 2 22 14 0 15 9 8 0 0 0 25 23 20 0 4 0 11 0 0 48 0 0 0 0 25 37 36 39 61 -999 -999 -999
P13181 2008 3 70 0 0 0 0 0 0 3 0 0 0 0 0 0 9 0 0 0 0 0 0 0 0 0 0 5 0 0 0 0 0
P13181 2008 4 0 0 0 13 0 0 0 0 0 0 0 0 0 21 23 27 19 18 0 0 0 0 0 4 0 0 0 0 13 25 -999
P13181 2008 5 18 13 0 7 0 33 27 0 0 14 0 10 0 21 13 19 15 0 15 0 30 21 0 0 0 0 0 0 0 0 0
P13181 2008 6 0 0 0 0 0 14 0 0 0 0 20 21 0 22 0 0 0 0 0 0 0 0 0 0 10 0 0 0 23 20 -999
P13181 2008 7 0 0 0 0 0 0 19 0 28 25 27 0 17 33 28 0 0 0 0 0 0 0 0 0 0 0 0 0 0 0 0
P13181 2008 8 23 0 24 0 0 16 0 0 15 0 0 0 0 0 4 0 0 19 0 0 12 0 15 0 0 0 0 12 12 0 0
P13181 2008 9 0 0 0 16 0 16 12 0 15 16 0 0 12 0 0 0 0 0 0 14 0 0 0 14 0 16 0 0 0 0 -999
P13181 2008 10 0 0 0 0 0 0 0 17 0 0 15 0 18 0 0 14 0 0 0 0 0 0 0 16 0 0 0 0 0 18 9
P13181 2008 11 0 0 22 21 0 10 0 0 14 10 0 0 4 0 0 0 0 0 0 0 0 0 3 0 0 0 0 0 0 0 -999
P13181 2008 12 0 0 0 0 0 10 12 10 0 10 19 0 0 0 0 0 0 3 3 0 0 0 0 0 0 0 3 0 0 0 0
P13181 2009 1 0 0 0 0 0 0 0 5 0 0 0 16 23 10 6 0 0 0 0 0 0 0 0 0 0 0 0 0 0 0 0
P13181 2009 2 0 0 0 0 15 0 0 0 0 0 0 0 5 0 0 0 0 0 0 0 0 0 0 0 0 0 3 0 -999 -999 -999
P13181 2009 3 0 41 0 15 0 5 0 0 32 0 0 0 9 0 0 0 0 5 0 0 0 0 0 12 12 0 0 32 16 22 0
P13181 2009 4 11 0 51 18 0 31 35 0 7 0 0 19 33 26 0 21 0 12 0 19 0 0 12 9 0 0 5 0 0 18 -999
P13181 2009 5 42 41 16 0 22 30 12 0 15 31 35 0 4 0 0 8 8 0 0 0 0 45 0 0 0 0 0 0 0 14 0
P13181 2009 6 0 13 0 10 19 20 20 0 0 0 0 0 0 0 0 0 30 19 0 0 0 0 0 0 0 0 0 0 0 13 -999
P13181 2009 7 0 19 0 0 0 0 0 0 0 30 34 0 30 0 0 11 0 9 0 15 0 0 19 23 0 0 0 0 10 0 25
P13181 2009 8 27 13 0 0 0 0 0 0 15 0 0 0 12 0 0 0 0 0 0 0 0 12 0 28 0 0 0 0 0 0 0
P13181 2009 9 0 0 5 0 0 0 0 10 0 0 0 27 21 0 0 0 20 0 0 0 0 29 17 0 0 6 0 7 0 0 -999
P13181 2009 10 0 14 0 0 0 0 0 0 0 0 0 0 0 0 0 0 0 28 0 0 11 7 0 7 0 0 5 0 0 0 0
P13181 2009 11 0 0 0 0 0 0 0 11 5 0 0 0 0 0 0 11 0 0 0 6 7 0 0 0 0 0 0 0 0 9 -999
P13181 2009 12 8 0 0 0 0 0 31 32 0 0 24 0 0 0 2 0 0 0 17 16 0 0 5 0 0 0 0 0 11 0 0
P13181 2010 1 0 0 15 27 19 0 0 6 0 0 0 0 0 8 0 0 4 0 0 4 0 0 3 0 0 0 0 0 3 0 0
P13181 2010 2 0 0 0 0 0 21 20 14 0 0 0 0 0 0 0 0 0 0 0 0 0 0 0 14 0 0 0 0 -999 -999 -999
P13181 2010 3 0 0 0 0 0 0 26 22 21 19 0 11 4 0 0 0 0 0 0 50 30 0 0 0 0 0 0 0 0 0 0
P13181 2010 4 6 0 0 13 0 0 0 0 23 0 25 29 31 30 0 42 0 0 8 0 20 0 13 0 28 21 5 0 28 27 -999
P13181 2010 5 0 0 0 22 22 0 0 12 11 14 23 34 19 0 22 25 21 0 0 0 11 0 0 13 0 0 30 17 18 16 17
P13181 2010 6 24 17 0 0 0 0 0 0 0 0 0 0 0 0 0 0 16 0 10 0 18 0 0 0 0 0 0 0 0 0 -999
P13181 2010 7 0 0 0 0 19 17 16 0 0 20 19 0 0 10 0 0 0 0 0 0 0 20 0 0 0 0 0 0 13 0 14
P13181 2010 8 0 0 17 0 17 0 0 0 0 0 0 0 18 0 0 0 0 0 0 0 0 0 0 17 0 0 0 7 0 0 0
P13181 2010 9 0 0 0 0 0 0 0 0 18 36 0 19 38 0 16 0 7 0 13 0 0 10 0 0 16 19 0 0 0 0 -999
P13181 2010 10 0 0 0 0 0 0 0 0 0 0 0 0 12 18 0 0 0 0 0 14 0 31 0 0 0 0 0 3 0 0 0
P13181 2010 11 0 0 0 0 0 0 4 0 0 0 0 0 6 0 0 0 0 0 0 0 0 0 0 0 0 0 2 0 0 0 -999
P13181 2010 12 0 0 0 6 0 0 7 0 0 0 0 0 0 24 19 0 0 0 4 5 0 0 0 0 0 0 0 0 0 0 0
P13181 2011 1 0 0 3 0 0 0 0 0 0 0 0 0 0 6 6 5 0 0 0 0 0 0 0 0 4 0 0 0 0 0 0
P13181 2011 2 0 0 0 4 0 0 0 0 0 0 0 0 0 0 0 0 0 0 0 0 0 0 0 0 0 0 0 0 -999 -999 -999
P13181 2011 3 24 0 0 0 0 13 0 2 0 0 0 0 12 11 0 36 60 23 0 0 0 0 14 21 20 8 0 0 0 0 10
P13181 2011 4 0 20 16 0 0 0 0 0 13 0 0 0 25 28 12 0 0 30 20 19 20 0 0 0 0 0 0 0 0 0 -999
P13181 2011 5 0 0 10 11 0 0 0 0 20 31 0 0 0 0 0 0 0 0 0 0 0 30 0 0 0 0 0 0 32 38 22
P13181 2011 6 0 0 0 0 0 0 0 0 15 21 0 21 0 27 0 0 9 0 0 10 0 0 0 0 0 23 0 21 0 0 -999
P13181 2011 7 9 0 0 0 0 0 0 0 0 0 0 13 0 0 23 12 0 12 0 0 0 22 0 10 0 0 0 0 0 27 0
P13181 2011 8 0 0 0 0 0 0 0 0 0 0 0 16 0 0 0 0 0 0 0 0 26 0 0 0 0 0 0 9 15 0 28
P13181 2011 9 0 12 0 0 0 0 0 9 22 36 0 0 0 7 0 0 0 0 0 0 6 0 0 0 0 0 0 0 0 0 -999
P13181 2011 10 0 15 0 0 0 0 0 0 0 0 0 0 0 0 0 0 0 0 0 0 8 0 16 0 0 0 0 6 20 28 42
P13181 2011 11 20 0 0 0 16 20 56 40 18 0 0 15 0 7 0 0 0 0 0 0 0 0 46 33 20 0 7 0 0 0 -999
P13181 2011 12 0 6 13 0 0 5 5 0 0 0 0 0 7 0 0 0 0 8 0 0 0 0 9 0 0 15 0 0 0 0 0
P13181 2012 1 12 26 0 0 0 0 0 0 0 0 0 0 0 0 0 0 0 11 0 14 0 10 0 0 0 0 0 8 0 0 0
P13181 2012 2 0 0 0 21 0 0 0 1 0 0 0 2 0 0 0 0 0 7 0 12 17 0 0 0 0 0 0 6 -999 -999 -999
P13181 2012 3 12 26 0 37 22 9 0 2 0 0 0 0 0 0 0 0 0 20 0 0 23 0 0 11 0 5 0 0 0 11 0
P13181 2012 4 5 0 0 0 0 0 16 13 11 0 0 0 30 0 26 0 0 24 21 16 11 0 0 20 28 33 37 33 0 17 -999
P13181 2012 5 21 0 35 0 0 0 0 39 24 0 0 16 0 19 0 0 0 0 10 0 11 13 15 0 0 29 0 13 7 0 0
P13181 2012 6 8 0 0 0 0 0 0 0 29 0 20 22 23 0 26 0 9 0 0 16 22 0 0 6 0 0 0 0 25 0 -999
P13181 2012 7 0 0 0 0 0 0 0 0 25 22 23 0 25 16 0 0 0 48 0 18 0 16 18 0 0 30 0 0 0 0 0
P13181 2012 8 16 0 0 17 0 18 0 0 0 0 18 0 0 0 15 17 19 0 0 0 0 0 0 0 0 0 9 0 0 0 0
P13181 2012 9 5 0 0 0 0 0 0 15 0 0 0 0 0 0 0 0 0 0 14 0 0 0 0 0 0 13 11 0 0 23 -999
P13181 2012 10 0 0 0 0 6 0 0 0 15 15 0 0 0 0 0 0 0 0 0 0 0 21 0 0 0 0 0 0 0 0 0
P13181 2012 11 3 13 22 32 0 0 0 0 0 0 14 17 0 0 0 0 0 0 19 24 13 0 0 0 0 0 0 0 0 0 -999
P13181 2012 12 19 0 12 0 0 19 40 0 0 7 0 0 0 24 17 21 20 22 5 0 0 0 0 0 0 0 0 0 0 8 0
P13181 2013 1 28 14 7 0 0 0 0 0 0 0 0 0 0 0 0 0 1 0 0 0 0 0 0 0 0 0 0 0 0 0 7
P13181 2013 2 0 0 0 0 2 0 0 0 0 0 0 0 10 0 16 0 0 0 17 0 16 0 0 17 16 0 0 0 -999 -999 -999
P13181 2013 3 0 0 0 7 0 0 0 0 0 16 25 22 0 0 7 12 17 0 0 0 0 23 32 0 0 16 16 26 44 41 43
P13181 2013 4 57 0 0 0 14 0 13 0 0 0 0 0 9 0 0 0 0 0 0 0 0 0 0 0 37 31 0 0 0 7 -999
P13181 2013 5 0 0 0 0 17 0 0 28 29 24 23 20 0 0 0 0 32 21 15 0 12 3 0 0 0 0 0 0 0 0 0
P13181 2013 6 0 24 21 0 0 0 19 24 40 0 0 0 0 0 11 13 12 14 12 0 0 0 0 0 0 0 65 34 31 23 -999
P13181 2013 7 0 0 0 0 0 22 34 35 0 0 19 0 0 14 0 0 18 0 0 0 0 20 0 0 0 0 0 15 0 0 0
P13181 2013 8 0 0 18 34 36 36 27 0 20 0 0 0 0 0 0 28 16 0 0 6 0 0 0 0 0 0 0 0 23 0 0
P13181 2013 9 0 17 28 0 0 0 0 0 0 0 0 0 11 0 6 0 0 0 16 0 0 0 0 16 0 0 0 0 0 0 -999
P13181 2013 10 0 0 11 8 0 0 0 0 0 0 19 0 0 14 0 0 20 0 0 4 0 0 0 9 0 11 0 0 0 0 0
P13181 2013 11 0 0 0 0 0 0 0 0 0 0 13 0 6 4 0 0 6 27 63 51 13 0 19 0 25 14 0 28 9 0 -999
P13181 2013 12 0 11 4 10 0 0 0 0 7 6 0 0 0 0 0 0 0 0 0 4 0 0 7 0 0 8 13 12 12 19 0
P13181 2014 1 9 0 0 0 7 6 0 0 12 0 0 0 0 0 0 0 1 0 0 0 0 0 0 0 0 0 0 0 58 0 21
P13181 2014 2 0 13 13 5 5 0 0 22 0 0 0 2 0 0 0 0 0 0 0 0 7 0 0 0 0 0 7 23 -999 -999 -999