precip	MIROC5	RCP60	REGRESION	decimas	1
P1210	37.257	-2.926	182	geo	2006	2100	-1
P1210 2006 1 0 0 13 13 12 14 6 0 10 8 11 32 64 47 17 25 20 20 0 0 0 6 0 18 0 0 5 0 17 0 0
P1210 2006 2 0 25 19 0 0 0 0 0 0 0 0 15 23 27 36 25 0 0 0 0 0 20 19 18 10 8 0 0 -999 -999 -999
P1210 2006 3 0 25 29 31 37 38 0 49 32 26 54 50 29 21 19 29 41 37 25 11 0 13 16 0 0 12 0 0 24 19 31
P1210 2006 4 15 0 17 17 0 0 21 45 0 0 4 0 0 0 0 11 13 0 13 0 0 0 12 0 0 24 35 35 29 30 -999
P1210 2006 5 24 20 16 17 14 22 0 0 0 0 0 0 0 0 0 0 0 12 0 9 0 0 10 0 0 0 11 0 15 0 0
P1210 2006 6 0 0 0 0 0 0 0 0 0 16 0 14 0 0 0 0 0 0 13 0 0 0 0 0 0 0 0 0 14 0 -999
P1210 2006 7 0 0 8 0 13 0 0 0 0 0 0 10 0 0 0 0 0 0 0 0 0 0 0 0 0 0 0 0 0 0 14
P1210 2006 8 0 15 11 9 0 0 0 16 0 0 0 0 0 0 15 0 0 0 0 0 0 0 0 0 0 0 0 0 0 0 0
P1210 2006 9 0 0 0 11 0 0 9 0 0 0 11 0 9 0 0 0 0 0 0 0 0 0 0 18 0 0 0 0 0 0 -999
P1210 2006 10 8 0 0 0 0 0 0 0 0 0 0 17 0 0 22 0 12 0 9 9 10 9 0 0 9 0 0 8 7 0 0
P1210 2006 11 0 0 9 0 0 0 0 16 0 0 0 0 0 0 0 0 0 0 6 8 0 16 19 38 0 0 0 0 4 0 -999
P1210 2006 12 0 0 0 0 0 0 0 27 0 25 24 24 0 0 23 0 0 7 0 0 19 24 32 30 18 0 0 0 0 0 0
P1210 2007 1 0 0 0 0 0 0 0 0 0 0 6 0 0 0 3 0 0 0 0 35 35 23 0 0 26 35 29 18 23 25 21
P1210 2007 2 15 11 14 22 20 0 25 56 77 0 0 0 12 0 11 12 0 26 25 30 31 26 0 19 18 15 15 20 -999 -999 -999
P1210 2007 3 0 28 22 26 28 20 22 24 0 22 24 0 72 44 34 23 0 9 10 0 0 16 0 0 0 17 17 0 12 0 0
P1210 2007 4 7 0 0 0 0 0 0 0 0 7 11 18 24 0 0 10 0 0 0 16 0 0 27 0 0 18 0 0 0 7 -999
P1210 2007 5 0 0 0 14 0 0 14 11 0 0 0 0 0 0 15 14 0 0 0 0 11 0 0 4 0 0 0 0 15 0 22
P1210 2007 6 26 0 18 0 0 0 0 0 0 0 0 0 0 0 18 0 11 0 0 0 0 0 0 15 12 11 0 0 0 0 -999
P1210 2007 7 12 0 0 0 0 0 0 0 16 0 20 0 0 0 0 0 0 0 0 0 0 0 0 0 0 0 0 0 0 0 0
P1210 2007 8 10 0 0 0 0 0 0 0 0 0 0 0 19 0 0 0 0 0 16 0 0 0 0 0 0 16 0 0 0 0 0
P1210 2007 9 0 0 0 0 0 0 0 0 0 0 0 0 0 0 16 11 0 0 0 0 0 0 0 0 0 0 0 0 0 0 -999
P1210 2007 10 0 0 0 0 0 0 0 0 15 0 0 16 0 17 8 0 0 0 0 0 0 0 14 12 0 0 0 0 0 0 0
P1210 2007 11 0 8 0 0 0 0 0 0 8 0 9 0 8 0 8 0 4 0 0 0 0 0 0 0 0 0 20 0 0 0 -999
P1210 2007 12 14 10 0 0 26 29 23 21 0 7 0 0 0 0 0 0 25 32 32 0 15 0 9 7 0 0 0 0 11 9 0
P1210 2008 1 0 0 35 0 20 8 2 0 0 13 0 0 16 0 21 25 0 0 0 10 16 19 13 11 0 26 27 18 14 0 23
P1210 2008 2 37 0 0 16 13 13 15 0 0 0 31 0 0 8 0 0 16 0 27 0 19 0 14 16 21 17 19 25 -999 -999 -999
P1210 2008 3 20 14 0 0 0 0 0 4 0 8 0 15 0 0 10 8 0 0 0 0 0 5 0 0 0 7 0 7 0 10 0
P1210 2008 4 11 12 20 30 0 0 0 0 0 0 0 0 21 0 22 20 0 22 0 0 0 11 11 0 0 12 0 0 22 0 -999
P1210 2008 5 22 0 0 13 0 34 21 0 0 0 0 10 0 0 17 21 0 0 0 29 24 15 19 13 0 17 0 12 0 0 0
P1210 2008 6 0 0 18 17 0 0 0 10 0 0 0 0 0 0 10 0 8 0 0 0 0 0 0 0 0 0 0 0 0 0 -999
P1210 2008 7 10 0 0 0 0 0 0 0 20 0 0 0 16 0 0 0 0 0 0 0 14 8 0 0 0 0 0 0 0 0 0
P1210 2008 8 0 15 0 0 0 0 0 0 0 0 0 0 0 0 7 9 0 0 0 0 0 0 0 0 0 0 0 0 0 0 0
P1210 2008 9 0 0 0 0 0 0 0 0 0 0 0 0 0 0 8 0 0 0 0 0 0 0 0 0 14 0 9 0 0 15 -999
P1210 2008 10 0 0 0 11 0 0 14 16 9 10 0 18 0 0 0 0 12 0 12 0 0 0 0 14 11 12 0 14 19 0 0
P1210 2008 11 0 0 23 0 13 0 0 0 0 16 0 22 0 0 0 0 0 0 0 0 0 0 0 0 0 0 0 0 0 0 -999
P1210 2008 12 5 0 0 6 11 13 20 21 0 14 26 0 0 12 16 10 0 0 0 0 0 0 0 0 0 0 9 0 0 3 0
P1210 2009 1 0 0 0 0 0 0 0 0 0 0 0 0 22 19 0 15 7 3 0 0 0 0 0 4 0 9 0 7 0 0 0
P1210 2009 2 9 14 14 16 25 0 0 0 0 8 0 0 13 0 0 0 0 0 2 0 5 6 0 23 27 0 12 16 -999 -999 -999
P1210 2009 3 52 0 42 26 28 0 0 20 43 45 31 24 20 23 37 0 15 9 6 0 0 0 0 0 0 29 28 35 31 27 14
P1210 2009 4 0 39 29 20 0 37 37 20 14 11 16 0 27 23 0 0 0 11 0 0 0 0 0 18 0 0 11 0 18 0 -999
P1210 2009 5 19 17 13 0 0 19 14 0 21 21 28 18 7 0 0 0 0 0 21 0 0 28 0 19 0 0 0 0 16 0 0
P1210 2009 6 0 17 15 0 0 0 0 0 11 0 0 0 9 0 14 0 0 0 11 0 0 0 0 0 0 0 0 0 0 0 -999
P1210 2009 7 0 0 0 14 0 0 0 0 0 0 0 16 12 9 0 0 0 0 0 0 0 0 0 0 0 0 0 0 0 0 0
P1210 2009 8 11 0 0 9 0 0 0 0 0 0 0 0 10 0 0 0 0 0 0 0 0 0 0 0 0 0 0 0 0 0 0
P1210 2009 9 0 0 0 0 0 0 0 0 0 11 0 0 0 0 0 0 0 0 12 0 0 0 12 0 8 0 0 0 0 9 -999
P1210 2009 10 0 0 0 0 9 7 0 0 0 12 0 0 20 19 0 0 20 0 20 16 15 10 0 0 0 0 0 0 5 0 0
P1210 2009 11 0 0 0 5 0 0 0 0 0 0 0 0 0 0 3 0 0 0 0 0 0 0 0 13 0 16 16 0 0 10 -999
P1210 2009 12 8 0 7 6 0 16 36 20 15 0 24 11 6 0 0 0 0 12 0 0 0 0 0 6 0 0 0 14 0 0 0
P1210 2010 1 0 0 16 32 26 0 0 14 17 21 0 12 0 0 12 0 8 0 0 0 10 0 7 0 0 0 0 0 0 15 18
P1210 2010 2 0 0 14 0 17 24 0 24 0 0 8 0 0 0 0 13 0 0 7 0 0 0 0 0 12 5 0 9 -999 -999 -999
P1210 2010 3 6 0 0 0 19 0 0 41 38 30 0 25 0 0 0 14 17 0 0 38 21 0 0 0 9 9 0 0 0 0 0
P1210 2010 4 0 0 0 23 0 12 0 19 0 28 30 28 0 0 26 38 30 0 15 0 26 22 0 0 26 0 18 0 21 26 -999
P1210 2010 5 21 0 22 31 0 19 0 18 0 0 0 30 0 0 0 0 17 0 0 0 0 12 17 20 24 27 26 12 12 11 0
P1210 2010 6 0 0 0 0 0 0 0 0 0 0 0 0 0 0 0 0 0 0 0 0 0 0 0 0 0 17 0 0 0 17 -999
P1210 2010 7 0 12 0 0 17 18 0 0 15 0 0 0 0 11 0 0 0 0 0 0 0 8 0 0 0 0 0 0 11 11 0
P1210 2010 8 0 0 0 0 0 0 0 0 0 0 0 0 0 0 0 0 0 0 0 0 0 0 0 0 0 0 0 0 12 0 0
P1210 2010 9 0 12 0 0 0 9 0 0 0 0 0 0 0 0 13 0 0 0 0 0 0 0 0 0 0 0 0 0 0 0 -999
P1210 2010 10 0 0 0 5 0 0 10 0 0 0 15 8 0 0 0 0 11 0 0 0 0 0 25 0 0 0 5 0 0 0 0
P1210 2010 11 0 0 0 0 0 0 0 0 5 0 0 0 0 0 9 0 0 0 0 0 0 0 0 0 6 6 0 0 0 0 -999
P1210 2010 12 17 0 0 0 0 19 11 13 0 18 0 0 12 0 0 4 0 3 0 0 0 0 0 0 0 0 0 0 2 0 0
P1210 2011 1 0 0 0 0 4 0 0 6 7 7 0 9 0 0 0 0 0 0 0 0 0 20 0 24 0 0 0 0 0 0 0
P1210 2011 2 0 0 0 0 0 0 0 0 0 0 0 0 4 4 0 0 0 0 0 8 0 14 0 0 0 13 18 28 -999 -999 -999
P1210 2011 3 0 24 0 0 0 0 14 9 0 0 0 28 0 0 30 45 75 33 25 21 23 28 27 39 26 0 20 29 0 10 0
P1210 2011 4 0 21 0 0 14 0 0 0 0 22 0 0 0 19 0 14 28 0 0 29 24 0 8 0 0 0 0 0 0 16 -999
P1210 2011 5 0 0 0 0 0 0 0 0 0 18 0 11 0 12 0 0 0 0 0 0 13 13 0 0 0 0 0 17 0 17 0
P1210 2011 6 0 0 10 0 0 0 0 0 0 0 0 0 0 0 18 15 0 0 6 0 0 0 0 0 14 0 16 0 0 0 -999
P1210 2011 7 0 0 0 13 0 0 0 0 0 0 0 13 0 14 0 0 0 0 0 0 0 0 0 0 0 0 0 0 0 0 0
P1210 2011 8 0 0 0 0 0 0 8 0 0 8 0 0 0 0 0 0 9 0 0 0 0 0 0 0 0 0 0 11 0 0 0
P1210 2011 9 13 0 0 0 0 0 0 16 0 20 12 0 0 10 0 0 0 0 0 0 0 0 0 0 0 0 0 0 0 13 -999
P1210 2011 10 0 16 0 0 14 0 0 0 0 0 0 0 0 0 11 0 0 0 0 0 0 0 0 0 0 0 0 0 0 30 34
P1210 2011 11 0 14 12 10 21 35 56 0 14 0 0 0 0 10 0 0 27 0 0 7 0 28 35 37 22 11 8 0 0 0 -999
P1210 2011 12 0 9 0 0 13 10 8 0 0 0 7 10 0 0 0 11 0 16 16 20 26 14 0 12 0 15 0 0 0 0 0
P1210 2012 1 0 0 8 0 2 0 0 0 0 0 0 0 0 4 0 0 9 17 14 16 16 10 0 0 0 8 7 7 7 0 10
P1210 2012 2 0 0 36 32 15 9 6 0 0 0 0 0 0 0 3 0 0 9 13 23 0 24 12 0 17 0 0 13 -999 -999 -999
P1210 2012 3 21 37 57 56 37 0 0 8 6 0 6 0 0 11 11 18 0 20 0 25 0 15 0 0 0 0 0 8 0 9 0
P1210 2012 4 0 0 0 0 0 0 13 17 14 0 0 0 25 41 0 27 27 0 0 23 24 22 0 23 28 29 37 0 0 17 -999
P1210 2012 5 0 0 0 20 0 0 0 0 0 17 18 23 0 21 16 0 12 0 12 14 14 0 0 0 22 16 17 0 12 0 0
P1210 2012 6 0 0 0 0 0 0 0 0 22 0 0 0 17 23 0 0 0 0 0 0 0 0 13 0 0 0 0 0 0 0 -999
P1210 2012 7 0 0 0 0 0 0 0 0 0 0 0 0 0 0 0 0 0 15 0 0 0 0 16 0 0 0 0 0 0 12 15
P1210 2012 8 0 0 0 0 0 0 0 0 0 0 0 0 0 0 0 0 0 11 0 0 0 0 0 0 16 0 0 0 0 0 9
P1210 2012 9 0 0 0 0 0 0 12 0 0 0 0 0 0 0 0 9 0 0 0 0 0 0 0 0 0 0 20 17 14 11 -999
P1210 2012 10 0 8 0 0 0 0 0 0 15 0 0 0 0 6 0 0 0 0 8 0 0 0 0 0 14 0 12 9 0 0 11
P1210 2012 11 9 20 32 0 6 0 0 2 0 0 15 0 0 0 0 0 0 0 20 0 14 0 0 0 13 10 8 0 20 18 -999
P1210 2012 12 0 0 0 0 11 18 20 15 0 0 0 0 0 27 26 23 19 18 0 6 3 6 4 0 3 0 0 0 0 0 0
P1210 2013 1 29 16 0 0 9 0 6 6 0 0 0 0 0 0 0 0 0 4 0 10 5 0 0 0 0 0 0 0 0 0 6
P1210 2013 2 0 0 0 0 0 0 0 0 3 0 0 6 0 26 25 19 15 20 21 22 17 19 16 21 0 20 6 0 -999 -999 -999
P1210 2013 3 7 0 0 0 0 9 0 47 39 29 35 35 32 0 0 17 18 0 0 16 0 0 22 11 14 0 0 21 0 0 43
P1210 2013 4 39 24 0 14 0 11 12 0 0 0 0 0 0 0 15 16 0 0 0 0 16 0 0 18 0 0 10 0 0 0 -999
P1210 2013 5 8 0 13 16 0 9 13 19 0 0 23 18 0 0 0 0 25 0 18 0 11 0 0 0 0 9 0 0 0 0 0
P1210 2013 6 0 18 16 0 0 0 0 20 0 19 21 0 0 18 0 11 0 0 0 0 0 0 0 0 0 17 16 0 0 17 -999
P1210 2013 7 0 13 0 0 13 0 0 0 0 0 0 0 0 10 0 0 0 0 0 11 0 0 0 0 0 0 0 0 0 0 0
P1210 2013 8 0 0 0 19 0 15 0 0 0 12 0 0 0 0 0 0 0 0 9 0 0 0 0 0 0 0 0 0 17 0 16
P1210 2013 9 0 0 0 0 0 0 0 0 0 0 0 0 0 0 8 0 0 0 0 0 0 0 0 0 0 0 0 0 0 0 -999
P1210 2013 10 0 0 0 0 0 0 0 0 7 0 17 0 0 0 15 19 22 24 17 0 0 0 0 0 0 0 0 0 0 0 0
P1210 2013 11 0 0 0 0 0 0 0 0 0 0 20 0 0 0 8 11 12 45 72 35 16 24 36 37 21 17 23 25 0 0 -999
P1210 2013 12 0 0 0 0 0 0 0 11 0 0 0 8 7 7 7 0 5 0 0 6 0 5 0 11 0 10 14 15 20 0 14
P1210 2014 1 15 7 0 0 0 8 5 7 0 5 0 3 2 3 0 0 0 0 0 0 7 0 0 0 10 16 26 37 70 48 0
P1210 2014 2 0 19 0 7 0 13 0 27 0 15 0 0 0 0 0 0 0 0 12 0 15 10 0 0 0 0 6 23 -999 -999 -999