precip	MIROC5	RCP60	REGRESION	decimas	1
P13126	41.568	-3.260	182	geo	2006	2100	-1
P13126 2006 1 0 0 0 0 6 10 0 0 8 0 13 42 100 47 27 56 44 50 29 0 8 7 0 0 0 10 0 0 20 22 0
P13126 2006 2 0 26 22 13 6 0 0 2 0 0 0 0 21 0 25 24 19 12 19 28 23 15 0 0 0 6 8 12 -999 -999 -999
P13126 2006 3 26 41 48 66 66 57 65 62 44 28 38 34 27 22 22 36 59 63 54 30 36 26 25 0 22 24 0 29 41 33 43
P13126 2006 4 27 28 23 0 17 0 0 22 11 3 3 0 9 0 0 12 15 0 0 8 3 5 8 0 0 25 0 42 0 26 -999
P13126 2006 5 23 0 20 25 0 34 20 0 0 0 9 14 22 0 16 0 14 15 16 20 11 0 8 0 0 0 0 0 0 0 13
P13126 2006 6 0 11 0 0 0 0 0 0 0 11 13 19 0 0 0 0 0 0 0 0 12 0 0 0 0 18 20 0 0 24 -999
P13126 2006 7 0 0 0 0 0 0 0 0 0 0 0 0 0 0 0 0 0 0 0 0 0 0 0 0 0 0 0 0 13 0 0
P13126 2006 8 0 0 0 10 13 0 0 13 0 0 0 0 0 0 0 0 0 0 11 0 0 0 0 0 18 0 0 0 14 0 19
P13126 2006 9 0 0 0 16 20 0 0 11 0 0 0 8 0 0 0 0 0 0 13 0 0 0 0 20 0 9 8 12 14 14 -999
P13126 2006 10 0 0 0 0 9 0 0 9 0 0 13 0 18 21 22 20 0 8 0 0 16 13 8 0 0 17 11 0 19 13 0
P13126 2006 11 0 12 0 0 0 0 20 0 0 0 0 2 0 0 5 0 0 0 4 0 16 19 20 0 15 0 5 0 0 2 -999
P13126 2006 12 0 0 2 0 0 0 13 24 0 0 0 17 0 19 30 47 0 0 0 0 0 27 50 0 32 29 0 0 17 16 11
P13126 2007 1 0 0 9 0 0 0 0 0 0 0 0 3 0 4 0 1 0 0 18 13 0 0 0 14 19 18 0 0 27 0 14
P13126 2007 2 0 13 0 30 17 0 18 47 96 77 28 0 13 12 12 0 0 23 18 0 0 18 0 20 0 0 20 23 -999 -999 -999
P13126 2007 3 17 0 0 0 0 0 14 11 0 9 17 41 0 54 34 0 17 14 10 20 14 19 8 0 0 0 10 0 0 0 0
P13126 2007 4 0 0 0 0 12 20 0 0 0 0 0 0 36 18 10 13 0 0 32 25 23 0 28 28 0 17 10 6 0 4 -999
P13126 2007 5 0 0 0 0 35 0 0 0 0 0 0 0 0 25 19 16 14 20 22 0 9 0 3 0 8 0 0 0 0 11 16
P13126 2007 6 0 18 16 0 19 19 0 0 0 0 0 0 0 20 0 0 0 10 0 12 0 0 0 0 12 0 0 20 22 20 -999
P13126 2007 7 16 16 0 25 0 0 0 0 0 28 26 0 17 0 0 0 0 21 0 20 0 18 0 0 0 23 24 21 0 0 0
P13126 2007 8 14 0 0 0 0 0 0 0 0 0 0 0 0 0 0 0 0 0 0 23 0 10 5 7 0 0 0 19 0 0 0
P13126 2007 9 7 6 0 0 0 9 0 0 0 0 12 0 0 0 0 0 0 0 0 0 8 0 0 0 0 0 0 0 0 0 -999
P13126 2007 10 8 0 0 0 0 0 0 0 0 0 0 0 30 32 0 0 15 0 12 0 0 29 30 33 17 0 23 14 10 10 13
P13126 2007 11 13 0 18 6 0 12 11 0 0 0 0 21 14 0 0 0 0 0 0 0 0 7 0 0 9 0 0 13 15 13 -999
P13126 2007 12 0 0 0 0 0 12 0 0 0 0 9 8 0 0 0 0 18 16 12 6 0 0 6 0 9 8 11 14 7 8 11
P13126 2008 1 17 22 29 31 14 2 0 0 0 5 5 0 0 12 0 0 0 7 14 0 41 43 0 0 0 39 44 0 23 31 40
P13126 2008 2 63 36 40 28 22 32 25 38 19 23 34 21 10 0 22 0 13 30 26 21 0 0 0 0 0 19 16 17 -999 -999 -999
P13126 2008 3 17 0 9 9 0 0 0 4 0 0 0 13 0 11 6 0 0 0 0 0 7 8 0 0 0 12 8 4 0 0 0
P13126 2008 4 0 0 12 17 0 11 5 4 0 0 0 0 16 0 26 28 28 20 0 0 10 8 6 0 0 0 0 8 0 0 -999
P13126 2008 5 16 0 0 0 15 16 14 10 0 23 35 18 0 25 19 17 13 9 18 31 30 22 28 0 11 0 0 0 0 0 0
P13126 2008 6 0 10 0 0 0 20 14 12 18 0 0 0 16 28 20 8 0 0 0 12 0 0 0 0 0 0 0 21 0 0 -999
P13126 2008 7 0 6 0 0 14 0 0 0 30 0 0 14 0 0 21 17 0 20 0 0 0 0 0 19 0 0 0 0 0 0 24
P13126 2008 8 28 0 11 0 0 14 0 0 0 0 0 0 0 0 0 0 13 14 0 0 0 18 0 0 9 16 16 10 0 0 0
P13126 2008 9 10 13 0 0 13 0 0 0 0 15 0 22 0 0 17 11 13 13 0 0 0 14 0 0 19 0 10 18 30 25 -999
P13126 2008 10 23 19 0 0 0 0 17 21 15 0 29 32 25 17 0 0 0 11 0 15 15 13 14 0 0 27 34 25 23 16 0
P13126 2008 11 16 0 0 15 0 0 0 0 12 0 24 11 0 0 0 0 9 21 12 9 0 6 0 0 0 0 0 0 0 0 -999
P13126 2008 12 0 0 2 2 0 4 0 3 8 22 0 0 16 18 0 0 0 8 0 0 0 6 0 6 0 20 18 13 0 0 0
P13126 2009 1 0 0 0 7 11 13 6 5 6 6 6 13 13 12 0 7 3 0 0 0 0 0 0 0 0 0 0 0 0 0 0
P13126 2009 2 0 0 0 0 8 0 0 0 3 6 9 5 7 0 0 0 0 0 0 7 6 0 0 6 0 5 0 31 -999 -999 -999
P13126 2009 3 44 40 35 17 14 0 0 28 33 17 11 9 0 0 26 29 43 36 27 20 7 7 0 22 20 0 31 48 44 38 23
P13126 2009 4 17 0 0 14 20 31 19 15 0 9 12 19 23 19 21 0 10 9 11 18 0 0 0 0 8 0 0 17 23 0 -999
P13126 2009 5 0 23 22 0 19 26 15 13 0 0 0 14 0 0 0 0 6 0 0 0 0 26 24 0 15 0 0 11 13 14 0
P13126 2009 6 0 14 0 0 0 21 18 0 0 15 0 0 9 0 24 22 15 0 0 0 0 0 0 0 0 0 0 0 0 17 -999
P13126 2009 7 22 0 0 0 0 0 0 0 0 26 0 23 21 15 0 0 0 0 0 0 0 0 0 0 0 0 0 0 0 0 27
P13126 2009 8 0 0 6 11 0 0 16 15 0 0 0 0 0 0 0 0 6 0 0 0 0 0 0 21 13 0 0 15 0 0 0
P13126 2009 9 24 18 9 0 0 6 8 13 0 0 26 0 13 7 0 11 0 0 0 0 0 0 22 18 0 0 0 0 0 10 -999
P13126 2009 10 0 0 0 5 0 0 0 0 8 12 0 15 13 13 0 0 18 0 17 0 0 0 12 26 10 0 0 0 0 0 0
P13126 2009 11 0 0 0 0 6 0 10 0 9 0 0 5 0 6 10 0 14 0 11 0 0 0 19 15 9 0 0 15 14 0 -999
P13126 2009 12 18 20 30 17 38 43 48 31 21 36 29 13 14 9 0 9 10 0 22 15 11 12 15 0 15 17 24 20 16 9 0
P13126 2010 1 10 0 16 37 40 15 9 0 9 10 6 0 10 7 0 0 12 8 0 9 6 0 0 0 0 0 0 0 0 0 9
P13126 2010 2 0 0 0 0 0 21 0 8 8 0 0 0 1 0 5 6 5 5 8 11 0 0 10 0 5 0 0 0 -999 -999 -999
P13126 2010 3 0 0 0 8 12 15 0 0 0 24 0 0 0 0 0 5 7 17 31 0 0 0 0 3 0 0 3 0 5 6 8
P13126 2010 4 13 0 24 0 0 0 0 27 28 26 22 20 22 22 30 0 20 12 0 0 0 0 0 18 28 0 0 0 26 23 -999
P13126 2010 5 18 12 18 0 0 0 0 0 0 0 0 0 0 0 0 25 18 17 13 0 0 11 10 0 0 28 31 19 16 13 11
P13126 2010 6 0 0 20 14 11 0 11 0 0 0 0 0 20 18 21 29 15 6 0 0 11 0 0 13 0 0 0 0 18 0 -999
P13126 2010 7 0 24 0 9 0 0 0 0 21 0 0 0 11 0 0 20 0 0 0 0 0 15 0 0 0 0 13 0 0 0 20
P13126 2010 8 0 0 12 14 12 0 0 21 0 0 0 0 14 0 19 20 0 19 0 0 0 0 14 16 0 0 0 0 8 0 18
P13126 2010 9 13 0 0 18 12 0 0 0 24 19 16 0 24 17 27 0 9 0 19 0 0 0 0 0 0 0 0 0 0 0 -999
P13126 2010 10 0 0 0 0 9 0 0 0 0 0 31 23 33 28 20 16 0 16 19 0 16 0 0 0 11 0 0 0 0 14 0
P13126 2010 11 0 7 12 0 0 0 0 0 5 0 0 0 0 6 0 0 0 12 0 0 0 0 0 3 0 0 0 0 0 0 -999
P13126 2010 12 6 0 9 13 0 14 14 7 7 9 6 10 20 24 0 0 0 9 12 0 0 0 0 0 2 0 0 0 2 0 3
P13126 2011 1 0 0 0 0 10 0 0 0 0 3 4 0 0 0 9 0 0 0 0 0 15 21 44 0 17 0 11 0 0 0 0
P13126 2011 2 0 0 9 16 0 16 0 8 4 0 0 14 15 0 16 0 0 0 8 0 0 16 0 7 0 8 0 21 -999 -999 -999
P13126 2011 3 25 0 0 0 0 0 0 0 0 0 17 0 19 0 26 46 55 32 23 24 25 31 42 73 41 0 0 38 15 7 0
P13126 2011 4 0 19 0 15 11 0 0 0 19 0 17 0 0 0 0 0 0 27 23 22 22 0 8 0 0 0 0 0 0 0 -999
P13126 2011 5 8 0 13 0 0 0 0 12 0 0 0 0 0 15 0 0 0 0 0 20 26 16 0 0 18 20 0 0 0 0 0
P13126 2011 6 12 0 0 0 0 0 0 0 0 0 0 0 0 0 0 0 0 0 0 0 0 0 0 0 19 17 0 0 13 0 -999
P13126 2011 7 10 0 0 0 17 0 0 0 0 0 0 0 0 0 0 0 0 0 0 0 27 0 0 0 0 0 0 0 0 19 0
P13126 2011 8 0 0 20 0 0 0 0 0 0 0 18 19 0 0 0 0 0 0 0 0 12 0 0 0 0 6 0 0 0 0 0
P13126 2011 9 0 0 0 16 0 0 0 0 29 0 0 0 6 0 0 4 0 0 0 0 6 0 0 0 0 9 0 0 0 0 -999
P13126 2011 10 0 12 0 0 0 0 0 0 0 0 10 0 14 14 12 0 0 0 9 0 0 15 0 0 14 0 0 0 0 22 0
P13126 2011 11 0 9 17 29 44 44 0 0 0 0 4 0 8 0 0 9 21 16 0 4 8 38 41 35 13 8 0 10 0 4 -999
P13126 2011 12 0 12 20 13 9 0 0 0 5 0 9 0 14 7 9 27 38 34 41 36 45 25 22 16 0 25 23 22 20 20 26
P13126 2012 1 37 22 7 2 0 0 0 0 0 0 0 0 0 0 0 0 7 0 0 0 0 4 0 2 0 0 3 6 11 14 7
P13126 2012 2 0 0 26 0 7 4 4 0 3 0 0 0 0 0 0 1 0 0 20 20 0 0 0 0 11 6 0 14 -999 -999 -999
P13126 2012 3 30 42 0 0 0 14 11 5 0 1 3 0 18 12 9 19 0 0 0 0 0 17 0 16 0 0 0 0 14 0 0
P13126 2012 4 0 10 3 0 0 14 27 25 13 0 0 13 20 49 38 26 25 0 0 13 11 10 10 28 39 32 0 25 27 28 -999
P13126 2012 5 0 0 19 0 0 7 0 0 21 19 16 0 25 28 26 0 16 0 12 11 0 16 0 0 0 25 22 12 9 0 0
P13126 2012 6 0 0 0 5 0 0 0 0 0 0 0 0 0 0 0 15 0 7 14 0 16 0 0 0 0 0 0 0 24 0 -999
P13126 2012 7 12 0 0 0 0 0 0 0 0 0 0 0 21 0 0 0 19 0 0 0 0 14 15 18 22 0 14 0 0 0 0
P13126 2012 8 0 0 0 0 17 0 0 0 15 21 0 0 0 0 0 0 0 0 0 9 0 0 11 0 0 0 0 0 11 0 0
P13126 2012 9 0 0 0 0 0 0 0 0 0 0 0 0 0 0 0 0 0 0 0 0 0 0 0 0 0 0 0 0 0 0 -999
P13126 2012 10 0 0 0 0 0 0 0 0 19 25 35 18 9 0 19 0 16 15 0 12 0 0 0 0 0 13 21 19 16 36 32
P13126 2012 11 32 48 37 22 14 15 0 0 0 27 33 0 0 0 0 0 0 0 35 27 15 0 0 6 0 11 0 17 21 19 -999
P13126 2012 12 0 0 0 0 0 0 32 29 12 0 11 0 0 0 36 36 30 20 13 14 9 16 7 13 0 11 0 6 12 15 37
P13126 2013 1 23 0 0 28 0 9 12 13 8 0 5 0 0 2 0 0 0 6 7 0 2 3 0 0 0 0 0 0 0 16 9
P13126 2013 2 0 0 0 4 0 4 4 6 10 0 0 0 0 47 36 0 0 0 44 38 35 38 33 51 20 10 0 0 -999 -999 -999
P13126 2013 3 0 0 0 0 8 7 0 0 23 31 0 49 44 22 16 21 24 20 0 0 14 0 32 14 16 13 0 26 31 35 50
P13126 2013 4 28 15 0 14 0 22 26 14 7 6 0 0 0 21 0 0 0 9 0 13 29 25 16 22 37 15 0 0 0 8 -999
P13126 2013 5 0 0 0 0 0 0 0 0 25 29 33 26 0 0 22 32 0 24 18 15 14 0 0 0 12 0 0 0 9 0 0
P13126 2013 6 16 23 26 20 16 0 23 31 30 35 32 30 25 21 0 12 0 0 14 10 0 0 0 0 0 0 31 22 24 20 -999
P13126 2013 7 15 14 0 0 21 0 23 0 0 0 0 0 11 0 17 0 22 10 0 0 0 0 0 0 0 0 0 0 17 0 23
P13126 2013 8 0 0 0 0 23 21 0 20 0 0 0 0 10 0 0 0 0 0 0 0 0 0 0 0 18 0 0 16 0 0 28
P13126 2013 9 25 17 14 8 0 0 0 0 0 16 19 0 8 0 9 0 0 15 20 0 0 0 11 0 0 0 0 0 0 6 -999
P13126 2013 10 0 0 0 0 0 0 0 9 0 14 0 0 9 10 11 15 0 0 14 0 0 0 0 7 0 0 7 8 0 0 0
P13126 2013 11 0 3 0 0 0 0 5 0 11 13 0 0 0 9 11 0 12 56 98 0 0 49 61 54 0 44 34 0 13 0 -999
P13126 2013 12 16 35 27 26 0 0 0 9 0 6 4 6 0 0 0 0 0 4 0 5 0 0 0 13 11 16 14 13 20 23 12
P13126 2014 1 14 0 5 9 0 0 10 0 0 0 10 13 19 0 0 10 0 0 1 0 0 0 0 0 0 15 24 0 0 51 25
P13126 2014 2 21 30 20 25 20 27 27 40 25 38 9 11 19 8 0 0 0 11 20 0 10 0 0 0 0 0 6 0 -999 -999 -999