precip	MIROC5	RCP60	REGRESION	decimas	1
P1333	37.286	-2.234	182	geo	2006	2100	-1
P1333 2006 1 0 0 27 0 20 19 0 0 19 0 0 18 19 18 8 7 0 1 6 0 0 0 0 0 10 0 0 0 0 21 7
P1333 2006 2 10 0 18 11 0 0 0 0 0 0 0 0 0 21 19 7 0 0 0 3 0 0 15 14 0 0 0 0 -999 -999 -999
P1333 2006 3 5 0 11 4 6 10 0 0 0 0 50 50 23 0 14 0 31 10 2 1 2 0 0 10 0 3 0 5 0 10 0
P1333 2006 4 0 0 0 0 9 0 0 40 20 9 0 0 0 0 15 16 0 0 18 8 0 0 0 0 0 19 0 15 10 19 -999
P1333 2006 5 14 0 7 0 0 0 0 13 0 0 0 0 0 0 0 0 18 0 0 0 5 0 13 0 0 0 0 0 0 8 0
P1333 2006 6 0 0 0 0 0 0 0 0 0 19 0 0 0 0 0 0 0 0 0 13 0 0 17 0 0 0 0 0 0 0 -999
P1333 2006 7 0 0 0 0 0 0 22 0 0 0 0 13 0 0 0 0 0 0 0 0 0 7 0 0 0 0 1 0 0 0 0
P1333 2006 8 0 11 0 0 0 0 0 0 0 0 0 0 0 0 0 0 0 0 0 0 0 0 0 0 0 0 0 0 15 0 0
P1333 2006 9 0 0 0 0 0 0 0 0 0 0 0 0 0 0 0 0 0 0 7 0 0 0 0 0 10 0 0 0 0 0 -999
P1333 2006 10 0 0 0 0 0 0 0 0 0 0 0 0 18 0 0 0 0 10 11 0 7 0 0 0 0 0 0 0 0 0 0
P1333 2006 11 0 0 0 12 0 0 13 0 0 0 0 0 5 0 0 0 0 0 0 9 0 5 0 19 0 25 15 0 0 0 -999
P1333 2006 12 6 0 0 9 0 0 0 32 36 33 33 32 0 0 22 0 3 0 0 0 0 28 21 9 0 0 0 0 0 0 0
P1333 2007 1 0 0 0 0 0 0 0 0 0 0 0 0 9 7 0 10 0 0 0 28 40 30 0 0 0 0 0 0 6 0 0
P1333 2007 2 10 6 0 4 0 0 20 42 33 0 0 0 0 0 0 0 0 0 19 0 37 23 22 0 0 20 0 10 -999 -999 -999
P1333 2007 3 9 21 0 32 22 0 18 31 0 0 21 41 54 27 25 23 0 0 0 10 0 9 17 0 0 14 13 0 0 0 15
P1333 2007 4 11 0 0 10 7 2 0 0 0 0 0 0 0 7 14 12 0 0 14 0 0 0 0 0 0 0 0 12 7 0 -999
P1333 2007 5 0 0 0 0 12 0 0 17 0 0 0 0 0 13 14 0 0 23 0 0 0 0 0 0 0 0 0 0 0 0 0
P1333 2007 6 22 0 0 14 0 31 0 0 0 0 0 0 0 0 21 0 0 10 0 9 0 20 0 16 15 0 0 0 22 25 -999
P1333 2007 7 0 17 0 0 0 0 0 0 0 0 0 0 0 0 0 0 0 0 0 0 0 10 0 0 0 0 0 0 0 0 0
P1333 2007 8 0 0 0 0 0 0 0 0 0 0 0 0 0 0 0 0 20 0 0 0 9 6 0 0 0 0 0 0 20 0 0
P1333 2007 9 0 0 0 9 0 0 0 0 0 0 0 0 0 0 0 0 0 11 0 0 0 0 0 0 8 0 0 0 0 0 -999
P1333 2007 10 0 0 0 0 0 5 4 0 0 0 0 0 15 10 0 0 0 0 4 0 0 0 8 0 0 0 3 0 0 0 0
P1333 2007 11 0 0 0 0 0 0 0 0 0 0 12 14 9 7 0 0 0 0 11 0 0 0 0 0 0 0 22 0 46 22 -999
P1333 2007 12 13 0 20 30 23 0 0 0 0 10 0 0 0 7 0 0 0 44 0 0 25 0 10 0 7 5 0 0 13 0 0
P1333 2008 1 13 22 43 9 0 0 0 0 17 24 25 0 0 26 0 0 0 0 0 0 0 0 2 8 4 9 10 0 0 7 0
P1333 2008 2 12 0 12 5 0 5 0 8 0 0 21 4 0 0 0 0 8 0 26 8 0 9 19 0 20 21 32 28 -999 -999 -999
P1333 2008 3 0 0 0 0 0 0 0 0 0 12 0 17 0 21 0 14 0 0 0 8 0 0 0 0 6 0 0 0 0 14 15
P1333 2008 4 0 0 22 0 116 35 12 0 0 0 0 0 27 24 28 0 0 0 24 21 0 0 0 0 0 0 0 0 32 0 -999
P1333 2008 5 0 21 0 0 0 30 0 11 0 12 14 0 13 0 16 0 0 0 0 0 0 0 11 0 0 14 15 0 11 0 0
P1333 2008 6 0 14 0 0 0 0 17 0 0 0 0 12 9 18 0 12 0 0 0 0 0 0 0 0 0 0 0 0 0 0 -999
P1333 2008 7 0 0 0 0 0 0 0 0 0 0 0 0 0 0 0 0 0 0 0 0 0 0 0 0 0 0 0 0 0 0 0
P1333 2008 8 0 0 0 0 0 0 0 0 0 0 0 0 0 0 0 0 10 0 0 12 0 0 0 0 0 0 0 0 10 0 0
P1333 2008 9 0 0 0 0 0 0 0 0 0 0 0 0 4 6 0 0 0 0 0 0 0 0 0 0 13 0 0 0 11 0 -999
P1333 2008 10 0 0 0 0 0 0 0 0 0 0 14 0 0 0 0 0 14 20 0 0 13 0 6 0 0 5 0 0 0 0 0
P1333 2008 11 0 0 13 46 0 0 0 0 0 0 0 20 0 0 0 0 0 0 0 0 0 0 0 0 0 0 10 15 0 0 -999
P1333 2008 12 0 0 0 0 20 20 0 52 14 0 0 0 0 0 0 0 0 0 0 0 0 0 0 0 2 0 3 3 0 0 0
P1333 2009 1 0 7 0 0 0 6 0 0 0 0 0 6 14 11 0 0 13 0 0 0 0 0 12 0 6 13 0 0 0 17 0
P1333 2009 2 8 0 11 12 24 0 8 0 17 8 0 19 0 0 0 0 8 0 0 0 0 0 0 0 50 61 9 0 -999 -999 -999
P1333 2009 3 28 23 0 11 27 0 3 10 0 0 16 19 17 25 34 0 3 0 0 0 0 0 0 0 0 19 16 0 0 0 0
P1333 2009 4 0 17 0 16 21 0 0 0 0 6 0 0 0 14 0 0 8 7 0 0 0 0 0 37 0 12 0 0 0 0 -999
P1333 2009 5 0 19 7 0 0 0 9 0 15 7 14 0 3 0 0 0 0 16 17 0 0 0 18 0 17 11 0 0 0 0 0
P1333 2009 6 0 0 0 12 0 0 0 12 17 0 0 0 0 0 0 0 0 0 0 0 0 0 0 0 0 0 0 0 0 0 -999
P1333 2009 7 0 0 0 0 11 0 0 0 0 0 0 21 15 0 0 0 0 0 0 0 13 0 0 0 0 0 0 0 0 0 0
P1333 2009 8 0 0 0 0 0 0 0 0 0 0 0 0 0 0 0 0 0 0 0 0 0 0 30 0 0 10 0 0 0 23 26
P1333 2009 9 0 0 2 0 0 0 0 0 0 0 0 0 0 0 0 0 0 17 20 0 27 13 0 0 6 11 0 0 14 0 -999
P1333 2009 10 0 0 0 0 0 0 0 0 0 0 0 0 22 22 29 0 0 0 10 0 0 7 0 0 7 0 0 0 0 5 0
P1333 2009 11 0 0 0 0 0 0 0 0 0 0 0 0 0 0 0 0 7 0 0 0 0 0 5 0 0 0 14 4 0 0 -999
P1333 2009 12 0 0 0 0 0 0 5 0 0 0 7 8 0 0 0 0 0 0 11 0 0 0 0 0 6 16 0 0 0 0 7
P1333 2010 1 0 9 17 13 0 8 20 20 23 25 30 19 22 23 0 0 0 0 0 0 0 0 0 0 0 0 0 21 17 0 0
P1333 2010 2 0 19 22 0 0 12 0 18 0 9 12 0 0 0 0 11 0 11 0 0 0 0 0 0 0 0 6 8 -999 -999 -999
P1333 2010 3 0 0 0 0 0 18 25 59 51 33 47 0 0 6 17 17 18 0 0 40 0 0 8 0 0 0 0 0 0 0 15
P1333 2010 4 0 0 0 11 0 0 0 20 0 0 0 21 16 7 0 16 20 24 11 14 17 13 0 0 9 0 20 0 0 0 -999
P1333 2010 5 0 0 19 0 0 13 0 23 0 0 41 0 0 0 0 0 9 8 0 10 12 0 0 0 33 39 16 0 0 11 0
P1333 2010 6 0 12 0 0 15 0 0 0 0 0 0 0 0 0 0 0 0 0 12 0 23 0 0 0 0 0 0 0 0 0 -999
P1333 2010 7 0 0 0 9 0 0 0 21 0 14 0 0 0 0 0 0 0 0 0 0 0 0 0 0 0 0 0 0 20 0 0
P1333 2010 8 0 0 0 0 0 0 0 0 0 0 0 10 0 0 0 0 0 0 0 0 0 0 0 0 0 0 0 0 0 0 0
P1333 2010 9 0 0 0 5 0 0 0 0 0 0 0 0 0 0 0 0 0 23 0 9 0 0 0 0 0 0 0 0 12 0 -999
P1333 2010 10 0 0 0 0 0 0 0 0 0 0 7 0 0 6 0 0 8 0 0 0 21 28 14 0 0 0 0 0 0 0 4
P1333 2010 11 0 0 0 7 0 0 6 0 0 0 0 0 0 0 0 0 0 0 0 0 0 0 8 0 27 20 8 0 0 0 -999
P1333 2010 12 16 14 9 0 0 0 0 18 37 0 0 0 0 17 14 0 0 0 1 0 0 0 0 0 0 0 5 0 0 0 0
P1333 2011 1 0 0 0 0 0 4 7 17 21 21 18 22 14 0 0 11 0 0 0 0 0 9 13 0 0 0 0 0 0 6 0
P1333 2011 2 0 0 4 0 5 0 5 0 0 0 0 0 0 0 2 0 0 0 0 0 0 0 6 0 0 0 0 40 -999 -999 -999
P1333 2011 3 31 0 0 68 46 0 0 0 0 10 19 0 23 11 15 13 15 13 11 9 11 12 12 11 0 0 0 21 0 0 0
P1333 2011 4 0 0 13 0 0 0 0 0 0 0 18 0 0 9 0 0 37 0 26 29 24 11 0 8 0 0 0 0 0 0 -999
P1333 2011 5 12 0 0 8 12 0 0 0 0 0 0 0 0 0 0 0 0 0 0 0 10 0 6 0 0 0 0 0 0 0 0
P1333 2011 6 5 0 0 0 0 0 0 13 0 0 0 0 0 0 0 0 0 0 0 0 0 13 0 0 12 0 15 0 0 0 -999
P1333 2011 7 0 0 5 0 0 0 0 0 0 0 0 0 0 0 0 0 12 0 0 0 0 0 0 0 0 0 0 0 0 0 8
P1333 2011 8 0 0 0 0 0 0 0 0 0 0 0 0 0 0 0 0 0 0 11 0 0 0 0 0 0 0 0 0 0 9 0
P1333 2011 9 9 13 0 0 0 0 13 0 15 12 0 0 0 0 0 0 0 0 0 0 0 0 11 0 0 0 0 0 0 0 -999
P1333 2011 10 0 0 0 0 0 33 16 0 0 0 14 0 0 17 0 10 0 0 3 8 0 0 36 27 0 0 0 10 0 21 23
P1333 2011 11 0 0 0 0 4 0 26 0 12 0 19 35 43 0 0 0 37 0 0 6 7 14 14 0 0 0 0 6 0 0 -999
P1333 2011 12 13 0 8 3 0 0 8 0 0 7 0 0 5 0 0 0 4 0 2 6 7 0 2 0 0 7 0 0 0 0 0
P1333 2012 1 4 7 0 0 0 0 0 0 0 0 8 14 12 0 6 0 0 0 0 17 15 0 23 37 30 0 16 8 0 0 0
P1333 2012 2 0 0 0 26 0 0 0 0 0 0 0 0 0 0 0 0 0 0 7 13 39 38 22 0 0 0 0 0 -999 -999 -999
P1333 2012 3 0 7 45 65 36 14 0 0 0 5 0 0 0 0 0 0 20 0 0 31 0 0 16 0 0 0 0 0 0 0 0
P1333 2012 4 9 0 0 0 0 0 0 0 0 0 9 0 0 18 20 13 12 0 16 0 18 0 22 19 13 17 0 0 0 0 -999
P1333 2012 5 0 34 0 0 0 0 67 0 0 0 17 0 0 0 0 0 10 0 0 8 0 17 10 14 0 11 0 0 0 0 0
P1333 2012 6 0 0 0 0 0 0 0 0 0 17 13 0 15 23 0 0 0 0 0 0 0 0 0 15 0 0 0 0 0 0 -999
P1333 2012 7 0 0 0 0 0 0 0 0 0 0 0 0 9 0 0 0 0 22 0 0 18 15 0 0 0 0 0 0 0 0 0
P1333 2012 8 22 0 0 0 0 0 0 0 0 0 0 0 6 0 0 0 0 18 0 0 0 0 0 18 0 0 11 0 13 12 0
P1333 2012 9 0 0 0 0 0 0 0 8 0 0 0 0 16 0 0 0 0 8 0 11 0 0 0 0 0 0 33 26 0 11 -999
P1333 2012 10 11 14 0 0 0 0 0 0 14 15 0 0 0 0 0 0 12 0 5 0 0 22 18 24 0 17 13 0 0 0 1
P1333 2012 11 2 6 27 0 2 2 0 0 0 0 0 0 6 0 0 0 0 0 16 0 0 0 0 0 0 8 0 0 18 0 -999
P1333 2012 12 4 0 0 19 24 0 0 5 0 0 0 0 0 9 0 0 0 0 10 0 0 0 0 0 0 0 0 0 0 2 5
P1333 2013 1 0 11 0 1 0 0 0 0 0 0 0 0 0 0 0 6 3 0 0 0 5 0 0 4 4 7 0 0 3 0 0
P1333 2013 2 0 12 0 0 0 0 0 0 0 0 0 0 9 11 2 11 17 17 7 0 0 6 3 0 0 16 0 0 -999 -999 -999
P1333 2013 3 0 0 0 21 5 7 26 0 0 34 21 16 0 0 0 14 0 0 0 0 34 0 11 14 0 0 0 0 26 0 24
P1333 2013 4 34 32 0 0 13 0 0 0 8 0 0 0 0 0 0 17 11 0 0 0 0 11 0 0 24 13 0 0 0 0 -999
P1333 2013 5 13 14 0 17 0 0 0 0 16 12 12 6 0 0 0 0 0 13 19 13 0 0 0 0 0 0 9 0 0 0 0
P1333 2013 6 0 0 8 0 0 0 0 20 24 9 0 0 0 0 11 0 10 12 0 0 0 0 0 0 0 0 0 0 0 14 -999
P1333 2013 7 0 0 0 0 0 14 12 0 0 0 0 0 0 0 0 0 0 0 0 0 0 0 0 0 0 0 0 0 0 0 0
P1333 2013 8 0 0 13 0 18 0 10 0 0 0 0 0 0 0 0 0 0 0 0 11 0 0 0 0 0 0 0 0 0 0 0
P1333 2013 9 0 0 13 0 0 0 0 0 0 0 0 0 0 0 0 0 0 14 0 0 0 0 0 8 0 0 0 0 0 0 -999
P1333 2013 10 0 0 0 0 0 0 0 0 0 0 0 0 0 21 23 24 0 0 0 0 0 0 0 0 0 8 0 0 16 0 0
P1333 2013 11 0 0 6 7 0 0 6 0 19 0 11 0 0 3 0 0 0 18 19 0 0 6 7 9 9 8 7 0 0 0 -999
P1333 2013 12 0 0 3 0 0 6 10 12 0 0 0 0 0 0 5 5 0 0 0 0 0 0 10 16 24 15 17 13 20 0 18
P1333 2014 1 22 0 0 0 0 3 0 0 0 0 0 0 0 0 1 0 0 0 0 13 15 0 0 0 11 19 29 33 49 8 14
P1333 2014 2 0 0 0 0 3 6 0 0 0 0 0 0 0 0 0 0 0 0 0 0 0 0 18 19 14 15 0 37 -999 -999 -999