precip	MIROC5	RCP60	REGRESION	decimas	1
P13090	41.599	-5.666	182	geo	2006	2100	-1
P13090 2006 1 0 0 0 6 0 0 8 0 8 0 18 64 114 0 48 63 50 44 22 10 0 0 15 8 10 14 14 15 0 25 0
P13090 2006 2 17 52 27 21 0 0 0 0 0 0 0 16 16 0 17 0 13 0 20 15 0 0 6 5 0 3 4 9 -999 -999 -999
P13090 2006 3 26 42 62 75 60 71 63 0 0 32 37 25 23 0 24 49 78 75 58 36 0 32 30 0 27 31 30 39 41 33 28
P13090 2006 4 20 34 26 0 17 0 0 0 0 0 0 5 0 9 0 0 13 0 0 0 0 0 0 14 22 0 36 25 0 0 -999
P13090 2006 5 0 19 0 27 22 35 0 11 0 0 6 14 20 19 0 12 13 9 17 14 0 4 0 0 5 0 0 0 0 0 0
P13090 2006 6 0 0 0 0 0 0 0 0 0 7 0 0 17 0 0 0 0 0 0 0 0 0 0 0 18 17 0 14 0 21 -999
P13090 2006 7 16 0 0 9 0 0 0 0 0 0 0 12 0 37 15 0 0 0 0 0 0 13 0 0 0 0 0 0 0 16 0
P13090 2006 8 13 0 0 0 0 0 0 0 0 13 12 0 0 0 0 10 0 0 0 0 0 0 12 0 0 11 0 10 0 21 0
P13090 2006 9 0 0 20 21 0 0 0 12 0 0 0 8 0 0 12 0 0 0 0 14 0 0 14 0 0 0 6 0 0 0 -999
P13090 2006 10 0 2 5 0 0 0 0 0 0 0 12 0 20 0 19 0 0 0 0 0 19 0 0 11 0 19 0 22 12 0 14
P13090 2006 11 0 8 6 0 0 0 32 22 12 0 4 0 0 0 0 0 0 0 3 0 10 0 16 0 0 7 0 0 0 0 -999
P13090 2006 12 0 0 0 0 0 0 0 41 52 0 19 20 20 21 52 53 0 0 0 0 16 38 67 33 39 35 26 26 36 0 14
P13090 2007 1 15 0 11 0 0 0 0 0 0 0 0 0 0 5 0 0 0 0 0 0 0 0 0 0 0 8 0 0 11 0 9
P13090 2007 2 0 0 0 10 0 0 16 50 100 0 20 0 0 0 9 0 12 21 0 18 19 0 27 24 35 32 0 19 -999 -999 -999
P13090 2007 3 14 20 0 37 41 18 0 10 10 0 14 20 28 51 22 0 22 14 0 30 0 13 0 0 0 0 0 4 0 0 0
P13090 2007 4 0 0 0 0 0 0 0 0 0 0 0 29 35 0 9 16 25 36 38 26 0 11 23 0 0 8 0 0 0 0 -999
P13090 2007 5 0 0 12 0 40 0 0 0 19 20 18 0 0 17 17 15 12 20 20 0 0 0 2 0 0 0 0 0 0 0 0
P13090 2007 6 0 11 0 12 0 15 0 0 0 0 9 0 0 0 0 0 0 0 11 0 0 0 19 0 0 0 0 0 0 0 -999
P13090 2007 7 13 0 15 0 0 11 0 0 20 21 0 26 0 0 12 24 0 0 16 0 18 0 0 0 0 0 0 0 0 0 0
P13090 2007 8 0 0 0 11 0 0 0 0 0 0 0 0 0 0 0 0 0 0 0 0 17 6 4 0 0 0 17 0 0 0 0
P13090 2007 9 0 0 0 0 0 0 0 0 0 0 13 16 0 0 0 0 0 5 0 0 0 0 11 16 16 0 0 0 0 0 -999
P13090 2007 10 0 0 0 0 0 0 0 0 15 15 0 19 0 33 16 19 0 48 13 0 0 35 0 0 0 0 28 0 0 0 0
P13090 2007 11 5 0 9 0 0 0 0 0 0 0 40 34 0 27 8 0 0 0 0 0 0 5 0 0 2 0 0 6 0 0 -999
P13090 2007 12 0 5 6 0 0 0 0 0 0 2 0 0 0 0 6 12 19 0 11 0 0 0 0 0 0 10 0 6 0 0 0
P13090 2008 1 0 13 19 22 8 0 0 0 0 0 0 0 9 14 0 13 0 0 15 20 42 41 14 12 24 57 48 28 29 39 57
P13090 2008 2 82 38 63 38 30 45 30 48 0 0 37 0 10 10 32 27 0 39 22 0 9 0 7 5 6 0 19 0 -999 -999 -999
P13090 2008 3 0 0 0 0 0 0 0 0 0 0 0 15 20 0 5 0 0 0 0 0 0 12 0 0 0 0 3 0 1 0 0
P13090 2008 4 0 0 0 0 0 0 3 0 0 5 6 0 17 21 34 32 0 0 0 0 0 0 0 0 0 0 0 0 14 16 -999
P13090 2008 5 12 0 0 5 0 0 0 0 11 0 35 18 17 22 0 0 0 0 18 24 0 22 0 0 0 9 0 0 0 0 0
P13090 2008 6 9 0 0 0 0 18 11 0 0 17 0 14 0 29 0 7 0 0 8 0 0 0 0 0 0 0 0 0 0 0 -999
P13090 2008 7 0 0 0 11 0 19 0 0 0 0 0 11 0 0 0 0 0 0 0 0 0 0 14 17 0 0 0 0 0 0 0
P13090 2008 8 0 0 6 8 0 11 17 0 0 0 12 0 0 0 7 11 0 0 5 0 0 0 0 0 0 0 0 0 0 0 0
P13090 2008 9 0 0 0 0 0 0 10 0 0 0 17 0 0 0 13 0 0 0 0 0 0 14 0 19 21 0 0 0 29 0 -999
P13090 2008 10 25 0 9 0 0 0 0 11 6 0 29 0 0 0 0 0 0 0 0 17 18 18 23 18 17 31 29 0 0 0 17
P13090 2008 11 0 5 19 0 3 0 0 0 5 0 14 0 0 0 0 0 18 28 0 0 0 0 0 0 0 0 0 0 0 2 -999
P13090 2008 12 0 0 0 0 0 0 0 3 6 14 15 0 7 8 0 3 0 5 0 0 0 8 0 0 0 0 16 12 0 0 0
P13090 2009 1 0 0 0 0 0 0 0 0 0 0 0 0 6 7 0 0 1 0 0 0 0 0 0 0 0 0 0 0 0 0 0
P13090 2009 2 0 0 5 6 4 3 2 0 0 0 0 2 4 0 0 0 0 0 0 0 0 0 0 0 0 2 0 11 -999 -999 -999
P13090 2009 3 0 0 25 0 0 0 10 27 0 0 0 0 5 0 14 21 45 42 30 20 0 0 27 0 0 36 0 0 0 0 0
P13090 2009 4 0 13 7 10 17 0 0 7 5 5 8 13 13 0 0 0 0 0 10 11 0 0 0 5 0 0 0 17 22 0 -999
P13090 2009 5 19 21 16 18 0 18 0 0 14 9 0 0 0 0 0 0 0 0 0 18 0 0 0 14 0 0 6 0 12 0 0
P13090 2009 6 0 0 0 0 0 16 0 0 0 0 0 0 0 19 19 0 0 0 0 0 0 13 0 0 0 0 0 0 0 0 -999
P13090 2009 7 0 0 0 0 0 0 0 0 0 0 17 0 0 0 0 0 0 0 0 0 19 0 13 0 0 0 0 11 0 0 29
P13090 2009 8 0 0 0 0 8 0 0 0 10 0 0 0 0 0 0 0 0 0 0 0 0 13 19 16 0 0 0 0 13 20 0
P13090 2009 9 23 18 0 0 0 0 0 0 0 27 0 0 0 0 0 0 14 11 0 0 0 21 0 0 0 0 8 0 0 0 -999
P13090 2009 10 9 0 0 5 0 0 0 0 0 0 0 13 12 12 12 0 17 14 10 0 10 0 19 32 0 0 0 0 8 0 0
P13090 2009 11 0 0 0 0 0 0 0 10 0 0 0 0 8 0 0 0 9 0 0 23 0 11 28 0 0 0 10 14 0 0 -999
P13090 2009 12 15 25 29 19 48 0 33 18 15 32 0 0 13 11 0 0 17 34 0 13 12 14 20 21 0 37 37 28 19 14 16
P13090 2010 1 16 15 30 55 28 9 0 0 11 8 0 0 11 5 10 0 12 7 0 17 0 0 0 4 0 0 0 5 0 0 0
P13090 2010 2 8 5 3 0 9 11 0 3 0 0 0 1 0 0 0 0 0 0 0 0 0 0 0 0 2 0 0 0 -999 -999 -999
P13090 2010 3 0 4 0 7 0 9 8 11 31 26 15 0 0 0 0 0 7 16 33 11 0 0 0 0 0 0 0 5 0 0 0
P13090 2010 4 12 0 22 0 0 0 0 32 0 0 15 13 0 15 33 17 6 0 0 0 0 11 7 0 11 5 0 9 16 12 -999
P13090 2010 5 0 0 14 17 0 0 6 0 0 0 11 0 0 0 0 16 0 18 0 0 0 9 0 0 0 27 0 13 13 0 0
P13090 2010 6 0 15 0 0 0 0 0 0 0 0 0 16 22 0 0 0 0 0 0 0 8 12 0 0 0 0 0 13 0 17 -999
P13090 2010 7 21 20 0 0 0 0 0 0 0 0 0 0 7 0 12 0 8 0 0 0 0 0 0 0 0 0 0 7 0 0 0
P13090 2010 8 26 0 0 0 0 0 0 16 0 0 0 0 0 0 22 0 0 0 0 0 0 0 0 0 0 0 0 0 0 0 0
P13090 2010 9 0 11 0 14 0 0 0 0 18 0 0 18 12 8 0 0 0 0 0 0 0 15 0 0 0 0 0 6 0 0 -999
P13090 2010 10 0 0 0 0 0 0 0 0 0 0 39 0 41 26 0 0 0 0 0 9 0 16 0 5 0 0 0 0 15 8 8
P13090 2010 11 0 0 11 0 0 0 0 0 0 0 0 0 0 0 0 6 0 8 0 0 0 0 0 0 8 0 0 0 0 0 -999
P13090 2010 12 2 0 0 0 0 0 0 5 6 6 0 14 26 0 0 0 0 0 0 0 0 0 0 0 0 0 0 0 0 0 0
P13090 2011 1 0 0 8 12 14 0 0 3 0 5 0 0 0 0 15 0 2 0 0 0 0 16 26 13 15 8 0 2 1 2 0
P13090 2011 2 11 7 0 25 30 34 26 13 0 0 0 0 9 0 0 0 0 0 9 11 14 26 0 7 8 0 0 23 -999 -999 -999
P13090 2011 3 20 15 11 0 0 0 0 0 0 10 0 0 14 0 0 37 0 16 12 16 15 26 46 99 28 0 27 55 0 0 0
P13090 2011 4 0 25 18 0 9 9 0 0 17 0 0 12 11 0 0 12 25 0 16 0 0 0 0 0 0 0 0 0 0 0 -999
P13090 2011 5 0 12 6 0 0 0 0 0 0 26 0 11 0 0 0 0 0 0 0 28 27 0 0 15 0 0 0 0 0 6 0
P13090 2011 6 9 0 9 0 0 0 0 0 0 0 0 0 0 0 0 10 0 0 0 0 15 0 0 0 12 15 0 0 0 0 -999
P13090 2011 7 0 0 0 0 0 0 0 5 0 0 0 0 0 0 0 0 0 0 0 16 0 16 0 5 0 0 0 0 0 0 0
P13090 2011 8 5 0 15 0 4 0 0 0 0 0 0 15 6 0 0 0 0 0 12 0 0 0 0 0 0 0 0 0 0 17 0
P13090 2011 9 9 0 0 0 0 0 0 0 21 0 0 0 0 0 0 0 2 0 0 0 7 0 0 0 8 9 0 0 0 0 -999
P13090 2011 10 0 0 0 6 0 5 0 0 0 11 0 12 0 19 0 0 0 14 6 0 0 16 17 14 0 0 0 9 10 0 0
P13090 2011 11 0 3 0 0 34 42 23 0 0 0 0 0 9 6 5 0 29 17 0 0 10 27 17 13 0 0 0 0 0 0 -999
P13090 2011 12 0 20 19 0 0 0 0 0 0 0 0 13 8 0 0 38 39 38 40 38 38 19 0 0 0 22 24 0 24 0 43
P13090 2012 1 31 0 0 0 0 0 0 5 0 0 0 0 0 0 0 0 0 1 0 0 0 0 0 0 0 0 0 10 13 0 3
P13090 2012 2 0 11 17 8 0 5 0 4 0 0 0 0 0 0 2 0 0 11 23 15 0 5 0 0 0 1 0 7 -999 -999 -999
P13090 2012 3 23 24 0 0 0 0 0 0 0 0 0 0 12 8 0 22 0 0 19 34 35 0 0 26 15 0 4 0 0 0 0
P13090 2012 4 0 0 0 0 0 0 16 15 0 0 0 0 0 43 0 0 14 7 0 6 0 6 9 27 27 17 24 0 0 21 -999
P13090 2012 5 14 0 0 8 0 0 0 10 0 16 0 0 19 0 21 0 15 0 8 0 0 10 9 0 0 0 0 0 0 0 0
P13090 2012 6 0 0 0 0 0 0 0 0 0 0 11 0 0 13 0 0 0 0 0 0 11 0 0 7 0 0 0 0 0 0 -999
P13090 2012 7 0 0 0 0 0 0 0 0 0 0 0 0 0 0 0 0 20 0 6 0 0 0 0 0 0 0 0 0 0 0 0
P13090 2012 8 0 9 0 14 0 0 0 0 0 0 0 0 0 0 10 0 0 0 0 10 0 0 0 0 0 0 11 0 0 0 0
P13090 2012 9 0 0 0 0 0 0 0 0 0 0 0 0 0 8 0 0 0 11 0 0 0 0 0 0 0 0 0 0 0 0 -999
P13090 2012 10 7 0 0 0 0 0 0 0 0 27 0 0 0 10 23 24 25 0 27 13 20 0 0 8 11 15 27 16 19 37 0
P13090 2012 11 33 33 28 0 13 18 0 0 10 30 22 0 0 0 5 0 10 0 43 34 18 0 0 0 0 10 11 21 28 0 -999
P13090 2012 12 8 0 0 0 15 50 45 42 0 19 17 10 19 0 28 32 0 12 0 0 15 17 8 0 0 0 0 5 11 0 28
P13090 2013 1 12 9 14 27 0 0 0 10 0 0 0 0 0 0 0 0 0 0 0 0 0 0 0 2 0 0 0 0 15 0 0
P13090 2013 2 0 0 3 0 0 5 0 0 10 4 0 0 24 53 0 0 12 43 53 41 33 43 34 44 0 0 0 0 -999 -999 -999
P13090 2013 3 12 14 13 17 9 5 0 26 0 39 71 64 45 18 23 32 24 24 27 19 16 39 33 23 24 11 16 0 30 32 40
P13090 2013 4 24 10 9 14 0 17 16 7 0 0 0 0 0 14 0 22 0 10 0 12 26 0 12 25 30 0 0 7 0 9 -999
P13090 2013 5 0 0 0 16 0 0 10 0 0 25 23 12 0 0 25 27 0 18 14 0 0 0 0 10 0 0 0 6 0 0 0
P13090 2013 6 0 0 0 0 0 0 0 28 30 35 29 25 0 0 0 0 0 0 0 11 0 0 0 0 0 0 32 29 28 16 -999
P13090 2013 7 11 0 7 0 0 0 17 0 0 0 0 0 0 0 0 0 0 0 0 0 0 0 0 0 0 0 0 17 17 0 0
P13090 2013 8 0 0 0 0 15 0 0 19 19 17 0 0 0 0 11 0 0 0 0 0 0 0 0 15 0 0 0 0 0 20 30
P13090 2013 9 25 0 0 0 0 0 0 0 0 0 0 0 0 0 8 8 0 0 0 16 0 13 0 3 0 0 0 0 0 0 -999
P13090 2013 10 0 0 12 0 0 0 0 11 0 22 16 0 0 0 8 0 14 0 0 0 0 0 0 0 0 0 0 0 6 0 0
P13090 2013 11 0 0 0 0 0 0 0 0 0 6 6 4 0 0 5 9 14 77 101 38 0 73 75 39 0 73 0 16 8 0 -999
P13090 2013 12 12 33 24 18 0 0 0 0 0 0 0 12 0 0 13 9 7 0 5 9 11 19 18 31 24 31 12 0 37 26 14
P13090 2014 1 18 0 0 0 21 21 13 0 0 0 15 0 0 0 19 11 0 0 0 0 0 0 0 10 0 0 36 0 57 37 22
P13090 2014 2 23 27 19 27 0 45 35 39 24 26 7 0 19 0 0 0 0 13 11 5 9 8 13 0 0 0 0 0 -999 -999 -999