precip	MIROC5	RCP60	REGRESION	decimas	1
P14346	41.796	0.039	182	geo	2006	2100	-1
P14346 2006 1 0 0 9 0 6 0 0 0 0 0 0 0 43 42 0 18 17 18 28 0 0 0 0 0 0 2 0 11 0 0 0
P14346 2006 2 0 0 0 0 4 0 0 0 0 0 0 0 0 20 0 0 0 4 0 15 0 18 0 10 0 0 0 4 -999 -999 -999
P14346 2006 3 0 17 24 26 27 29 36 45 34 19 36 0 0 18 16 22 32 30 23 0 16 0 16 11 0 0 0 14 29 0 35
P14346 2006 4 19 0 11 0 19 0 0 35 26 0 0 0 0 10 0 0 0 0 0 0 0 0 0 0 13 20 0 0 0 27 -999
P14346 2006 5 0 21 20 16 0 25 0 10 0 0 0 0 0 0 31 0 0 0 0 11 0 0 0 0 0 0 7 0 0 0 0
P14346 2006 6 0 10 0 0 0 10 9 0 0 0 0 0 18 0 14 0 0 0 13 0 0 0 0 0 16 0 15 17 0 23 -999
P14346 2006 7 0 0 0 0 0 24 0 0 0 0 0 0 0 21 16 0 0 0 0 23 28 0 0 0 0 0 0 0 0 19 0
P14346 2006 8 28 0 0 0 0 0 0 0 0 0 0 0 20 22 0 0 0 0 0 0 18 0 0 0 0 0 0 0 0 15 20
P14346 2006 9 16 0 0 0 17 23 0 0 0 0 0 0 0 0 0 14 19 0 31 0 7 0 0 0 29 0 0 0 0 0 -999
P14346 2006 10 0 0 0 0 0 0 0 12 14 0 15 0 0 0 0 22 0 0 0 0 0 0 0 0 0 0 5 8 6 2 3
P14346 2006 11 0 0 0 0 0 0 0 14 0 0 0 0 0 0 0 0 0 0 0 0 14 0 0 32 18 9 0 0 0 0 -999
P14346 2006 12 0 0 0 0 5 0 0 0 18 0 19 0 29 21 0 20 17 0 0 0 10 14 0 38 12 17 0 0 0 0 7
P14346 2007 1 0 0 0 0 2 0 0 0 0 0 0 0 0 0 2 0 0 0 0 0 0 8 0 0 0 0 0 14 16 0 0
P14346 2007 2 0 0 9 0 0 13 13 32 67 48 27 18 17 12 0 8 8 14 0 0 0 18 0 30 19 9 0 0 -999 -999 -999
P14346 2007 3 12 0 0 13 0 0 0 9 0 0 0 26 42 27 21 12 7 0 0 13 0 18 0 0 9 0 0 5 0 0 0
P14346 2007 4 0 0 0 0 0 0 0 2 0 0 0 0 0 0 0 0 0 0 0 19 21 25 22 0 0 0 0 0 0 0 -999
P14346 2007 5 0 0 6 17 21 21 0 0 0 0 0 0 0 41 24 0 13 0 25 0 15 0 0 0 10 0 0 0 0 0 17
P14346 2007 6 0 0 18 0 0 0 0 0 0 0 0 0 0 0 0 22 0 0 12 0 0 0 24 19 12 0 0 0 29 30 -999
P14346 2007 7 0 0 0 0 0 0 0 0 0 0 0 30 28 0 0 14 0 0 41 0 18 0 0 0 0 16 0 30 0 0 0
P14346 2007 8 0 0 0 0 0 0 0 0 0 0 0 0 0 26 0 10 0 16 21 0 23 0 0 0 0 26 0 0 0 20 0
P14346 2007 9 0 0 0 0 0 0 2 0 9 0 0 0 0 0 0 0 0 0 0 0 0 0 0 0 0 0 9 0 0 0 -999
P14346 2007 10 0 0 0 0 0 0 0 0 0 16 22 23 0 0 0 5 0 0 14 0 10 25 19 0 0 0 0 0 0 0 0
P14346 2007 11 5 0 8 0 0 0 0 0 0 0 0 0 0 0 0 8 0 0 0 0 0 8 0 0 0 0 7 0 0 0 -999
P14346 2007 12 16 10 11 0 28 30 22 0 0 0 0 0 0 0 0 0 0 12 10 0 0 0 0 0 5 0 0 6 5 0 0
P14346 2008 1 0 7 20 22 0 0 0 0 0 16 11 12 0 0 17 0 5 0 6 0 14 14 0 6 7 0 16 16 0 14 0
P14346 2008 2 28 18 12 18 10 10 14 17 0 25 25 22 0 0 6 0 0 23 49 0 0 0 0 0 0 39 38 58 -999 -999 -999
P14346 2008 3 58 0 0 0 0 0 0 0 0 0 7 0 0 0 0 0 0 0 0 0 0 0 0 0 0 8 0 1 0 0 0
P14346 2008 4 0 0 0 13 0 0 0 0 0 0 0 0 0 0 0 0 20 18 0 0 0 0 0 0 3 0 0 0 13 0 -999
P14346 2008 5 0 0 14 0 15 32 24 13 0 0 26 0 0 0 0 20 0 0 0 26 31 0 22 19 0 0 0 0 0 11 19
P14346 2008 6 0 0 0 0 0 14 0 0 0 17 0 0 0 24 19 0 0 20 14 0 11 13 18 0 0 0 0 0 0 0 -999
P14346 2008 7 0 3 0 11 0 0 0 0 31 27 0 20 0 0 0 0 14 0 0 0 0 0 13 0 17 0 0 0 0 0 0
P14346 2008 8 0 0 0 16 0 0 0 0 0 26 0 0 0 14 0 0 13 0 0 0 0 0 0 0 0 19 26 0 0 0 0
P14346 2008 9 0 8 0 0 0 0 0 0 0 0 20 0 0 16 0 0 13 0 0 0 0 8 0 0 0 17 0 0 19 0 -999
P14346 2008 10 0 0 0 0 0 0 14 18 0 0 0 25 20 21 0 12 0 0 0 14 16 0 0 18 18 0 23 13 21 18 0
P14346 2008 11 15 0 0 20 0 0 0 0 14 9 10 16 0 0 0 0 0 0 0 0 0 0 0 0 0 0 0 0 0 0 -999
P14346 2008 12 0 2 0 0 0 0 0 0 9 12 0 0 0 0 0 0 4 0 3 0 0 0 0 0 0 0 0 0 0 0 0
P14346 2009 1 0 0 0 0 0 0 0 0 0 0 0 16 0 0 6 0 0 0 0 0 0 0 0 0 0 3 0 0 0 0 0
P14346 2009 2 0 0 0 9 0 7 12 0 0 0 4 0 0 2 0 0 0 0 0 0 0 0 0 0 0 0 0 13 -999 -999 -999
P14346 2009 3 25 39 27 0 0 0 0 0 34 28 0 0 0 10 28 0 8 8 5 6 0 0 0 0 0 28 21 35 19 24 0
P14346 2009 4 13 40 49 18 16 32 32 0 7 0 0 19 0 28 19 20 0 0 0 20 27 20 0 0 10 0 0 0 15 23 -999
P14346 2009 5 49 46 0 0 0 29 0 13 0 35 0 15 0 0 0 0 0 0 0 0 0 0 30 0 17 0 0 0 0 0 12
P14346 2009 6 0 12 0 11 18 0 21 14 9 17 0 0 9 0 0 0 0 0 0 0 0 0 0 0 0 14 0 0 0 0 -999
P14346 2009 7 19 0 18 19 21 0 0 0 0 0 32 0 0 22 0 0 8 0 0 0 20 0 0 0 0 0 0 0 0 0 0
P14346 2009 8 0 15 0 0 0 0 0 17 0 0 0 13 13 0 0 0 0 0 0 0 0 12 0 0 16 0 0 0 16 0 0
P14346 2009 9 0 0 0 0 0 0 5 10 0 0 0 0 0 0 0 0 21 0 0 16 0 0 19 0 0 0 0 0 0 0 -999
P14346 2009 10 11 0 0 0 0 0 0 0 0 0 0 0 0 0 0 0 20 27 26 0 12 8 0 0 0 0 0 0 0 7 0
P14346 2009 11 0 0 0 0 0 0 11 0 5 0 0 0 2 0 0 0 19 0 0 8 0 0 9 0 0 0 14 0 0 12 -999
P14346 2009 12 0 0 6 0 6 16 32 0 16 21 28 0 0 0 0 4 0 0 19 0 10 6 0 0 0 18 0 0 0 6 0
P14346 2010 1 5 0 17 31 22 0 0 6 0 0 0 0 9 7 0 0 4 0 0 0 0 4 0 0 0 0 0 0 0 0 12
P14346 2010 2 0 0 0 0 0 22 19 13 5 0 0 0 0 0 0 0 0 0 0 0 0 0 0 14 0 0 0 0 -999 -999 -999
P14346 2010 3 2 0 0 0 4 0 24 19 0 0 17 10 0 6 0 0 0 6 19 49 25 0 0 0 0 0 0 0 0 0 0
P14346 2010 4 0 10 14 15 0 0 0 26 23 22 25 0 31 30 28 42 0 0 0 0 19 20 0 0 30 0 0 0 30 0 -999
P14346 2010 5 0 0 0 22 21 0 0 0 0 0 22 0 0 17 0 26 21 0 14 0 0 0 0 0 0 0 31 0 0 17 0
P14346 2010 6 22 18 0 0 0 0 0 9 5 0 0 19 0 0 16 26 0 6 0 0 0 12 0 0 0 0 0 0 0 23 -999
P14346 2010 7 0 22 20 0 19 18 0 0 0 0 0 0 0 0 10 0 0 0 0 0 12 0 0 0 0 0 0 13 0 0 0
P14346 2010 8 0 29 0 0 16 0 0 0 17 0 0 22 0 0 17 0 0 0 15 0 0 0 0 0 0 0 0 0 0 4 0
P14346 2010 9 15 0 16 0 0 0 0 0 0 37 35 0 41 0 17 0 7 0 0 0 0 10 0 17 17 0 11 0 0 0 -999
P14346 2010 10 0 0 0 0 7 11 0 0 0 15 21 0 15 23 0 10 10 0 11 0 0 0 32 0 0 0 0 0 0 0 0
P14346 2010 11 3 0 0 0 0 0 0 0 0 0 0 0 0 0 0 7 0 0 4 0 0 0 0 0 0 0 0 0 0 0 -999
P14346 2010 12 0 5 0 0 11 7 7 0 0 4 0 0 0 25 0 0 0 0 0 0 0 0 0 0 3 0 0 0 0 0 0
P14346 2011 1 0 0 0 5 5 0 0 0 0 0 0 0 0 0 7 6 0 0 0 0 0 7 0 14 4 0 0 0 0 0 3
P14346 2011 2 4 0 0 0 7 9 5 0 0 0 0 0 0 0 4 3 0 0 0 0 0 0 0 0 4 4 0 21 -999 -999 -999
P14346 2011 3 23 14 0 0 0 0 7 0 0 5 9 0 12 0 17 38 68 26 0 0 16 16 16 27 25 9 0 0 0 0 9
P14346 2011 4 0 20 16 16 13 0 0 10 0 17 15 21 26 27 0 0 0 27 19 18 20 0 0 0 0 0 0 0 0 9 -999
P14346 2011 5 0 0 0 0 10 9 11 0 0 30 0 0 0 14 0 12 0 0 0 0 0 33 0 0 0 22 28 0 0 0 0
P14346 2011 6 0 0 0 0 0 0 0 0 0 0 25 0 0 0 0 0 0 0 0 0 0 0 24 23 30 0 0 22 0 0 -999
P14346 2011 7 0 0 0 0 0 0 0 0 0 0 0 0 0 0 0 0 0 0 0 0 0 0 0 0 0 17 0 0 0 0 0
P14346 2011 8 0 0 20 0 0 0 0 0 0 0 0 0 15 0 13 13 0 0 0 16 0 0 16 0 13 0 0 10 16 0 0
P14346 2011 9 38 12 0 0 0 0 0 0 24 38 0 0 0 0 0 0 0 0 0 0 0 0 0 0 7 0 4 0 0 0 -999
P14346 2011 10 0 0 0 0 10 0 0 0 0 0 0 0 0 0 0 0 0 0 0 0 0 0 15 0 0 0 0 0 21 29 39
P14346 2011 11 0 0 8 9 19 22 56 0 0 0 0 0 0 6 0 0 13 0 0 0 0 28 52 33 0 0 0 0 0 0 -999
P14346 2011 12 0 0 14 26 10 0 5 0 0 2 0 6 0 0 1 0 13 0 0 19 25 10 10 9 0 18 0 0 0 5 0
P14346 2012 1 0 0 0 0 0 0 0 0 0 0 0 3 0 0 0 3 0 0 0 0 16 0 0 0 0 0 0 0 0 0 4
P14346 2012 2 0 0 24 20 0 0 0 0 0 1 0 0 0 0 0 0 0 0 0 0 16 0 0 0 0 20 0 0 -999 -999 -999
P14346 2012 3 13 29 30 0 19 0 0 0 0 0 0 0 0 0 0 0 23 0 0 20 0 19 0 0 0 0 0 0 0 0 0
P14346 2012 4 0 10 0 0 0 0 20 14 0 0 4 13 30 37 29 19 26 26 20 0 11 0 0 0 31 36 38 33 0 0 -999
P14346 2012 5 0 0 0 0 0 0 0 0 25 20 0 0 22 21 22 0 0 13 0 0 11 15 16 9 26 33 0 0 0 0 0
P14346 2012 6 0 0 0 0 0 0 0 0 30 0 0 0 24 0 0 0 0 0 0 0 0 14 0 0 0 0 0 0 28 30 -999
P14346 2012 7 0 0 0 9 0 0 0 0 0 0 0 0 0 0 0 0 0 0 27 18 17 0 0 22 0 0 0 0 0 0 0
P14346 2012 8 0 0 0 0 0 0 13 0 0 0 0 0 0 0 0 0 0 0 0 0 0 0 0 9 0 0 0 0 0 0 0
P14346 2012 9 0 0 13 0 0 16 25 0 9 0 0 0 0 0 0 0 0 14 0 0 0 0 6 0 0 0 0 0 0 22 -999
P14346 2012 10 0 0 0 0 0 0 0 0 0 0 0 0 0 0 0 11 0 0 11 0 0 23 0 0 0 0 0 13 0 8 9
P14346 2012 11 0 16 24 31 0 0 2 0 0 0 0 0 0 0 0 0 0 0 0 0 0 0 4 0 4 0 0 0 18 0 -999
P14346 2012 12 20 0 0 0 0 19 41 0 0 0 0 5 0 27 0 0 0 0 0 0 0 0 0 0 0 0 0 0 0 0 0
P14346 2013 1 27 0 0 11 0 3 0 0 0 0 0 0 0 0 0 0 0 0 5 0 0 0 0 2 0 0 0 3 0 0 0
P14346 2013 2 0 0 0 3 0 0 0 0 0 0 0 0 0 0 0 6 0 11 21 14 18 0 12 22 17 0 0 0 -999 -999 -999
P14346 2013 3 0 0 0 8 0 0 0 0 20 0 29 26 24 22 0 0 0 0 0 0 0 0 32 15 0 0 0 27 42 40 46
P14346 2013 4 52 21 0 0 0 0 0 0 0 0 0 0 0 0 0 0 0 0 15 11 21 18 13 0 39 31 6 0 0 0 -999
P14346 2013 5 9 0 11 14 0 0 0 27 30 0 0 0 0 11 18 0 0 23 0 0 0 0 0 0 0 0 0 6 0 0 0
P14346 2013 6 0 0 23 17 17 0 20 26 42 40 0 25 0 0 0 0 0 15 13 0 0 0 12 0 15 0 0 37 0 0 -999
P14346 2013 7 0 0 0 11 12 0 0 38 0 0 0 0 0 0 0 0 0 12 6 0 18 0 22 0 0 0 0 14 0 0 20
P14346 2013 8 0 0 0 37 0 0 0 32 23 0 0 0 0 0 0 0 0 0 0 7 0 9 0 0 0 0 7 0 0 0 0
P14346 2013 9 0 0 0 0 0 9 12 9 0 0 16 0 0 0 0 0 0 0 0 0 0 0 0 0 0 0 0 0 0 0 -999
P14346 2013 10 0 0 0 0 0 0 8 10 0 12 0 0 0 0 0 11 0 21 0 0 0 0 0 0 0 0 0 0 0 0 0
P14346 2013 11 3 0 0 0 0 0 0 6 0 6 0 0 0 4 0 0 7 28 67 53 0 18 23 28 0 0 23 30 0 2 -999
P14346 2013 12 0 14 5 11 0 0 8 0 0 6 0 8 7 6 0 0 0 0 0 0 0 0 0 0 0 9 0 0 0 0 0
P14346 2014 1 9 0 0 0 0 0 0 0 0 0 0 0 0 0 0 0 0 0 0 0 0 0 0 0 0 0 14 20 54 51 21
P14346 2014 2 0 15 13 0 0 11 16 24 0 12 0 0 6 0 0 0 0 0 16 0 0 3 5 6 0 0 0 0 -999 -999 -999