precip	MIROC5	RCP60	REGRESION	decimas	1
P13674	41.586	0.221	182	geo	2006	2100	-1
P13674 2006 1 0 8 9 0 0 9 0 8 0 0 6 0 39 39 0 16 15 15 26 12 0 0 0 0 0 0 0 11 18 0 0
P13674 2006 2 0 0 0 0 0 0 0 0 0 0 0 0 14 20 25 30 10 4 0 14 26 19 0 0 0 0 0 0 -999 -999 -999
P13674 2006 3 0 0 22 24 24 27 33 43 33 0 36 40 26 18 16 22 0 27 20 12 14 13 15 11 0 0 0 0 26 0 32
P13674 2006 4 0 0 10 0 18 0 10 36 28 0 0 0 0 0 0 0 0 0 0 18 4 0 0 0 0 20 36 51 42 27 -999
P13674 2006 5 23 20 0 15 0 24 0 0 0 0 0 0 0 27 29 0 0 0 0 0 0 0 0 0 0 0 0 0 15 11 11
P13674 2006 6 0 0 0 13 0 0 0 0 0 19 0 23 0 0 0 0 0 0 0 0 0 0 11 14 0 20 0 0 0 0 -999
P13674 2006 7 30 23 0 0 16 0 0 28 17 0 0 0 17 0 0 0 0 0 0 0 26 0 0 23 0 0 22 0 0 0 0
P13674 2006 8 0 0 0 0 0 0 0 20 0 0 0 15 0 22 0 0 0 0 0 0 0 0 0 0 16 16 0 0 0 0 0
P13674 2006 9 0 0 0 0 0 0 11 0 0 22 25 0 6 6 0 0 0 0 29 0 0 0 0 30 0 21 0 0 0 15 -999
P13674 2006 10 0 0 0 11 0 0 0 13 14 0 0 0 18 0 24 23 11 0 0 0 0 12 0 0 8 0 5 0 5 0 0
P13674 2006 11 8 0 0 0 9 0 0 0 0 0 0 0 0 0 0 0 0 0 0 0 13 24 0 0 19 10 0 0 0 0 -999
P13674 2006 12 0 0 0 0 0 0 18 14 19 0 0 0 0 0 15 18 0 0 0 0 0 15 26 35 0 16 0 0 6 8 0
P13674 2007 1 0 0 0 1 0 0 0 0 0 0 0 0 0 3 0 0 0 0 16 24 0 0 8 0 19 0 25 14 0 0 10
P13674 2007 2 7 0 8 15 12 0 0 32 63 44 27 18 0 0 0 8 0 14 0 0 0 0 0 32 21 0 0 0 -999 -999 -999
P13674 2007 3 0 9 0 13 0 0 12 0 0 0 0 25 43 26 20 0 0 0 0 12 0 18 0 0 0 0 0 6 5 0 0
P13674 2007 4 0 0 0 0 23 12 0 0 0 0 7 0 0 19 10 0 0 0 25 0 0 0 22 21 18 21 24 13 0 0 -999
P13674 2007 5 0 0 0 0 19 20 22 0 0 15 0 0 40 0 23 0 0 21 0 0 0 0 5 0 0 9 0 0 0 0 0
P13674 2007 6 28 26 0 17 0 0 36 0 0 0 10 0 0 30 24 24 0 11 0 0 18 0 0 19 12 0 0 23 28 0 -999
P13674 2007 7 26 0 0 37 0 0 0 0 11 25 0 29 0 0 0 0 32 35 40 0 17 0 0 0 0 0 22 28 0 0 0
P13674 2007 8 18 18 0 0 0 0 0 0 0 0 0 0 0 0 0 0 0 17 22 22 22 0 3 0 21 0 17 18 0 0 7
P13674 2007 9 0 5 0 0 0 5 0 0 0 12 0 0 0 0 0 23 11 0 0 0 0 0 0 0 10 0 0 0 0 0 -999
P13674 2007 10 0 0 0 0 0 0 6 8 0 16 23 24 0 19 0 0 0 0 0 0 0 0 17 0 0 0 0 13 0 0 4
P13674 2007 11 0 4 0 2 0 0 0 0 7 0 0 19 0 0 0 9 0 0 0 0 0 8 8 0 0 0 0 14 18 26 -999
P13674 2007 12 17 0 11 21 31 32 24 0 0 0 0 0 0 0 0 6 0 0 11 0 0 0 0 0 0 0 0 6 0 0 0
P13674 2008 1 9 0 20 20 0 0 0 0 22 0 0 0 10 10 17 0 0 0 0 9 12 12 12 0 0 12 14 14 10 0 15
P13674 2008 2 24 0 0 17 0 0 13 16 0 0 0 21 0 0 0 13 0 21 48 13 0 0 9 25 37 38 38 59 -999 -999 -999
P13674 2008 3 63 0 0 5 0 0 0 0 0 0 0 0 0 0 0 0 0 0 0 0 0 0 0 0 0 0 0 0 0 4 3
P13674 2008 4 0 0 0 13 0 0 0 0 0 0 0 0 0 0 23 28 20 0 0 0 0 0 0 0 0 0 0 0 0 24 -999
P13674 2008 5 0 0 15 0 0 32 0 0 0 15 25 0 0 23 0 0 16 0 0 26 30 21 20 0 14 16 0 0 0 0 18
P13674 2008 6 19 0 9 0 12 0 12 0 0 0 0 0 0 23 0 0 0 0 0 0 0 0 0 13 0 13 0 0 0 21 -999
P13674 2008 7 10 0 0 0 0 15 20 0 0 0 0 20 18 0 28 0 0 21 0 0 0 0 0 0 0 0 0 0 0 0 0
P13674 2008 8 0 0 26 0 0 0 0 16 0 0 0 0 0 14 0 0 0 0 12 0 13 0 16 0 0 0 25 13 0 0 0
P13674 2008 9 0 0 0 0 0 16 13 0 0 16 0 20 13 15 10 0 13 0 0 0 11 0 0 15 0 0 11 0 18 21 -999
P13674 2008 10 13 0 0 0 0 0 0 0 0 0 0 24 0 21 0 13 0 0 0 0 0 0 0 0 0 13 21 12 21 0 0
P13674 2008 11 0 0 0 0 0 0 0 0 0 0 0 0 0 0 0 0 0 5 0 0 0 0 0 0 0 0 0 0 0 0 -999
P13674 2008 12 0 0 0 0 0 0 0 0 0 11 19 0 0 0 11 5 0 0 0 0 0 0 5 0 0 4 0 0 0 0 0
P13674 2009 1 0 0 0 0 0 0 0 0 6 0 12 16 0 11 7 0 0 0 0 0 0 0 2 0 0 0 0 0 0 0 0
P13674 2009 2 0 8 6 10 15 0 14 0 0 0 0 0 0 0 2 0 0 1 0 0 0 0 0 0 0 0 0 0 -999 -999 -999
P13674 2009 3 25 39 27 0 5 0 4 0 0 0 0 0 0 0 0 16 0 0 0 0 0 0 0 0 13 27 19 33 17 23 16
P13674 2009 4 0 39 0 18 0 31 33 8 0 0 0 19 33 27 18 0 13 0 0 0 27 22 0 9 0 5 0 11 14 0 -999
P13674 2009 5 45 43 17 0 22 0 0 0 15 0 36 15 4 3 0 0 0 0 0 0 40 43 31 24 0 0 10 0 0 0 0
P13674 2009 6 0 13 0 0 0 19 0 0 0 16 14 8 9 13 0 0 30 20 0 0 0 0 0 0 0 0 0 0 10 0 -999
P13674 2009 7 0 0 0 0 0 0 23 0 0 0 33 0 30 0 0 12 0 0 0 0 20 0 0 0 22 0 0 0 0 0 0
P13674 2009 8 28 14 0 0 12 12 0 0 0 24 0 0 0 0 0 0 0 0 9 0 0 13 0 27 17 0 0 0 17 0 0
P13674 2009 9 28 20 5 0 0 0 0 0 0 0 0 28 22 0 0 21 0 0 0 0 0 0 18 18 0 0 0 0 0 0 -999
P13674 2009 10 0 14 15 0 0 0 0 0 0 0 0 0 10 0 0 0 20 27 27 0 0 0 0 0 0 0 0 0 0 0 0
P13674 2009 11 0 0 0 0 0 0 0 0 5 0 0 0 0 0 0 13 18 0 0 0 0 0 9 0 0 22 0 0 0 0 -999
P13674 2009 12 0 0 5 0 0 14 31 30 16 0 25 0 3 0 0 0 0 0 18 17 0 0 0 5 0 0 0 15 0 0 0
P13674 2010 1 0 0 0 29 20 0 12 0 5 10 0 0 0 0 0 0 0 0 0 0 9 0 0 0 0 0 0 0 0 0 0
P13674 2010 2 0 0 0 0 7 22 0 14 0 0 0 0 0 0 4 0 0 0 0 0 0 0 0 0 5 0 0 0 -999 -999 -999
P13674 2010 3 0 0 0 0 4 0 25 21 21 20 0 0 4 7 0 0 0 0 0 49 28 0 0 0 0 0 0 0 0 0 0
P13674 2010 4 0 10 13 0 13 0 0 0 0 22 0 0 31 30 28 42 0 15 0 12 20 0 0 0 28 22 0 0 28 26 -999
P13674 2010 5 16 0 0 0 22 0 0 0 11 0 23 0 0 17 0 26 0 0 0 10 0 14 17 14 0 0 30 0 0 17 0
P13674 2010 6 0 18 20 0 0 14 9 9 0 0 0 0 33 0 0 25 0 0 0 0 0 0 0 0 14 0 0 0 0 23 -999
P13674 2010 7 17 20 0 0 20 0 0 0 21 20 0 16 16 10 0 0 19 0 0 0 13 0 0 21 18 0 18 13 0 0 0
P13674 2010 8 0 0 0 0 0 0 14 0 0 0 27 0 0 0 0 0 0 22 16 0 0 0 12 17 0 0 9 0 0 0 0
P13674 2010 9 0 0 0 18 10 0 0 0 0 36 35 20 39 28 17 14 0 0 14 0 0 0 0 0 17 0 12 0 0 0 -999
P13674 2010 10 0 0 0 0 0 0 0 0 0 0 0 8 14 20 11 0 0 0 10 0 0 0 31 0 0 0 0 0 0 0 0
P13674 2010 11 0 0 0 7 0 0 0 0 0 0 0 0 0 0 0 0 5 0 0 0 0 0 0 0 0 0 0 0 2 0 -999
P13674 2010 12 11 0 0 7 0 0 0 0 0 0 0 0 10 25 18 0 0 0 0 5 0 0 0 0 0 0 0 0 0 0 0
P13674 2011 1 0 0 0 0 0 0 0 0 0 0 0 0 0 0 0 0 0 1 0 0 7 0 21 15 0 0 0 0 3 0 0
P13674 2011 2 0 0 0 0 0 0 0 0 0 0 0 0 0 0 0 0 0 0 0 0 0 0 14 7 0 0 0 22 -999 -999 -999
P13674 2011 3 23 0 14 0 19 13 0 0 0 0 0 13 12 0 0 37 62 24 0 13 16 0 15 24 0 0 12 28 0 0 0
P13674 2011 4 0 0 0 0 0 8 0 10 0 0 16 21 26 28 13 0 0 29 20 0 20 0 0 0 0 0 0 0 0 0 -999
P13674 2011 5 7 0 0 0 0 0 0 0 0 0 0 0 0 0 0 0 0 0 0 17 24 31 0 9 0 21 0 25 33 39 23
P13674 2011 6 0 0 9 0 0 0 0 0 16 0 0 0 0 0 0 19 0 0 0 0 0 0 0 24 29 0 31 22 0 0 -999
P13674 2011 7 0 0 0 0 0 0 13 0 0 0 0 0 22 21 0 12 0 0 12 0 0 24 16 0 0 0 0 0 0 28 0
P13674 2011 8 0 0 0 16 0 0 0 16 11 0 0 0 0 0 14 0 0 0 0 0 26 0 0 0 0 0 0 0 0 20 29
P13674 2011 9 37 13 0 0 0 0 0 0 23 36 18 0 8 0 0 0 0 0 0 0 0 0 0 0 0 0 0 0 0 0 -999
P13674 2011 10 0 0 17 16 0 10 0 9 0 0 0 0 0 0 0 7 0 0 0 0 0 0 0 0 0 0 0 0 0 0 40
P13674 2011 11 0 12 8 0 17 21 55 38 0 8 8 0 0 0 0 0 0 0 0 0 4 26 47 33 0 0 0 8 0 0 -999
P13674 2011 12 0 0 14 28 0 0 0 0 0 0 0 0 0 0 0 0 0 9 15 17 23 0 0 0 0 17 0 0 0 0 0
P13674 2012 1 15 27 0 0 0 0 0 0 0 0 0 0 0 0 0 0 6 0 12 0 0 10 0 0 8 7 0 0 0 0 0
P13674 2012 2 0 0 0 21 0 0 0 0 0 0 0 0 0 0 0 0 0 8 12 13 17 0 0 0 0 0 0 0 -999 -999 -999
P13674 2012 3 0 27 0 33 0 0 0 0 0 0 0 0 0 0 4 0 0 21 0 0 25 0 0 12 0 0 0 0 0 12 0
P13674 2012 4 5 0 0 3 0 0 0 0 0 0 0 13 0 36 27 18 24 25 0 16 0 0 0 0 0 34 37 33 17 18 -999
P13674 2012 5 22 22 33 18 10 0 0 37 0 20 0 17 22 20 20 0 0 0 0 14 0 14 16 10 25 0 0 14 0 0 7
P13674 2012 6 0 0 0 0 0 0 0 16 0 0 0 23 24 29 26 0 0 0 0 0 0 0 0 0 0 0 0 0 0 29 -999
P13674 2012 7 0 0 0 0 0 0 21 24 0 0 0 0 0 0 0 13 0 46 27 0 0 17 0 0 0 0 0 0 0 0 20
P13674 2012 8 17 11 0 0 0 0 0 0 0 0 20 0 0 10 0 0 0 0 12 0 10 0 0 0 0 12 0 0 0 0 0
P13674 2012 9 0 0 0 0 0 0 0 15 0 8 0 15 17 0 0 0 0 0 0 16 0 0 0 0 0 0 0 14 0 23 -999
P13674 2012 10 0 0 8 0 0 0 0 0 0 16 0 16 0 0 9 10 0 12 11 0 14 0 0 0 12 0 0 0 0 0 8
P13674 2012 11 0 14 0 0 0 4 0 0 0 0 16 17 0 0 0 0 0 0 21 27 14 0 0 0 0 0 0 0 0 21 -999
P13674 2012 12 20 0 13 0 0 0 41 17 0 8 9 5 0 0 0 22 22 22 6 7 3 0 0 0 0 0 0 0 0 0 22
P13674 2013 1 27 14 0 11 0 0 0 0 0 0 2 0 0 0 0 0 0 0 0 0 0 0 0 2 0 0 0 0 0 0 8
P13674 2013 2 0 0 0 0 0 0 0 0 0 0 0 0 11 29 0 0 6 0 19 13 17 16 11 0 0 0 0 0 -999 -999 -999
P13674 2013 3 0 6 0 0 10 0 8 22 21 16 0 24 23 21 0 0 0 0 12 0 0 0 32 15 0 0 17 27 43 40 0
P13674 2013 4 54 24 8 0 16 12 0 0 0 0 0 0 0 0 12 0 0 10 0 11 0 0 0 0 38 31 7 0 0 8 -999
P13674 2013 5 0 0 11 0 19 0 0 28 29 0 24 20 0 12 19 33 33 0 16 0 13 0 5 12 0 4 0 0 0 0 0
P13674 2013 6 0 0 0 16 17 17 0 26 41 37 23 24 0 0 0 14 12 0 13 0 0 11 0 0 0 0 63 35 31 0 -999
P13674 2013 7 0 0 14 0 12 24 35 36 0 0 19 19 0 0 0 0 0 0 6 0 0 0 0 0 18 0 0 0 0 0 0
P13674 2013 8 0 0 0 35 0 36 0 31 0 0 0 23 0 0 0 28 0 0 0 0 0 0 0 21 0 0 0 0 0 0 0
P13674 2013 9 16 18 0 11 0 0 12 0 0 0 0 0 0 0 0 0 0 11 0 0 0 33 0 0 0 0 0 5 3 5 -999
P13674 2013 10 0 0 0 0 0 0 0 0 0 0 0 15 0 14 0 0 0 22 8 0 0 0 0 0 8 0 0 0 0 0 0
P13674 2013 11 0 0 0 0 0 0 0 0 7 0 0 0 0 0 0 0 0 28 62 50 0 16 21 26 25 0 21 29 9 0 -999
P13674 2013 12 0 0 0 0 0 0 9 0 0 7 0 0 0 0 0 0 0 0 0 0 0 0 0 0 0 0 0 12 0 20 0
P13674 2014 1 9 0 0 0 8 0 6 7 0 7 0 3 0 0 0 0 0 0 0 0 0 0 0 0 0 0 0 0 55 48 21
P13674 2014 2 12 14 14 0 6 10 14 0 0 11 0 0 0 0 0 2 0 0 0 0 0 0 5 6 0 0 0 24 -999 -999 -999