precip	MIROC5	RCP60	REGRESION	decimas	1
P14647	42.011	-2.972	182	geo	2006	2100	-1
P14647 2006 1 0 0 0 0 10 17 0 0 0 12 28 0 204 114 65 118 94 121 53 0 24 15 0 16 15 22 25 20 33 37 22
P14647 2006 2 0 30 32 0 0 0 0 5 0 8 0 23 34 46 0 53 51 40 59 78 57 0 29 24 25 0 26 36 -999 -999 -999
P14647 2006 3 0 89 90 138 147 108 128 116 93 48 51 47 40 35 0 56 90 115 113 68 76 56 0 51 39 51 55 53 81 76 80
P14647 2006 4 69 67 0 0 0 0 0 0 22 0 0 0 8 7 9 0 0 0 13 0 7 0 11 0 20 28 0 62 52 45 -999
P14647 2006 5 42 0 0 46 47 0 33 15 0 0 18 0 37 41 29 21 23 30 32 47 31 12 0 0 0 0 9 0 0 17 0
P14647 2006 6 0 0 0 0 0 0 0 0 0 0 8 0 20 0 0 0 0 0 18 0 0 0 0 0 0 0 0 20 15 0 -999
P14647 2006 7 0 15 14 15 0 0 0 22 18 0 6 0 15 19 0 0 0 0 0 18 0 13 0 0 0 27 0 0 0 0 0
P14647 2006 8 18 0 11 0 0 0 16 10 6 8 0 0 0 15 0 0 0 7 0 0 22 0 0 0 25 0 0 12 12 0 0
P14647 2006 9 0 0 11 0 0 0 0 11 0 24 15 0 18 0 13 19 0 27 22 25 21 0 21 0 0 16 15 23 0 0 -999
P14647 2006 10 19 8 0 0 0 5 3 0 0 15 0 0 17 0 23 0 15 10 0 0 20 21 0 0 24 33 27 0 48 36 26
P14647 2006 11 25 20 0 0 0 0 0 23 8 4 3 0 0 0 0 6 12 16 0 19 31 44 45 49 32 20 8 0 0 0 -999
P14647 2006 12 0 0 0 0 0 14 28 33 26 21 0 19 0 31 47 84 32 10 5 0 0 50 85 78 65 0 33 25 0 29 22
P14647 2007 1 0 24 27 9 0 0 0 0 0 0 0 0 0 7 0 0 1 9 48 27 13 7 14 44 0 40 33 0 81 51 40
P14647 2007 2 24 37 78 88 47 33 44 83 155 151 58 0 27 31 29 0 20 0 0 24 25 0 29 26 0 0 28 43 -999 -999 -999
P14647 2007 3 31 31 29 32 0 42 25 0 20 16 40 105 96 127 92 35 0 0 17 28 0 32 13 0 0 0 18 0 0 16 0
P14647 2007 4 5 3 0 0 28 54 27 17 12 0 13 0 58 37 18 17 0 36 55 49 44 42 52 62 31 40 19 10 0 0 -999
P14647 2007 5 5 5 10 0 0 34 16 0 12 19 0 0 30 43 36 0 0 23 0 20 13 6 0 0 0 5 0 6 11 0 20
P14647 2007 6 0 20 19 20 21 19 14 11 0 0 0 0 0 22 0 7 0 8 10 12 0 0 0 0 0 12 22 21 0 0 -999
P14647 2007 7 17 0 0 0 19 0 18 15 0 0 30 30 0 0 9 0 26 23 0 22 19 18 0 7 0 0 20 17 0 0 11
P14647 2007 8 0 0 0 18 8 0 0 0 0 0 0 0 18 14 0 0 0 0 21 25 27 20 6 6 0 0 0 18 17 0 14
P14647 2007 9 16 9 8 0 0 0 5 0 0 12 0 0 9 0 0 0 9 6 0 0 0 0 0 12 11 0 0 6 6 0 -999
P14647 2007 10 0 0 13 16 0 0 0 0 0 0 28 30 47 0 32 0 15 0 0 0 0 39 58 72 38 21 47 0 22 29 33
P14647 2007 11 41 0 45 11 0 30 32 15 24 0 0 25 28 0 18 7 0 6 0 0 0 0 16 40 26 23 17 25 28 24 -999
P14647 2007 12 11 0 0 23 0 21 25 0 10 13 35 29 14 11 0 0 30 0 0 9 0 0 0 14 19 0 31 45 19 23 38
P14647 2008 1 57 0 79 84 41 7 0 0 0 0 0 0 0 18 26 26 27 20 30 47 93 98 49 28 0 66 88 58 46 62 75
P14647 2008 2 111 84 75 58 47 66 47 63 43 36 67 52 33 27 0 75 27 0 47 52 27 18 0 11 0 0 26 33 -999 -999 -999
P14647 2008 3 25 0 13 14 10 4 0 2 0 8 14 15 16 0 8 0 0 0 0 0 6 0 5 0 14 28 22 0 0 0 6
P14647 2008 4 9 9 19 22 19 0 12 11 6 6 8 11 0 0 0 0 42 0 12 0 13 0 0 9 0 8 0 10 0 23 -999
P14647 2008 5 19 16 9 0 26 0 26 21 29 39 0 0 0 40 37 28 0 18 24 0 49 0 44 37 22 21 20 14 0 0 19
P14647 2008 6 18 14 0 16 15 0 15 10 0 0 0 0 24 36 0 0 0 0 0 0 0 0 0 0 0 0 0 0 0 0 -999
P14647 2008 7 0 6 3 7 0 0 0 0 0 0 0 0 0 20 0 0 12 24 17 16 19 16 0 23 0 0 0 0 9 0 0
P14647 2008 8 25 0 11 0 0 0 0 14 0 24 26 0 0 20 14 16 15 0 0 0 0 0 11 0 0 15 22 17 0 0 7
P14647 2008 9 0 21 15 14 0 9 9 10 12 0 0 0 21 0 34 0 0 11 12 0 13 0 0 21 24 0 13 0 53 46 -999
P14647 2008 10 50 39 20 0 15 0 25 41 36 26 43 61 46 29 0 7 11 0 0 0 0 14 0 21 0 56 74 66 51 38 25
P14647 2008 11 33 21 49 24 14 0 9 0 26 27 46 21 16 10 0 5 15 0 30 23 0 8 0 0 4 0 0 3 5 7 -999
P14647 2008 12 0 0 3 0 4 8 0 0 19 66 0 27 0 52 16 9 23 27 0 8 0 9 8 0 33 58 52 0 0 0 0
P14647 2009 1 3 2 7 24 30 41 15 10 13 17 14 0 34 35 0 18 7 0 0 0 0 4 0 0 5 0 0 2 5 0 6
P14647 2009 2 14 31 30 26 18 20 26 0 8 20 30 15 18 0 7 0 3 0 11 26 20 17 16 13 8 9 27 102 -999 -999 -999
P14647 2009 3 114 81 73 38 37 39 43 69 63 0 22 0 0 33 54 83 108 88 68 49 19 0 0 0 47 68 63 0 93 77 52
P14647 2009 4 36 39 40 30 38 57 47 37 0 0 29 37 43 42 48 25 20 17 21 38 26 14 9 8 10 10 0 0 0 0 -999
P14647 2009 5 37 40 43 0 24 35 0 25 35 34 36 36 17 9 0 0 0 10 0 0 26 0 25 15 12 10 0 9 0 11 0
P14647 2009 6 0 0 0 0 0 0 22 0 11 18 0 7 0 0 20 0 13 16 0 10 0 9 0 0 12 0 0 0 0 0 -999
P14647 2009 7 0 0 0 0 0 0 0 0 0 0 0 22 23 0 0 0 9 0 0 0 20 0 0 0 0 7 0 10 8 12 0
P14647 2009 8 31 0 0 13 0 9 0 16 14 20 17 0 0 11 0 0 0 0 0 8 6 0 0 0 17 0 0 23 19 21 0
P14647 2009 9 23 0 21 4 4 0 0 0 10 0 0 24 16 10 0 8 0 0 8 0 13 0 0 33 16 0 0 0 0 10 -999
P14647 2009 10 11 7 0 0 4 4 0 0 0 14 0 21 20 19 18 21 0 29 26 26 0 0 24 56 17 0 0 0 0 11 15
P14647 2009 11 0 0 5 6 6 0 11 0 0 0 0 8 0 0 0 0 25 13 20 36 23 0 31 21 0 18 30 33 29 0 -999
P14647 2009 12 51 62 77 43 94 107 105 93 52 67 66 40 45 25 0 0 18 26 41 28 19 27 36 33 0 0 34 33 0 16 13
P14647 2010 1 0 13 21 55 79 26 0 12 0 0 0 0 19 12 16 29 32 25 0 0 8 0 0 0 2 0 0 0 0 11 14
P14647 2010 2 12 0 0 6 30 55 34 17 19 15 6 0 2 5 12 14 0 14 29 40 32 48 27 36 13 19 15 0 -999 -999 -999
P14647 2010 3 11 0 0 0 26 28 26 21 29 38 27 0 17 21 13 11 14 36 62 49 0 5 0 0 0 3 4 4 5 0 13
P14647 2010 4 19 17 33 0 14 0 0 0 43 45 32 31 37 45 50 51 35 25 0 0 0 27 0 50 58 23 18 29 54 0 -999
P14647 2010 5 41 29 33 0 26 21 12 9 10 0 0 0 16 18 28 39 30 29 0 9 8 0 0 0 0 31 49 0 23 0 0
P14647 2010 6 17 29 31 25 16 14 0 12 0 0 5 7 0 17 0 0 27 11 10 0 0 0 0 0 0 0 0 10 13 19 -999
P14647 2010 7 22 27 23 0 12 0 12 0 19 19 0 0 0 0 0 18 0 0 0 0 0 0 0 0 0 0 0 0 6 0 0
P14647 2010 8 23 17 0 0 0 7 0 0 14 0 18 20 15 0 0 0 0 0 12 8 6 0 11 0 0 18 18 19 15 12 0
P14647 2010 9 0 0 0 33 24 12 0 0 0 21 22 28 35 30 57 24 15 0 0 0 0 0 9 0 0 20 0 10 0 7 -999
P14647 2010 10 6 0 0 0 6 0 0 12 0 33 56 47 59 0 0 36 25 37 0 21 0 25 24 18 22 0 0 21 41 37 26
P14647 2010 11 30 0 0 0 0 0 0 0 5 0 0 0 0 0 0 26 42 34 22 9 11 0 0 0 0 3 0 0 0 8 -999
P14647 2010 12 13 14 21 38 0 33 36 15 13 22 14 0 44 45 25 10 0 21 29 0 4 4 2 4 0 0 0 0 0 8 9
P14647 2011 1 0 0 0 11 18 6 0 1 0 3 0 0 0 8 16 5 2 2 0 21 47 0 107 53 0 0 37 23 16 10 0
P14647 2011 2 12 0 24 0 25 25 23 18 0 0 8 36 50 29 0 36 13 9 0 14 0 0 0 13 0 11 0 28 -999 -999 -999
P14647 2011 3 39 21 0 0 9 15 16 14 0 24 29 33 28 32 50 85 111 102 67 65 69 72 102 148 96 0 34 50 0 0 8
P14647 2011 4 12 20 0 19 0 0 0 16 0 28 0 0 0 23 0 0 25 36 30 26 29 20 11 11 0 0 0 0 0 7 -999
P14647 2011 5 15 0 34 0 0 10 0 0 0 0 21 9 12 14 0 0 0 0 0 15 27 21 12 17 0 0 23 20 20 22 28
P14647 2011 6 23 0 16 0 0 7 0 0 13 0 15 0 0 0 0 14 0 0 0 0 0 0 19 0 22 0 21 20 18 16 -999
P14647 2011 7 15 0 20 20 17 13 0 0 6 0 0 0 18 0 0 10 6 0 0 0 24 22 0 0 0 0 0 0 0 0 9
P14647 2011 8 0 0 0 8 0 0 0 0 0 0 0 21 0 0 0 0 0 13 11 0 0 0 5 0 10 0 0 0 16 25 0
P14647 2011 9 0 8 11 15 16 10 0 0 36 54 27 0 0 0 4 4 4 0 0 0 0 0 0 0 0 0 0 0 0 0 -999
P14647 2011 10 0 0 0 0 0 2 0 0 7 0 10 13 16 14 0 10 9 0 10 0 0 0 0 18 0 0 14 17 30 37 32
P14647 2011 11 23 21 46 83 117 101 61 29 12 8 0 0 4 0 0 0 30 0 0 8 17 73 107 68 21 19 18 22 12 0 -999
P14647 2011 12 0 17 34 26 0 17 0 0 11 14 20 0 38 20 23 63 98 77 90 0 102 74 47 31 23 52 0 60 53 56 67
P14647 2012 1 76 43 20 0 0 0 0 3 3 0 0 4 0 0 2 0 24 19 14 0 7 5 0 1 0 3 0 9 25 33 18
P14647 2012 2 12 0 49 40 20 11 0 9 7 0 0 0 0 0 0 0 0 10 38 46 23 10 0 0 0 15 10 45 -999 -999 -999
P14647 2012 3 80 92 46 32 0 32 32 15 0 0 0 28 53 30 0 0 28 0 0 28 32 0 16 17 20 7 0 6 0 16 6
P14647 2012 4 0 0 7 3 0 0 64 70 38 20 18 31 0 81 79 45 51 51 34 31 24 20 17 42 75 63 39 42 56 52 -999
P14647 2012 5 34 26 24 18 9 8 11 15 26 25 21 24 33 46 53 0 28 0 18 0 20 28 22 18 0 53 0 0 0 0 11
P14647 2012 6 15 11 0 7 0 4 0 12 32 0 0 19 18 22 0 28 14 0 15 20 18 0 9 0 0 0 0 18 0 0 -999
P14647 2012 7 19 8 0 0 0 0 0 0 16 0 0 0 0 0 10 0 0 0 17 0 11 0 14 0 21 0 13 0 0 0 13
P14647 2012 8 0 0 0 0 0 0 0 13 0 0 19 0 0 0 0 0 0 0 7 6 0 0 10 0 11 0 15 13 12 11 10
P14647 2012 9 0 0 11 0 10 0 0 11 0 0 4 0 0 0 0 0 9 0 0 0 0 0 11 0 0 0 10 12 14 0 -999
P14647 2012 10 0 0 0 0 0 0 0 0 0 34 0 34 0 18 30 42 22 16 21 0 0 0 25 0 12 0 30 42 36 87 91
P14647 2012 11 81 121 81 50 36 0 12 13 21 63 77 18 0 6 6 0 0 34 60 52 36 0 16 10 12 24 26 26 35 32 -999
P14647 2012 12 23 12 0 0 0 26 45 50 23 20 16 7 0 66 82 66 58 42 32 43 29 40 21 36 44 35 18 16 0 35 70
P14647 2013 1 57 0 0 63 69 26 32 38 0 0 9 8 0 0 8 7 13 19 19 6 7 10 7 0 0 4 0 0 19 40 25
P14647 2013 2 6 0 0 0 0 11 14 0 33 12 0 6 0 0 84 34 30 0 89 89 75 79 76 101 39 19 3 0 -999 -999 -999
P14647 2013 3 0 0 0 0 13 0 16 33 34 49 96 91 82 50 0 32 42 36 41 0 21 32 48 20 0 17 18 32 46 57 87
P14647 2013 4 51 0 0 20 26 54 0 41 16 11 11 0 20 26 0 27 17 11 22 0 65 64 37 42 55 30 9 6 6 6 -999
P14647 2013 5 0 0 0 0 25 18 0 0 36 49 69 56 22 13 0 0 43 50 33 24 35 11 0 0 0 0 0 0 0 0 0
P14647 2013 6 0 23 35 24 0 13 0 37 38 56 56 52 0 32 0 20 0 22 21 12 0 0 9 0 0 22 32 32 36 27 -999
P14647 2013 7 0 16 12 13 28 33 0 16 0 0 0 5 0 0 0 0 0 0 0 15 19 0 0 0 0 0 10 12 10 0 0
P14647 2013 8 0 0 13 0 24 19 20 0 23 19 17 19 17 10 0 0 0 9 0 7 0 12 0 0 0 9 7 0 32 30 43
P14647 2013 9 47 27 18 12 0 15 12 0 10 13 0 16 0 6 9 11 0 0 0 20 0 0 14 7 0 0 0 11 7 0 -999
P14647 2013 10 3 0 0 0 0 0 0 8 12 14 12 0 7 9 13 22 40 33 34 15 0 18 20 17 0 0 11 0 10 0 5
P14647 2013 11 0 0 0 1 0 0 0 14 26 37 32 28 0 27 29 17 22 84 168 105 62 95 108 93 56 0 70 53 38 33 -999
P14647 2013 12 38 83 84 55 0 0 0 0 11 7 2 0 0 0 11 0 9 0 0 0 5 0 12 0 16 28 21 18 26 37 19
P14647 2014 1 24 0 7 12 29 0 21 23 22 10 21 34 54 32 34 0 10 3 0 0 1 0 0 0 0 20 36 0 80 91 47
P14647 2014 2 39 71 48 62 43 49 64 83 62 98 21 24 49 20 0 15 0 0 46 19 0 12 0 0 4 0 0 24 -999 -999 -999