precip	MIROC5	RCP60	REGRESION	decimas	1
P1142	37.294	-7.192	182	geo	2006	2100	-1
P1142 2006 1 0 0 0 13 0 0 35 40 0 0 0 175 119 0 93 85 73 59 51 9 0 0 0 0 20 24 0 0 49 50 0
P1142 2006 2 0 138 28 21 0 0 0 0 0 0 0 0 55 64 0 0 0 6 19 18 4 6 0 0 0 3 0 0 -999 -999 -999
P1142 2006 3 47 53 106 93 0 85 77 90 36 129 148 0 24 32 0 102 204 149 57 37 46 45 0 29 40 0 25 0 0 43 38
P1142 2006 4 13 36 0 28 0 0 0 35 0 0 0 0 16 0 0 0 0 10 0 0 0 0 10 0 0 0 37 21 23 0 -999
P1142 2006 5 13 19 28 31 30 44 22 0 0 0 0 0 13 15 0 0 0 0 0 0 0 0 0 0 0 0 0 0 0 0 0
P1142 2006 6 0 0 0 0 0 0 0 0 0 5 10 0 0 0 0 0 0 0 0 0 0 0 0 0 0 0 11 0 0 0 -999
P1142 2006 7 0 0 0 0 0 11 0 0 0 0 0 0 0 0 0 0 0 0 0 0 0 0 0 0 0 0 0 0 0 0 0
P1142 2006 8 0 0 0 0 0 0 0 0 0 5 0 0 0 0 0 0 0 3 0 0 0 0 0 0 0 4 0 0 0 0 0
P1142 2006 9 0 0 0 0 0 0 0 0 18 0 0 0 0 0 0 0 0 0 0 0 0 0 0 9 0 0 0 3 0 0 -999
P1142 2006 10 0 0 0 0 0 0 6 0 0 39 0 0 35 0 26 0 0 9 0 15 20 0 0 0 0 0 0 0 5 0 0
P1142 2006 11 0 0 0 0 0 0 0 0 0 10 0 0 0 0 0 9 0 0 7 0 12 0 21 0 0 0 0 0 0 0 -999
P1142 2006 12 0 5 0 10 0 0 0 195 223 113 78 107 51 40 120 123 0 3 0 0 27 62 113 42 47 49 48 57 61 42 0
P1142 2007 1 0 19 0 0 0 0 0 0 0 0 0 0 0 17 0 0 0 0 0 0 0 10 0 6 0 0 5 0 0 0 0
P1142 2007 2 11 10 6 2 4 0 0 159 159 65 20 0 5 7 0 0 52 56 0 0 72 29 26 37 70 57 0 28 -999 -999 -999
P1142 2007 3 26 48 41 134 72 25 0 0 0 0 0 0 33 52 21 12 23 15 0 0 0 0 0 0 8 0 0 0 0 0 0
P1142 2007 4 0 1 0 0 0 4 0 0 0 0 0 0 43 0 0 28 0 0 54 0 28 0 0 0 0 0 1 0 0 0 -999
P1142 2007 5 0 0 0 0 72 0 0 0 0 0 0 14 0 0 0 14 0 34 25 0 0 0 0 0 0 0 0 0 0 0 0
P1142 2007 6 0 9 0 0 0 0 0 0 0 13 0 0 0 0 0 0 0 4 0 0 8 0 17 0 10 18 7 12 0 0 -999
P1142 2007 7 0 0 0 0 0 0 0 0 0 0 0 0 0 0 0 0 0 0 0 8 0 0 0 0 0 0 0 0 0 4 0
P1142 2007 8 0 0 0 0 0 0 0 0 0 0 0 8 0 0 0 0 0 0 17 0 0 0 0 0 0 21 22 14 0 0 0
P1142 2007 9 0 0 0 0 0 0 0 0 0 0 0 0 0 0 0 0 0 0 0 0 4 0 0 0 0 0 0 0 0 0 -999
P1142 2007 10 0 0 0 0 0 0 0 0 0 0 0 18 44 37 16 0 0 64 9 0 0 42 43 26 0 0 0 7 0 0 0
P1142 2007 11 0 0 0 0 0 0 0 0 23 0 57 0 10 0 0 0 0 0 0 0 0 0 0 2 0 0 50 0 0 0 -999
P1142 2007 12 0 0 18 0 14 0 0 24 0 0 0 0 0 0 5 0 95 53 0 0 0 0 24 31 0 12 14 0 0 0 0
P1142 2008 1 0 15 10 22 0 4 0 0 0 0 15 0 0 74 40 61 19 8 0 19 62 62 27 28 0 170 182 54 0 79 121
P1142 2008 2 183 50 109 40 32 46 66 78 0 0 73 10 0 19 40 38 68 81 72 80 6 14 0 0 19 22 41 0 -999 -999 -999
P1142 2008 3 0 3 0 0 0 6 0 0 0 0 0 0 0 0 0 0 0 0 0 0 0 0 0 0 0 0 0 0 0 0 0
P1142 2008 4 0 0 17 0 0 0 0 0 0 0 0 12 0 0 0 17 18 18 0 9 0 0 0 10 9 0 0 0 0 24 -999
P1142 2008 5 0 9 0 0 13 0 0 0 12 0 0 24 0 31 22 0 0 0 0 37 0 47 47 0 0 0 4 0 0 0 0
P1142 2008 6 0 0 0 0 19 22 0 0 0 0 0 11 14 29 0 0 17 0 0 0 0 0 0 0 0 0 0 0 0 0 -999
P1142 2008 7 0 0 0 0 0 0 0 0 0 0 0 0 0 0 0 0 0 0 0 0 0 0 0 0 0 0 0 0 0 0 0
P1142 2008 8 9 0 0 0 0 0 0 0 0 0 0 0 0 0 0 0 0 0 0 0 0 0 0 0 0 0 0 0 0 0 0
P1142 2008 9 0 0 0 0 0 11 0 0 0 0 37 0 13 0 8 0 18 0 0 0 0 0 0 0 0 0 0 0 22 0 -999
P1142 2008 10 0 0 0 0 0 0 0 0 0 0 0 18 0 7 0 0 0 0 18 0 0 0 0 19 0 20 17 0 0 0 14
P1142 2008 11 8 0 0 0 1 0 0 0 0 0 6 0 0 0 0 12 19 19 7 0 0 0 0 0 0 0 0 0 0 0 -999
P1142 2008 12 0 0 0 0 0 0 0 0 0 13 0 4 0 0 0 0 0 0 0 0 0 0 0 0 23 0 0 0 0 0 0
P1142 2009 1 0 0 0 0 0 0 0 0 0 0 0 7 9 14 16 0 0 0 0 0 0 10 0 0 0 0 0 0 0 0 0
P1142 2009 2 0 7 0 0 9 0 0 0 3 3 2 0 0 6 6 0 4 0 0 0 0 0 0 2 0 13 0 0 -999 -999 -999
P1142 2009 3 21 39 31 35 0 0 12 54 0 0 0 22 0 0 17 15 44 38 0 0 0 0 0 17 0 63 77 73 80 38 0
P1142 2009 4 0 48 6 25 0 0 0 0 0 0 18 0 0 0 0 0 0 0 0 0 8 0 0 0 0 0 0 0 0 0 -999
P1142 2009 5 26 25 0 0 31 27 26 0 33 0 10 6 3 0 0 0 0 0 0 0 0 0 0 0 0 0 0 9 9 0 0
P1142 2009 6 0 0 0 0 0 0 0 0 0 0 0 0 0 0 0 0 0 0 1 0 0 0 0 0 0 0 0 0 0 0 -999
P1142 2009 7 15 0 0 0 0 0 0 0 0 0 0 0 13 0 0 0 0 0 0 0 0 0 0 0 3 0 0 0 0 0 0
P1142 2009 8 0 0 0 0 0 0 0 0 0 0 0 0 0 0 0 0 0 0 0 0 0 0 25 0 0 0 0 0 0 0 0
P1142 2009 9 0 0 0 0 0 0 0 0 0 0 0 10 0 0 0 0 0 0 0 0 0 0 0 0 0 0 0 0 0 0 -999
P1142 2009 10 0 0 0 0 0 0 0 0 0 0 0 0 21 19 0 0 22 0 6 7 0 0 0 28 14 0 13 0 0 0 0
P1142 2009 11 0 0 9 0 0 0 0 0 0 0 0 0 7 7 0 0 0 8 11 15 0 0 54 22 0 0 0 7 0 22 -999
P1142 2009 12 0 19 0 13 31 15 38 7 16 37 24 10 15 0 0 0 30 0 21 0 0 10 13 0 56 103 76 85 0 10 0
P1142 2010 1 0 0 94 84 25 12 0 0 0 0 0 0 32 0 15 8 0 0 0 25 17 0 0 0 0 0 0 21 0 0 0
P1142 2010 2 0 0 0 0 0 0 0 0 0 0 0 0 7 0 0 0 0 0 0 0 0 0 0 0 0 0 0 12 -999 -999 -999
P1142 2010 3 0 10 0 0 0 0 26 53 119 91 67 34 0 0 0 0 21 0 60 0 3 6 0 0 0 6 0 0 0 0 14
P1142 2010 4 0 0 51 0 0 0 0 0 52 35 0 0 8 12 0 18 0 0 0 36 0 6 0 0 0 0 3 0 0 0 -999
P1142 2010 5 6 0 24 45 0 0 12 0 0 0 0 0 16 0 0 11 6 10 0 0 0 0 12 0 22 38 21 9 16 0 0
P1142 2010 6 0 0 0 8 0 0 0 0 0 0 0 0 0 0 0 0 0 0 0 0 0 0 0 3 0 0 0 0 0 0 -999
P1142 2010 7 0 0 0 0 0 0 0 0 0 0 0 0 0 0 0 0 0 0 0 0 0 0 0 0 0 0 0 0 0 11 0
P1142 2010 8 0 0 0 0 14 0 0 0 0 0 0 0 0 0 0 0 0 0 0 0 0 0 0 0 0 0 0 0 0 0 0
P1142 2010 9 0 0 0 0 0 0 0 0 9 0 7 0 0 0 0 0 0 0 0 0 10 0 0 0 26 0 0 0 0 0 -999
P1142 2010 10 0 0 1 0 0 0 0 0 0 44 32 19 35 24 0 5 0 0 0 0 0 0 0 0 0 0 0 0 0 0 0
P1142 2010 11 3 0 0 0 0 5 0 0 0 0 0 0 0 2 0 0 0 0 4 0 0 0 0 0 0 0 0 6 0 0 -999
P1142 2010 12 0 0 0 5 0 0 14 0 0 0 0 35 42 23 0 0 0 0 0 0 0 0 0 0 0 0 0 8 0 0 0
P1142 2011 1 0 0 15 24 25 11 0 0 0 0 0 0 0 21 41 37 0 5 0 0 0 11 15 0 8 0 0 0 0 0 0
P1142 2011 2 0 4 0 0 0 0 30 0 4 0 0 10 0 0 0 0 0 0 0 0 40 62 19 0 0 0 32 62 -999 -999 -999
P1142 2011 3 78 75 0 16 0 0 7 2 0 0 0 32 0 17 0 93 55 0 16 23 0 29 78 155 31 0 75 98 0 10 0
P1142 2011 4 0 42 0 0 0 0 0 0 0 23 0 0 0 0 0 0 100 65 0 31 0 0 0 0 0 0 0 0 0 0 -999
P1142 2011 5 0 0 0 0 0 0 0 0 25 0 0 0 0 0 0 0 0 0 0 0 20 0 4 10 0 0 0 5 0 0 5
P1142 2011 6 0 8 4 3 0 0 0 0 0 0 0 0 18 0 21 0 0 0 0 0 0 0 0 0 0 0 0 0 0 2 -999
P1142 2011 7 0 0 0 0 0 0 0 0 0 0 0 0 0 0 2 0 0 0 0 0 0 0 0 0 0 0 0 0 0 0 0
P1142 2011 8 0 0 0 0 0 0 0 0 0 0 0 0 0 7 0 0 0 0 0 0 0 0 0 0 0 0 0 0 0 0 0
P1142 2011 9 0 0 0 0 0 0 0 0 0 14 0 0 0 0 0 0 0 0 0 0 0 0 0 13 0 0 0 0 0 0 -999
P1142 2011 10 0 0 0 0 0 0 0 0 12 0 0 0 0 0 0 13 11 0 0 0 0 44 0 0 12 0 0 0 0 0 10
P1142 2011 11 0 4 0 0 27 49 28 0 5 0 0 0 0 0 0 21 45 30 0 0 0 0 0 0 5 13 12 14 0 8 -999
P1142 2011 12 21 40 19 0 4 11 0 0 0 0 16 0 0 5 0 39 25 40 30 46 42 29 23 16 46 15 0 0 0 0 39
P1142 2012 1 69 14 0 0 0 0 0 0 0 0 0 0 0 0 0 0 0 0 0 12 0 0 0 12 0 0 0 36 0 32 8
P1142 2012 2 0 0 37 0 0 18 0 0 0 0 0 0 0 0 0 0 0 25 33 44 0 19 20 14 0 0 0 0 -999 -999 -999
P1142 2012 3 12 0 0 0 19 0 0 0 0 1 0 0 0 0 0 0 28 26 44 72 53 0 0 41 0 0 0 0 0 0 0
P1142 2012 4 0 0 0 0 0 0 0 6 2 0 0 3 0 30 45 50 0 9 5 6 0 0 14 39 0 27 73 65 0 0 -999
P1142 2012 5 0 26 0 16 0 0 0 0 19 0 0 0 0 24 17 0 0 17 0 0 9 0 0 15 19 9 6 0 0 0 0
P1142 2012 6 0 0 0 0 0 0 0 0 27 0 0 0 0 0 0 0 0 0 0 0 8 0 0 0 0 0 0 6 0 0 -999
P1142 2012 7 0 0 0 0 0 19 0 0 0 0 0 0 0 7 0 13 0 0 0 0 0 7 0 0 0 0 0 0 0 0 0
P1142 2012 8 0 0 0 0 0 0 0 0 0 0 0 0 0 0 0 5 0 0 0 0 0 0 0 0 0 0 13 0 0 0 0
P1142 2012 9 0 0 0 0 0 0 0 0 0 0 0 0 0 0 0 0 0 0 0 0 0 9 0 18 0 0 19 0 33 0 -999
P1142 2012 10 0 0 0 0 0 0 0 0 0 39 57 0 0 0 0 26 0 0 51 0 0 35 25 0 0 18 0 9 0 14 5
P1142 2012 11 14 24 23 0 10 16 0 0 3 14 0 0 0 0 0 0 0 51 67 35 0 0 0 0 0 15 0 0 57 0 -999
P1142 2012 12 0 0 22 0 74 165 83 57 0 29 0 32 70 84 60 31 28 0 0 5 20 0 6 18 5 0 0 0 0 12 15
P1142 2013 1 0 24 0 0 0 0 18 7 0 0 0 0 0 0 0 0 0 0 0 0 0 0 0 0 0 0 0 15 0 0 0
P1142 2013 2 0 0 0 0 0 0 2 4 0 0 0 0 0 40 0 8 0 90 75 0 39 44 50 42 0 0 0 16 -999 -999 -999
P1142 2013 3 0 0 0 41 15 0 0 52 31 118 121 146 0 0 0 0 0 0 45 26 35 93 52 62 48 27 0 0 54 42 53
P1142 2013 4 0 9 16 32 0 6 0 0 0 0 0 0 10 0 0 15 0 0 0 0 17 0 0 31 52 0 0 0 0 0 -999
P1142 2013 5 0 0 0 13 0 0 0 0 15 25 17 7 0 0 0 0 20 0 0 0 0 0 0 0 0 0 0 0 0 0 0
P1142 2013 6 0 29 0 0 0 0 11 22 0 0 31 0 0 6 0 0 0 7 0 0 0 0 0 0 0 0 0 17 0 11 -999
P1142 2013 7 0 0 0 0 0 0 0 0 0 0 0 0 0 0 0 0 0 0 0 0 0 0 0 0 0 0 0 0 0 0 0
P1142 2013 8 0 0 0 0 0 11 0 0 0 0 0 0 0 0 0 0 0 0 0 0 0 0 0 0 0 0 0 0 12 0 25
P1142 2013 9 13 0 0 0 0 0 0 0 0 0 0 0 0 0 0 0 0 0 0 0 0 0 0 0 0 0 0 0 0 0 -999
P1142 2013 10 0 0 0 0 0 0 0 8 12 0 0 0 15 0 7 0 0 18 0 0 0 0 0 0 0 0 0 0 11 0 0
P1142 2013 11 0 0 0 0 0 0 0 0 4 2 0 7 0 0 0 0 24 149 138 29 104 141 116 28 11 106 29 0 0 0 -999
P1142 2013 12 12 26 14 0 0 0 0 0 18 14 0 0 0 32 0 22 13 0 9 0 18 40 0 100 32 42 31 19 70 23 0
P1142 2014 1 0 0 0 32 0 0 0 34 6 0 0 0 0 0 34 0 0 0 0 0 0 0 0 33 41 65 109 116 139 94 35
P1142 2014 2 17 22 0 21 39 86 36 62 23 22 0 0 0 0 0 0 0 0 0 0 0 0 0 0 0 0 29 50 -999 -999 -999