precip	MIROC5	RCP60	REGRESION	decimas	1
P11325	40.974	-3.549	182	geo	2006	2100	-1
P11325 2006 1 0 9 0 0 0 18 8 12 12 0 19 79 182 69 0 101 71 76 0 0 0 0 29 0 14 0 13 16 28 32 11
P11325 2006 2 14 45 35 20 0 0 0 0 0 2 0 24 0 40 36 0 25 15 27 39 27 0 17 13 0 0 0 17 -999 -999 -999
P11325 2006 3 40 0 77 104 99 92 100 95 61 0 60 44 0 27 29 56 105 103 83 41 50 38 38 31 32 35 33 41 60 48 67
P11325 2006 4 33 0 30 0 19 0 16 37 0 2 0 6 0 9 0 0 0 0 11 0 0 0 0 0 21 0 55 54 0 0 -999
P11325 2006 5 0 32 25 35 0 51 22 0 8 0 0 0 25 0 19 13 18 0 20 24 10 0 8 0 0 0 10 0 0 0 0
P11325 2006 6 0 7 0 0 0 0 10 0 0 0 12 0 0 10 0 0 0 0 0 0 0 0 9 14 0 0 0 16 0 23 -999
P11325 2006 7 0 14 0 0 0 19 0 0 0 0 0 0 0 0 0 0 0 0 11 20 0 0 0 0 13 0 0 0 0 0 19
P11325 2006 8 0 0 0 0 0 0 0 0 0 0 7 0 11 15 15 0 0 0 0 0 0 0 0 16 0 0 0 0 11 0 18
P11325 2006 9 0 0 12 0 0 0 0 9 17 0 0 0 0 0 9 0 0 24 0 0 0 0 17 0 0 8 0 12 13 0 -999
P11325 2006 10 0 0 4 10 0 0 0 0 13 0 14 17 22 24 24 20 0 7 0 0 0 0 0 0 21 19 0 21 19 13 11
P11325 2006 11 0 0 7 13 9 11 0 28 0 0 0 2 0 0 0 5 0 5 0 13 24 25 30 49 20 0 0 0 0 0 -999
P11325 2006 12 0 0 0 0 0 0 24 53 47 26 27 27 29 0 54 81 22 0 4 9 23 52 102 53 47 41 27 23 0 24 14
P11325 2007 1 0 17 0 3 0 0 0 0 0 0 0 0 0 7 3 0 0 0 21 0 0 0 0 0 0 28 20 36 37 0 21
P11325 2007 2 0 20 34 36 21 0 31 96 178 134 34 26 0 14 0 8 20 0 0 29 32 30 48 32 35 32 30 31 -999 -999 -999
P11325 2007 3 20 0 0 44 54 0 19 0 20 13 26 0 0 88 50 0 0 0 13 29 19 27 8 0 8 0 0 0 0 4 4
P11325 2007 4 2 0 0 0 0 28 0 6 5 0 15 0 54 0 0 17 24 40 46 33 30 0 0 39 19 18 0 0 0 3 -999
P11325 2007 5 0 0 11 0 47 24 14 9 16 20 20 26 27 0 25 20 0 25 0 16 7 0 0 0 0 0 0 0 0 13 0
P11325 2007 6 28 19 0 18 20 0 16 7 4 0 0 0 29 0 0 0 0 0 0 0 0 0 0 0 0 0 0 18 0 19 -999
P11325 2007 7 0 0 17 21 0 10 0 0 0 0 26 25 15 0 0 18 0 18 17 0 0 0 0 0 0 0 0 0 12 0 0
P11325 2007 8 0 0 0 0 0 0 0 0 0 0 0 0 0 0 0 0 0 0 0 0 0 0 0 6 0 0 0 0 0 0 0
P11325 2007 9 0 0 3 0 0 0 3 0 0 0 0 10 8 13 27 0 0 0 0 0 6 0 0 12 0 0 0 6 0 0 -999
P11325 2007 10 0 0 0 0 0 0 0 0 0 23 26 0 43 45 0 0 17 39 13 0 20 41 42 43 0 0 30 15 11 0 10
P11325 2007 11 0 0 18 0 0 12 0 0 0 0 23 0 17 0 0 4 6 0 0 0 0 0 0 13 0 0 14 18 22 0 -999
P11325 2007 12 10 10 14 20 0 0 22 0 0 4 0 5 0 0 0 15 0 29 0 9 12 7 11 12 13 0 14 16 6 9 13
P11325 2008 1 22 35 43 50 22 4 0 0 5 7 8 10 12 22 25 0 0 9 20 31 0 67 0 19 0 63 76 49 36 50 67
P11325 2008 2 114 54 74 42 33 50 36 65 27 0 55 26 15 16 38 45 0 51 33 30 0 13 13 0 20 34 27 21 -999 -999 -999
P11325 2008 3 14 0 0 9 6 0 0 0 0 0 10 13 23 17 7 0 0 0 3 0 7 8 0 0 0 14 8 3 0 0 0
P11325 2008 4 0 6 0 24 23 13 5 0 0 0 0 0 22 26 43 47 41 26 13 10 8 7 0 6 0 4 0 0 21 24 -999
P11325 2008 5 18 0 0 0 0 0 0 10 0 29 0 0 20 30 22 0 0 0 23 0 0 28 0 0 9 0 0 0 9 0 0
P11325 2008 6 0 9 12 13 0 24 13 10 0 0 0 0 0 36 22 0 0 14 0 0 0 0 0 0 0 0 0 0 0 9 -999
P11325 2008 7 0 0 0 0 0 0 15 0 0 0 13 0 0 24 17 0 0 0 0 0 16 8 12 0 0 0 0 0 0 0 0
P11325 2008 8 0 0 0 0 13 0 0 0 0 0 13 0 0 0 6 0 0 11 0 0 12 0 6 0 0 0 13 0 0 5 0
P11325 2008 9 8 0 0 12 0 0 0 0 0 0 19 0 13 24 0 0 12 0 12 0 0 0 17 19 0 0 8 0 0 30 -999
P11325 2008 10 28 21 11 16 0 0 0 19 0 11 34 41 34 18 0 0 8 0 0 0 16 0 14 0 0 34 47 32 0 0 16
P11325 2008 11 19 0 38 0 6 0 0 5 14 0 30 0 0 0 0 0 11 28 0 7 0 0 0 0 3 3 0 3 0 3 -999
P11325 2008 12 0 3 0 0 0 6 0 0 13 34 37 0 20 23 9 5 0 0 9 0 0 9 0 0 18 27 22 17 10 0 0
P11325 2009 1 1 0 0 5 0 12 0 0 7 0 7 21 21 21 22 10 3 0 0 0 0 0 0 0 0 0 0 3 0 0 0
P11325 2009 2 6 12 14 16 14 0 0 6 4 0 8 6 10 7 3 0 0 0 0 0 0 0 5 0 8 8 8 38 -999 -999 -999
P11325 2009 3 71 67 62 29 23 16 17 47 53 25 0 0 11 21 38 42 72 51 36 25 0 0 25 28 0 65 51 83 72 58 0
P11325 2009 4 24 39 28 18 31 46 23 20 0 0 17 28 0 28 30 0 0 0 0 0 0 0 0 8 8 0 0 18 0 46 -999
P11325 2009 5 30 0 33 0 0 34 16 0 21 0 30 15 0 0 0 0 0 0 22 0 28 28 24 18 0 0 0 11 11 11 11
P11325 2009 6 0 0 0 14 0 20 0 0 11 0 0 0 0 0 0 0 0 0 0 0 0 0 0 0 0 0 0 0 0 0 -999
P11325 2009 7 0 0 0 0 0 0 0 0 0 0 18 20 20 12 9 0 7 8 12 12 0 0 0 0 0 0 0 0 7 12 0
P11325 2009 8 23 0 0 0 0 0 0 0 0 0 11 0 0 0 0 0 0 0 0 7 5 0 24 21 0 11 0 14 16 25 0
P11325 2009 9 26 19 0 0 0 0 0 0 0 20 0 0 0 4 0 0 14 10 10 0 16 0 20 0 7 8 0 7 0 0 -999
P11325 2009 10 0 6 0 0 0 0 0 0 7 0 15 0 16 0 0 0 25 23 0 16 17 0 17 39 0 8 0 0 0 0 0
P11325 2009 11 0 0 0 0 0 0 0 12 0 5 4 5 0 5 9 12 0 0 13 20 0 14 32 24 11 13 19 0 17 24 -999
P11325 2009 12 25 28 43 0 52 57 69 36 27 58 41 18 21 12 0 0 0 0 34 22 16 15 0 0 0 26 40 36 25 9 0
P11325 2010 1 17 13 26 69 67 0 14 11 0 17 9 10 18 0 13 0 16 10 0 0 0 0 0 0 8 0 0 0 0 19 18
P11325 2010 2 11 0 6 0 22 0 0 10 10 5 0 0 0 0 0 4 4 0 0 10 7 13 10 0 6 0 6 7 -999 -999 -999
P11325 2010 3 7 0 0 0 14 0 27 28 51 42 26 0 10 9 9 0 12 27 55 42 13 4 0 0 0 3 4 0 5 0 0
P11325 2010 4 14 16 0 0 0 0 22 37 0 0 26 0 26 25 49 51 0 0 0 0 26 22 14 22 38 0 11 14 35 29 -999
P11325 2010 5 20 12 24 32 29 15 7 7 0 12 19 0 13 0 22 31 21 20 0 0 0 0 0 0 0 41 38 18 0 0 0
P11325 2010 6 15 0 22 0 12 0 0 0 0 0 0 0 0 0 0 0 0 4 0 0 0 10 6 0 0 0 12 0 0 18 -999
P11325 2010 7 19 23 9 0 8 14 12 0 0 0 0 0 0 0 0 0 9 0 0 0 8 10 0 13 0 0 0 0 7 11 14
P11325 2010 8 25 0 0 0 0 0 0 0 0 0 0 0 0 0 17 0 16 0 0 0 0 0 0 0 22 0 0 8 0 8 0
P11325 2010 9 11 11 0 0 9 0 0 15 23 18 0 22 25 16 29 0 0 0 0 0 0 0 0 0 17 0 6 0 6 0 -999
P11325 2010 10 0 0 0 0 0 0 0 0 0 0 42 29 0 36 24 0 13 0 21 0 21 25 0 8 0 8 0 7 18 0 0
P11325 2010 11 10 7 12 0 7 0 0 0 5 0 0 0 0 4 0 0 16 0 10 0 0 0 0 4 6 0 0 2 0 0 -999
P11325 2010 12 0 7 8 15 15 18 18 10 14 13 0 19 30 31 0 5 7 0 11 0 0 0 0 0 0 0 5 11 0 0 0
P11325 2011 1 0 7 0 9 14 0 0 0 0 0 7 0 0 0 16 7 0 1 0 4 0 31 69 28 23 0 0 6 0 3 0
P11325 2011 2 0 8 7 22 21 24 0 9 0 0 0 0 0 13 18 14 0 11 12 12 0 23 19 0 0 10 19 41 -999 -999 -999
P11325 2011 3 45 0 0 0 0 12 0 8 11 22 0 0 26 24 40 0 0 52 33 38 37 49 71 136 63 21 0 62 18 0 11
P11325 2011 4 0 28 0 17 0 13 14 0 26 0 0 0 26 14 8 0 36 37 28 27 26 13 0 0 0 0 0 0 0 0 -999
P11325 2011 5 0 0 0 0 0 0 0 0 23 36 0 9 15 14 0 0 0 0 0 18 0 16 0 14 0 0 0 0 17 18 0
P11325 2011 6 0 0 0 0 6 8 8 7 13 0 0 0 0 0 16 12 0 0 0 4 0 0 15 0 0 16 0 0 0 10 -999
P11325 2011 7 0 0 0 0 0 9 0 0 0 0 0 12 0 0 0 0 0 9 0 0 0 0 0 0 0 0 0 0 14 0 0
P11325 2011 8 0 0 0 0 0 0 0 0 0 0 0 0 0 0 9 0 0 0 0 12 0 0 0 8 0 3 0 0 0 0 17
P11325 2011 9 0 0 0 13 11 0 0 0 0 42 12 4 0 5 0 0 0 0 0 0 0 0 7 0 8 0 0 7 0 0 -999
P11325 2011 10 0 0 0 0 0 0 0 0 0 0 0 0 16 0 11 9 0 9 0 0 15 20 0 18 0 0 10 12 22 31 0
P11325 2011 11 0 9 0 34 64 71 0 14 0 0 0 0 0 0 0 0 38 27 0 5 0 68 0 55 15 10 0 15 0 4 -999
P11325 2011 12 0 0 33 0 9 0 0 4 0 0 13 20 0 8 0 43 56 55 58 54 72 35 34 19 0 36 29 24 23 26 0
P11325 2012 1 60 27 8 0 0 0 0 0 0 0 3 5 0 0 0 3 0 0 6 0 9 6 0 0 0 4 0 0 16 19 8
P11325 2012 2 0 21 44 27 12 0 9 0 2 0 3 0 0 0 0 0 0 10 32 28 0 13 0 9 17 0 4 19 -999 -999 -999
P11325 2012 3 48 69 43 27 0 0 0 5 2 0 0 0 23 15 0 0 0 23 24 0 37 19 16 20 20 0 0 0 15 11 0
P11325 2012 4 0 10 0 0 0 16 34 36 15 0 0 0 25 81 0 35 34 26 19 18 13 0 0 0 64 51 0 43 41 42 -999
P11325 2012 5 0 24 0 16 0 0 13 15 0 0 17 0 26 36 34 25 19 0 11 0 10 16 0 13 34 32 27 11 0 6 0
P11325 2012 6 5 0 0 0 0 4 0 0 34 22 16 0 17 21 22 15 0 0 0 0 0 0 0 0 0 0 0 0 0 0 -999
P11325 2012 7 9 0 0 0 0 14 0 0 0 0 0 19 16 0 9 0 18 0 0 0 0 11 0 0 21 0 0 0 0 0 0
P11325 2012 8 0 0 0 0 0 0 0 0 0 0 0 0 7 0 0 0 10 9 0 0 0 0 0 0 0 0 0 0 0 0 0
P11325 2012 9 7 0 0 0 0 0 17 0 0 0 0 0 0 6 6 8 8 7 0 7 0 7 0 0 0 0 0 0 14 10 -999
P11325 2012 10 6 0 4 0 0 0 0 14 0 32 52 0 0 0 0 24 19 18 21 0 19 30 0 0 0 14 27 21 18 0 33
P11325 2012 11 40 59 51 24 0 18 5 0 0 35 43 8 3 0 0 5 0 0 58 41 21 0 6 0 0 14 13 21 32 0 -999
P11325 2012 12 16 0 0 0 0 0 51 46 0 0 15 0 22 73 48 52 45 28 0 17 13 28 9 20 17 11 0 0 14 0 62
P11325 2013 1 37 18 26 48 30 11 18 0 7 0 5 0 0 0 3 0 6 0 7 0 2 0 0 0 0 0 4 0 0 23 0
P11325 2013 2 0 0 0 0 0 0 4 4 0 0 0 8 26 80 48 19 23 53 78 60 48 56 48 81 0 13 0 4 -999 -999 -999
P11325 2013 3 0 0 10 17 0 7 0 44 35 56 99 83 66 26 22 31 34 0 30 27 20 45 48 19 24 15 22 38 41 43 79
P11325 2013 4 36 0 11 0 0 28 33 16 7 0 0 0 0 22 0 30 0 11 15 14 41 31 0 30 55 17 0 6 6 0 -999
P11325 2013 5 0 9 9 22 15 0 0 0 28 38 45 0 0 0 27 37 34 0 22 17 15 0 3 0 0 4 0 3 8 0 11
P11325 2013 6 0 0 25 20 0 0 0 0 38 0 40 36 26 20 13 0 0 0 0 8 0 0 0 0 0 0 38 0 28 18 -999
P11325 2013 7 0 0 0 0 18 0 0 13 0 0 0 0 0 0 0 17 0 0 7 11 17 0 0 0 0 0 0 0 0 0 16
P11325 2013 8 0 0 0 0 21 0 18 0 0 0 0 12 7 6 0 0 0 0 0 0 0 0 0 0 0 0 0 0 28 0 32
P11325 2013 9 27 17 0 0 0 0 0 0 0 0 0 0 0 0 0 0 0 13 18 0 0 14 0 0 0 0 4 6 0 0 -999
P11325 2013 10 0 0 10 0 2 0 6 9 10 0 18 0 8 10 0 0 30 0 14 0 9 0 0 0 4 0 6 0 0 0 0
P11325 2013 11 0 0 0 0 0 0 0 9 14 15 20 0 9 0 11 13 18 102 165 79 50 0 107 84 36 0 49 33 15 16 -999
P11325 2013 12 16 48 0 31 0 0 0 14 0 11 7 12 10 0 0 8 0 0 0 10 0 0 10 21 17 27 20 19 35 36 0
P11325 2014 1 24 9 5 0 20 0 13 21 0 0 14 17 0 0 23 14 0 0 0 0 0 3 0 0 0 23 42 52 88 72 0
P11325 2014 2 34 0 27 34 30 47 46 0 37 53 0 0 25 9 0 0 0 15 25 8 15 0 14 0 6 0 0 27 -999 -999 -999