precip	MIROC5	RCP60	REGRESION	decimas	1
P10162	40.599	-5.605	182	geo	2006	2100	-1
P10162 2006 1 0 8 7 0 0 21 0 0 0 7 23 85 172 41 66 96 84 76 36 17 7 0 0 11 13 0 0 0 30 35 8
P10162 2006 2 0 59 31 22 11 0 0 0 0 0 0 0 27 0 0 0 22 14 34 30 14 0 0 0 5 4 7 15 -999 -999 -999
P10162 2006 3 43 67 87 113 94 98 93 86 0 43 47 28 30 27 33 0 110 108 88 51 58 48 47 36 0 45 45 48 63 51 48
P10162 2006 4 31 49 31 34 23 0 0 0 4 0 0 0 0 7 9 14 18 0 0 0 0 0 0 14 23 0 0 37 21 0 -999
P10162 2006 5 21 30 27 39 35 53 24 11 0 7 0 16 0 25 21 14 0 14 24 24 9 0 0 0 0 0 9 0 0 0 0
P10162 2006 6 0 7 0 0 0 0 0 0 0 0 0 0 0 0 0 0 0 0 0 12 0 0 8 0 0 0 19 0 0 22 -999
P10162 2006 7 0 0 0 0 0 18 0 0 0 0 0 0 21 0 0 0 0 0 0 0 12 0 0 0 0 0 0 0 0 0 0
P10162 2006 8 0 0 7 0 0 0 0 0 0 0 0 0 0 0 0 0 0 0 0 0 0 0 0 15 0 0 0 0 0 21 14
P10162 2006 9 0 0 0 21 0 0 0 9 0 0 0 0 0 0 0 21 0 17 0 0 0 0 0 0 8 0 7 12 0 10 -999
P10162 2006 10 0 0 0 0 10 0 0 0 0 0 0 14 0 21 0 0 11 8 0 13 20 0 7 0 0 24 12 27 20 15 0
P10162 2006 11 0 0 0 0 0 13 0 29 0 0 0 0 0 0 0 0 0 0 0 13 0 19 0 0 11 8 0 0 0 0 -999
P10162 2006 12 0 0 0 0 0 0 0 56 58 32 23 22 0 28 66 84 0 0 0 0 0 49 97 48 54 47 0 0 47 31 18
P10162 2007 1 0 24 16 0 0 0 0 0 0 0 0 0 3 0 3 0 0 3 0 0 2 0 0 0 14 13 0 22 23 0 17
P10162 2007 2 10 17 24 22 0 10 27 67 142 95 29 22 12 0 0 0 0 35 22 0 22 21 36 0 39 0 38 28 -999 -999 -999
P10162 2007 3 0 26 23 45 58 25 17 12 0 0 0 35 43 79 39 18 31 22 0 36 24 21 0 0 5 0 0 0 0 2 0
P10162 2007 4 0 0 0 14 9 23 5 0 0 5 0 34 50 16 0 0 0 46 53 39 27 15 0 0 14 14 0 0 0 0 -999
P10162 2007 5 0 0 13 0 52 0 11 0 19 0 19 0 20 28 25 21 15 26 28 0 0 0 0 0 0 0 0 0 0 10 0
P10162 2007 6 18 12 14 14 0 17 0 0 4 10 0 0 0 0 0 0 0 0 11 0 0 0 21 0 0 0 0 17 19 0 -999
P10162 2007 7 0 0 0 0 0 0 0 0 0 21 0 28 13 6 0 0 21 0 15 0 0 0 0 0 0 0 0 0 0 0 0
P10162 2007 8 0 0 0 0 0 0 0 4 0 0 0 0 0 0 0 0 0 0 20 0 0 0 0 0 0 17 19 0 0 9 0
P10162 2007 9 0 0 0 0 0 0 0 0 0 0 0 0 0 0 0 0 0 0 5 0 0 0 0 0 16 0 0 0 0 0 -999
P10162 2007 10 0 0 0 0 0 0 0 0 16 0 14 21 44 49 0 19 0 56 16 0 0 44 56 45 16 0 39 12 10 8 0
P10162 2007 11 0 6 13 0 0 0 0 0 0 0 45 40 20 30 0 0 0 0 0 0 0 0 0 0 4 9 0 0 0 0 -999
P10162 2007 12 0 0 0 11 0 0 10 0 0 0 0 0 0 0 6 14 26 22 0 5 0 0 9 0 22 0 18 12 0 4 0
P10162 2008 1 0 20 0 42 16 0 1 0 0 0 4 6 0 16 17 0 0 0 21 29 70 74 0 17 0 85 83 51 45 57 81
P10162 2008 2 120 60 92 51 42 65 45 70 0 33 52 18 17 19 43 47 24 0 34 0 13 0 0 0 12 24 28 18 -999 -999 -999
P10162 2008 3 6 0 9 0 0 0 0 0 0 0 0 0 0 11 0 0 0 0 0 0 0 0 0 0 0 13 5 0 0 0 0
P10162 2008 4 0 0 0 17 0 8 0 0 0 0 0 10 17 22 0 44 31 0 0 0 10 7 0 0 0 0 0 0 0 18 -999
P10162 2008 5 14 0 0 6 0 10 7 0 0 26 49 0 22 0 0 0 0 0 24 34 26 0 45 17 9 12 0 0 0 0 13
P10162 2008 6 0 9 0 0 0 21 0 13 0 0 14 16 0 43 16 0 11 0 8 0 0 0 0 0 0 0 0 18 0 6 -999
P10162 2008 7 0 0 0 0 0 0 0 25 0 0 0 0 16 0 0 0 0 0 0 0 0 6 0 0 0 0 0 13 0 0 0
P10162 2008 8 0 12 0 0 0 0 0 0 12 0 0 0 0 0 0 0 0 0 0 0 0 0 0 0 0 0 0 0 0 0 0
P10162 2008 9 8 9 0 0 8 0 0 0 0 0 0 19 0 0 14 0 0 0 0 10 0 12 0 0 21 17 0 0 41 27 -999
P10162 2008 10 32 25 0 0 0 0 14 0 0 0 35 39 36 0 0 0 0 0 0 13 0 0 0 0 0 43 45 30 21 10 19
P10162 2008 11 18 7 28 0 0 1 0 3 0 8 22 0 0 0 0 8 0 42 17 10 0 0 0 0 0 0 0 0 0 0 -999
P10162 2008 12 0 0 0 0 0 2 0 0 9 29 26 0 15 17 5 3 6 9 0 0 5 0 8 13 34 33 25 0 9 0 0
P10162 2009 1 0 0 0 0 5 0 0 0 6 0 0 13 0 15 12 0 1 0 0 0 0 0 0 0 0 0 0 0 0 0 0
P10162 2009 2 0 0 9 11 7 5 4 0 0 0 4 2 0 3 0 0 1 0 1 6 2 1 0 0 0 2 4 26 -999 -999 -999
P10162 2009 3 50 49 47 0 0 0 17 49 30 0 5 8 6 16 24 36 79 68 51 34 0 0 0 0 33 65 49 77 75 58 28
P10162 2009 4 0 0 0 16 0 32 12 14 10 0 0 0 23 22 0 0 0 9 13 18 11 0 0 0 6 0 0 22 34 0 -999
P10162 2009 5 30 33 26 24 21 26 17 15 0 18 15 11 5 0 0 0 0 9 0 20 23 0 17 0 0 8 0 0 11 0 0
P10162 2009 6 0 10 0 0 15 17 16 0 0 11 0 3 0 0 22 16 0 0 0 0 0 0 0 0 15 0 0 0 8 0 -999
P10162 2009 7 0 17 0 0 0 0 0 0 0 0 0 0 21 10 0 0 0 0 13 0 0 0 0 0 0 0 0 0 0 0 0
P10162 2009 8 22 0 0 0 0 0 14 0 0 0 0 0 0 0 0 0 0 0 0 0 0 0 0 18 0 0 5 0 15 0 0
P10162 2009 9 26 0 0 0 0 0 7 0 0 0 27 15 0 3 0 0 0 0 0 0 0 19 20 0 0 0 0 0 0 0 -999
P10162 2009 10 0 4 0 0 0 0 0 0 0 0 0 0 0 0 0 0 23 0 14 0 16 9 21 46 0 0 5 0 0 0 0
P10162 2009 11 0 0 0 0 0 0 11 12 0 0 0 9 10 9 0 14 14 0 13 27 0 15 48 26 0 0 11 18 0 28 -999
P10162 2009 12 27 37 54 0 72 56 50 32 0 56 0 18 27 15 10 0 21 48 37 17 0 20 24 25 0 41 48 40 24 0 0
P10162 2010 1 0 18 37 70 49 0 0 9 17 11 0 6 14 7 12 17 17 13 12 0 0 0 0 3 4 0 0 6 0 0 12
P10162 2010 2 11 0 3 0 13 21 0 4 4 2 0 0 0 0 0 0 0 0 6 6 0 8 6 0 0 0 0 0 -999 -999 -999
P10162 2010 3 5 0 0 10 0 15 0 0 0 41 24 0 8 0 0 7 0 27 53 0 0 0 0 0 0 0 0 0 0 5 10
P10162 2010 4 17 0 0 0 0 19 0 36 38 0 21 0 15 22 52 27 8 6 0 21 17 14 0 23 24 0 6 13 0 19 -999
P10162 2010 5 13 8 19 24 18 0 6 0 0 0 14 0 0 0 0 23 16 0 0 0 0 0 0 0 0 37 34 17 0 13 7
P10162 2010 6 0 20 20 14 0 9 0 0 1 0 0 0 0 15 0 26 0 0 0 0 0 0 0 0 0 11 11 0 0 0 -999
P10162 2010 7 0 0 6 0 0 0 0 0 0 0 0 0 0 0 0 0 0 0 0 0 0 0 0 0 0 0 0 0 0 0 0
P10162 2010 8 0 0 8 0 0 8 0 0 0 0 0 0 0 0 0 0 0 0 0 0 0 0 0 0 22 0 0 0 0 0 0
P10162 2010 9 0 0 0 0 0 0 0 0 0 0 0 0 17 11 17 0 0 0 0 0 0 0 0 0 0 12 0 0 0 0 -999
P10162 2010 10 0 0 0 0 0 0 0 12 0 0 53 37 56 35 26 15 9 14 25 0 0 0 0 0 17 7 0 0 23 0 0
P10162 2010 11 0 0 12 0 7 0 0 0 0 0 0 0 0 0 0 0 0 13 12 0 8 0 0 0 5 6 0 0 0 0 -999
P10162 2010 12 0 0 5 10 10 0 14 0 0 7 0 18 0 0 0 4 13 0 0 0 0 0 0 0 0 0 0 9 0 0 0
P10162 2011 1 0 0 0 0 0 3 0 0 2 5 0 6 0 10 0 0 0 1 0 2 9 26 49 20 26 0 14 5 2 0 0
P10162 2011 2 0 0 0 33 39 41 31 16 0 0 9 23 0 13 20 12 0 0 0 0 0 30 19 8 0 0 14 30 -999 -999 -999
P10162 2011 3 0 0 0 0 0 0 0 6 9 13 0 26 18 18 0 76 0 40 25 0 0 42 78 147 53 19 0 68 0 0 0
P10162 2011 4 14 26 0 14 11 0 0 0 0 17 0 0 18 0 0 0 0 0 0 22 22 0 0 0 0 0 0 1 0 1 -999
P10162 2011 5 0 17 0 0 0 0 0 0 0 34 12 10 0 0 0 15 0 0 0 0 29 0 8 0 0 0 0 14 0 0 11
P10162 2011 6 0 0 10 0 0 0 0 0 0 0 13 0 0 0 0 0 0 3 0 0 13 0 0 0 0 15 0 14 0 9 -999
P10162 2011 7 0 0 0 0 0 0 0 0 0 0 0 0 0 0 0 0 0 0 0 15 0 0 0 0 6 8 0 0 0 0 0
P10162 2011 8 0 0 0 0 0 0 10 0 0 0 0 13 0 0 0 0 0 10 0 0 0 0 0 0 0 0 7 12 0 16 0
P10162 2011 9 9 0 0 13 0 0 0 0 0 38 0 0 0 0 3 0 0 0 0 0 0 0 0 0 0 0 0 0 9 0 -999
P10162 2011 10 13 11 0 0 0 0 0 0 0 11 12 13 18 0 0 13 0 15 6 0 0 0 17 0 12 0 0 0 0 20 0
P10162 2011 11 0 5 0 33 60 66 0 0 0 2 0 5 0 0 0 9 39 19 0 0 11 51 36 21 7 0 0 0 5 0 -999
P10162 2011 12 0 24 30 4 5 0 0 0 0 0 0 0 13 0 0 53 63 64 64 57 65 35 28 20 30 33 38 33 36 32 60
P10162 2012 1 61 17 0 0 0 0 0 0 3 0 0 3 0 0 0 1 0 3 0 0 0 0 0 1 1 3 5 0 21 19 0
P10162 2012 2 5 0 0 14 0 7 0 0 0 0 0 0 0 0 0 1 0 14 38 27 12 0 6 0 11 0 0 14 -999 -999 -999
P10162 2012 3 42 49 26 0 11 12 8 0 0 0 0 0 0 0 12 28 22 0 22 38 39 0 0 0 20 0 0 9 0 0 0
P10162 2012 4 7 0 1 0 0 21 29 30 0 5 5 10 0 69 55 0 26 14 10 11 0 0 0 42 48 35 37 44 37 36 -999
P10162 2012 5 0 0 0 11 6 0 9 10 19 0 16 21 23 38 34 0 20 0 0 9 10 0 0 10 0 0 18 0 0 0 0
P10162 2012 6 0 0 1 0 0 0 0 0 31 18 13 14 17 17 23 11 0 0 12 18 0 0 0 0 0 0 0 14 16 0 -999
P10162 2012 7 0 0 0 0 0 0 0 0 0 0 17 21 0 0 0 0 0 14 0 6 0 0 8 0 21 0 0 0 0 0 10
P10162 2012 8 0 0 0 0 0 0 0 0 0 0 11 0 0 0 10 0 0 0 0 0 0 0 0 0 0 0 0 0 7 0 0
P10162 2012 9 0 0 0 0 0 0 0 0 0 0 0 0 0 0 0 0 9 0 6 0 0 0 0 14 0 0 0 0 0 7 -999
P10162 2012 10 0 0 0 0 0 0 0 0 0 34 55 20 9 0 26 32 26 0 32 0 0 27 17 8 10 15 32 22 21 55 28
P10162 2012 11 48 58 41 18 18 27 0 10 0 44 38 0 3 0 0 0 0 40 62 47 25 0 7 0 0 0 13 0 37 0 -999
P10162 2012 12 12 0 0 0 0 0 61 58 14 0 0 10 0 57 47 53 40 20 12 0 20 32 0 31 19 13 0 6 0 0 48
P10162 2013 1 22 14 0 44 31 10 28 18 0 10 0 0 0 0 0 0 0 3 0 0 0 0 0 0 0 0 0 0 0 34 9
P10162 2013 2 1 0 0 0 0 6 6 8 0 0 0 0 26 78 36 11 0 56 84 66 52 61 53 82 0 0 0 0 -999 -999 -999
P10162 2013 3 0 12 0 17 13 0 13 0 22 53 102 91 65 30 31 0 37 35 40 29 0 44 43 29 31 0 21 34 38 0 62
P10162 2013 4 0 10 0 0 13 27 29 12 0 0 0 0 0 0 0 27 5 10 15 14 40 27 0 32 47 0 0 0 0 0 -999
P10162 2013 5 0 0 7 20 0 0 0 28 0 38 40 0 0 12 28 0 0 29 0 0 11 1 0 0 0 0 0 0 0 0 0
P10162 2013 6 0 0 0 0 0 12 0 0 39 49 41 35 23 0 0 0 0 14 0 0 0 0 0 0 18 0 34 30 32 0 -999
P10162 2013 7 11 0 0 8 18 0 0 0 6 0 0 0 0 0 0 0 0 0 0 0 0 0 0 12 0 0 0 0 0 0 0
P10162 2013 8 0 0 0 0 16 17 0 22 0 0 0 0 7 0 0 0 0 0 0 0 0 0 0 14 0 0 4 0 0 0 36
P10162 2013 9 30 0 0 5 0 0 0 0 0 0 0 0 0 0 0 0 0 16 0 0 0 0 0 0 0 0 0 6 0 0 -999
P10162 2013 10 0 0 9 0 0 0 0 10 15 23 0 0 0 7 0 0 20 14 10 0 0 0 0 0 0 0 0 0 0 0 0
P10162 2013 11 0 0 0 0 2 0 0 0 8 10 0 0 0 6 0 0 18 104 140 54 60 103 113 62 27 107 35 24 0 0 -999
P10162 2013 12 22 57 38 31 3 0 0 11 10 0 0 0 8 11 0 11 0 0 0 0 9 20 21 35 0 38 15 0 41 32 16
P10162 2014 1 21 0 0 0 0 26 14 0 14 6 21 23 30 29 29 18 2 0 0 0 0 0 0 0 15 24 46 54 68 62 33
P10162 2014 2 30 46 29 45 42 65 55 66 40 49 0 20 31 8 0 0 0 0 20 6 11 0 14 7 0 0 0 0 -999 -999 -999