precip	MIROC5	RCP60	REGRESION	decimas	1
P12458	41.400	-5.733	182	geo	2006	2100	-1
P12458 2006 1 0 0 0 6 0 0 0 12 0 0 0 65 114 23 46 62 51 44 23 0 0 0 0 0 10 13 14 0 24 25 0
P12458 2006 2 0 51 26 20 0 0 0 0 0 0 0 16 16 0 17 0 0 0 19 15 0 7 6 0 4 0 4 0 -999 -999 -999
P12458 2006 3 26 42 63 75 60 71 0 59 37 33 39 25 0 20 24 49 79 76 57 35 37 32 30 23 27 30 29 37 40 32 29
P12458 2006 4 20 33 25 26 0 9 0 0 0 0 3 0 0 8 0 12 0 0 0 0 0 0 0 0 22 0 0 25 16 17 -999
P12458 2006 5 0 19 18 26 22 35 17 0 0 0 0 13 0 0 0 11 0 9 16 13 5 0 0 0 0 0 0 0 19 0 0
P12458 2006 6 0 0 0 0 0 0 0 0 0 0 0 0 0 0 0 0 0 0 12 0 0 0 0 0 0 0 19 0 15 0 -999
P12458 2006 7 0 13 0 0 0 16 0 17 0 0 0 0 25 0 0 0 0 0 0 0 12 0 0 0 0 0 0 0 0 0 17
P12458 2006 8 0 0 0 0 0 0 0 0 0 13 0 0 0 0 0 0 0 0 0 17 14 0 0 0 14 0 0 0 13 20 0
P12458 2006 9 0 0 0 0 0 0 0 12 0 12 6 0 10 0 0 0 0 0 7 0 0 0 0 0 0 5 0 10 0 0 -999
P12458 2006 10 0 0 0 0 0 0 0 0 13 0 0 0 20 20 19 0 12 0 12 11 0 12 0 0 20 18 9 21 0 0 14
P12458 2006 11 17 0 0 0 0 0 31 21 0 0 0 0 0 0 0 0 0 0 3 0 10 12 0 0 0 7 0 0 0 0 -999
P12458 2006 12 0 0 0 0 0 0 0 42 52 0 0 0 20 0 52 54 10 0 0 7 15 37 0 33 38 0 26 0 35 0 14
P12458 2007 1 0 19 10 0 3 0 0 0 0 0 0 0 0 0 0 0 0 0 0 4 0 0 0 0 0 8 0 10 11 12 9
P12458 2007 2 0 0 12 0 6 6 16 50 102 58 20 14 8 8 8 0 12 22 0 0 19 18 27 23 34 30 0 19 -999 -999 -999
P12458 2007 3 0 0 0 37 41 18 0 0 0 0 14 0 30 50 22 13 21 13 0 0 18 13 0 0 0 0 8 4 0 1 2
P12458 2007 4 0 0 0 0 5 12 3 0 0 5 0 29 35 10 0 16 0 36 37 25 0 12 23 18 10 8 4 0 0 0 -999
P12458 2007 5 0 0 0 20 40 0 0 0 19 0 0 0 15 17 0 15 0 20 20 0 0 0 0 0 0 0 0 0 7 0 0
P12458 2007 6 0 11 0 0 0 0 0 0 0 0 0 0 0 0 0 0 0 0 11 0 0 0 0 0 11 0 0 0 0 0 -999
P12458 2007 7 0 14 0 0 0 0 0 0 0 0 24 26 13 0 0 0 21 0 0 18 0 0 0 0 0 0 0 0 0 0 0
P12458 2007 8 0 0 11 0 0 0 0 0 0 0 0 0 0 0 0 0 0 0 0 20 0 0 0 0 12 17 17 0 0 0 0
P12458 2007 9 0 0 0 0 0 6 0 0 0 0 0 0 0 0 0 10 0 0 0 0 0 0 0 16 15 0 0 12 0 0 -999
P12458 2007 10 0 0 0 0 0 0 0 0 0 0 13 0 31 33 15 19 0 47 12 0 0 34 42 32 13 0 0 0 9 6 0
P12458 2007 11 0 5 9 0 0 8 0 0 0 0 38 33 18 25 8 0 0 1 0 0 0 0 0 4 2 0 9 0 0 8 -999
P12458 2007 12 0 0 0 8 0 0 0 0 0 2 3 2 1 0 0 12 20 0 0 0 0 5 0 10 14 9 12 6 0 3 4
P12458 2008 1 8 13 19 22 8 0 0 1 3 0 0 6 9 0 0 0 0 5 14 20 42 41 0 0 0 57 50 29 29 39 57
P12458 2008 2 83 37 62 37 29 43 30 48 0 26 37 0 10 0 31 26 0 39 23 0 9 0 7 0 7 0 19 12 -999 -999 -999
P12458 2008 3 6 0 9 0 0 0 0 0 0 0 0 0 20 0 0 0 0 0 0 0 0 11 0 0 12 8 0 0 0 0 0
P12458 2008 4 0 0 0 14 0 0 0 0 0 0 0 0 17 21 34 32 20 14 0 9 0 0 0 0 0 0 0 0 0 17 -999
P12458 2008 5 0 0 0 5 10 0 6 5 11 20 0 0 0 0 15 0 0 0 18 25 18 22 31 10 0 0 0 8 9 0 0
P12458 2008 6 0 0 0 0 0 18 11 0 23 0 0 13 0 30 10 7 0 0 0 0 0 0 0 0 0 0 0 21 15 6 -999
P12458 2008 7 0 0 0 0 0 0 0 0 0 0 13 0 0 27 0 17 0 0 0 0 0 0 0 0 0 0 0 0 0 0 0
P12458 2008 8 0 0 6 0 14 0 17 0 0 16 12 0 0 0 0 0 0 0 0 10 0 11 0 0 0 0 0 0 0 0 0
P12458 2008 9 0 10 0 9 0 0 0 0 0 0 0 0 14 0 13 0 0 0 0 0 0 0 22 19 21 0 0 21 29 22 -999
P12458 2008 10 0 0 0 11 0 0 13 11 6 10 29 30 0 0 0 0 0 11 0 0 0 0 0 18 0 30 28 17 14 0 16
P12458 2008 11 0 0 19 0 0 0 0 0 0 7 0 0 0 5 0 8 0 26 12 8 0 0 0 0 0 0 0 0 0 2 -999
P12458 2008 12 0 0 0 0 0 0 3 0 6 14 15 0 7 0 0 0 5 0 0 0 0 0 0 10 23 0 15 12 0 0 0
P12458 2009 1 0 0 0 0 0 4 2 0 0 0 0 0 0 0 7 4 0 1 0 0 0 0 0 0 0 0 0 0 0 0 0
P12458 2009 2 0 4 5 0 4 0 2 0 1 3 2 2 4 3 0 0 0 0 0 0 1 0 0 0 0 0 0 11 -999 -999 -999
P12458 2009 3 27 31 26 0 10 7 10 27 0 0 0 6 0 12 0 21 44 0 0 19 0 8 0 19 21 0 31 46 47 36 16
P12458 2009 4 0 0 8 0 18 0 8 7 5 0 0 0 13 13 9 0 5 7 0 11 0 0 0 0 6 0 10 0 23 30 -999
P12458 2009 5 0 21 15 17 0 18 11 11 15 10 8 6 3 0 0 0 0 0 0 18 0 0 0 14 12 0 0 0 0 0 0
P12458 2009 6 0 11 10 0 0 0 14 0 0 0 4 0 0 0 20 0 0 6 0 0 0 12 0 0 0 0 0 0 0 19 -999
P12458 2009 7 0 18 0 0 0 0 11 0 0 0 0 0 19 10 0 0 0 0 0 0 0 12 0 0 0 0 0 0 0 0 28
P12458 2009 8 0 0 0 8 0 0 0 0 0 0 0 0 0 0 0 0 0 0 0 6 0 0 0 16 0 0 0 0 13 20 17
P12458 2009 9 23 17 0 0 0 0 9 0 0 0 21 13 0 0 0 0 0 0 0 0 0 0 0 12 0 0 0 0 0 0 -999
P12458 2009 10 0 0 0 5 6 0 0 0 0 11 0 0 12 12 13 0 0 14 10 0 0 0 0 31 0 0 6 0 0 0 0
P12458 2009 11 0 0 0 0 5 0 0 0 0 0 0 0 8 9 12 0 0 7 11 21 7 0 0 0 0 5 10 14 13 19 -999
P12458 2009 12 14 24 29 0 46 33 34 18 16 0 0 0 13 10 9 0 16 34 24 0 0 13 0 0 30 36 35 28 18 13 15
P12458 2010 1 16 14 30 54 28 0 0 6 0 8 5 0 11 5 10 11 11 7 0 17 0 0 0 0 0 6 0 0 0 0 0
P12458 2010 2 8 0 0 0 0 11 5 3 3 0 0 0 0 0 0 0 0 0 0 3 0 3 4 5 2 0 0 0 -999 -999 -999
P12458 2010 3 0 0 0 0 0 10 8 0 0 27 16 8 0 0 5 4 0 16 0 0 0 0 0 0 0 2 0 0 0 5 0
P12458 2010 4 12 15 0 0 11 18 0 31 27 22 16 13 0 15 35 18 7 0 6 0 13 11 6 13 0 5 0 0 0 0 -999
P12458 2010 5 0 0 14 18 15 0 0 4 5 0 0 0 0 0 13 17 13 0 0 0 0 0 0 0 0 28 22 13 13 9 0
P12458 2010 6 0 15 15 10 9 8 10 0 2 0 0 0 0 15 21 23 9 0 0 0 9 0 0 0 0 0 0 0 16 0 -999
P12458 2010 7 0 19 0 0 0 0 0 0 15 11 0 0 0 0 0 0 0 0 0 0 0 0 0 0 0 0 0 0 0 0 0
P12458 2010 8 0 0 0 0 0 0 0 0 0 0 12 0 0 0 0 0 0 0 0 0 0 0 0 0 0 0 0 0 0 0 0
P12458 2010 9 0 0 25 13 0 0 0 21 0 10 11 18 12 8 10 0 0 0 0 0 0 0 0 0 0 0 0 0 0 0 -999
P12458 2010 10 0 0 0 0 0 13 0 0 0 28 38 26 40 25 16 10 8 12 17 8 0 0 9 5 11 0 0 9 14 0 0
P12458 2010 11 0 0 11 7 0 0 6 0 0 0 0 0 0 0 5 0 11 0 0 0 7 0 0 5 0 6 0 0 0 0 -999
P12458 2010 12 0 0 0 0 0 8 8 0 0 6 0 13 26 17 0 0 9 7 0 2 0 0 0 0 0 0 3 7 0 0 0
P12458 2011 1 0 0 0 12 14 0 0 3 0 0 6 6 5 8 14 0 2 1 0 0 0 16 26 13 0 0 8 0 1 2 0
P12458 2011 2 10 7 7 24 29 0 24 0 0 0 0 13 0 0 12 7 0 0 0 10 0 25 0 7 7 0 11 0 -999 -999 -999
P12458 2011 3 22 16 11 0 0 0 6 5 0 0 0 19 0 14 23 40 0 17 12 16 16 26 46 98 28 0 27 54 0 0 10
P12458 2011 4 16 25 0 11 0 0 0 13 0 13 13 0 0 6 0 0 26 21 16 19 0 0 7 7 6 0 0 0 0 0 -999
P12458 2011 5 0 12 6 0 0 0 0 0 0 26 10 0 0 0 0 0 0 9 13 28 0 10 0 14 0 0 0 0 0 0 7
P12458 2011 6 9 0 8 0 0 0 13 0 0 0 0 0 0 0 0 0 0 0 0 8 0 15 0 0 0 0 0 0 10 0 -999
P12458 2011 7 0 0 0 0 11 0 0 0 0 0 0 0 0 0 0 0 8 0 0 0 0 0 0 0 0 0 0 0 16 0 0
P12458 2011 8 0 0 0 0 0 0 0 0 0 0 0 14 0 0 0 0 0 0 0 0 0 0 0 0 0 0 0 0 0 0 0
P12458 2011 9 0 0 0 0 0 0 0 15 0 25 0 3 0 0 0 0 0 0 0 0 0 6 0 0 0 0 0 0 0 0 -999
P12458 2011 10 0 0 0 0 0 0 0 0 0 0 12 12 0 19 17 14 10 0 0 0 13 0 0 0 10 0 10 0 0 0 13
P12458 2011 11 0 4 8 16 34 42 23 0 0 2 0 0 0 0 0 10 30 18 0 0 9 28 18 13 0 0 7 0 0 0 -999
P12458 2011 12 0 20 19 2 4 6 0 0 0 0 8 13 0 0 9 37 38 0 39 38 38 19 0 0 23 21 23 19 0 19 41
P12458 2012 1 33 0 3 0 0 0 0 5 0 0 0 0 0 0 0 0 0 1 0 2 0 0 1 0 0 0 0 9 0 0 0
P12458 2012 2 0 0 18 0 0 0 0 4 0 0 0 0 0 0 2 0 0 11 23 0 9 5 5 0 6 0 0 7 -999 -999 -999
P12458 2012 3 22 25 18 10 0 0 0 0 0 0 0 6 12 8 10 0 0 0 19 34 34 15 17 0 0 0 4 0 0 9 0
P12458 2012 4 0 0 0 0 0 17 0 0 0 3 0 5 12 43 32 0 15 0 5 0 0 6 0 27 27 18 25 29 23 0 -999
P12458 2012 5 14 0 0 9 0 0 0 10 15 15 0 0 19 26 21 16 14 13 0 0 0 0 0 0 19 15 11 0 0 0 0
P12458 2012 6 0 0 0 0 0 0 0 0 24 0 11 0 12 13 17 9 0 0 0 16 0 0 0 0 0 0 0 0 0 0 -999
P12458 2012 7 0 0 0 0 0 0 0 0 0 0 0 0 15 0 0 0 0 16 0 0 0 0 9 0 0 0 0 0 0 0 0
P12458 2012 8 0 0 0 0 0 0 0 0 0 0 0 0 0 0 0 10 0 11 0 0 0 0 0 0 0 0 0 9 0 8 8
P12458 2012 9 0 0 0 0 0 0 9 0 0 0 0 0 0 0 0 0 0 0 0 0 0 0 0 0 0 11 0 0 0 0 -999
P12458 2012 10 0 0 0 0 0 0 0 0 15 0 42 15 9 0 23 24 0 0 26 13 20 0 0 0 11 14 26 15 18 36 16
P12458 2012 11 32 34 28 13 0 17 6 9 0 29 23 0 3 4 0 0 0 31 42 32 17 0 0 0 8 9 11 0 28 12 -999
P12458 2012 12 0 0 0 11 0 49 44 41 0 18 16 0 0 38 29 32 22 12 10 8 14 17 7 18 10 7 4 5 0 0 0
P12458 2013 1 13 9 14 27 15 6 17 10 7 9 8 5 0 0 0 0 0 2 0 0 0 0 0 0 0 0 0 0 14 19 5
P12458 2013 2 0 0 0 0 0 4 4 6 0 0 0 0 24 52 0 0 0 42 52 41 33 42 33 45 0 8 0 0 -999 -999 -999
P12458 2013 3 0 0 13 16 8 0 0 27 22 40 70 64 45 18 22 0 24 24 0 19 16 0 33 23 0 0 0 25 30 33 40
P12458 2013 4 24 11 0 14 0 16 16 7 0 0 0 0 0 0 13 22 5 0 11 11 25 16 11 24 31 7 0 0 8 8 -999
P12458 2013 5 0 0 0 16 0 0 0 22 20 25 23 12 0 0 0 0 20 18 14 0 7 0 3 0 0 0 0 0 0 0 0
P12458 2013 6 0 0 21 19 0 0 0 28 0 35 29 25 19 0 9 0 0 13 13 0 11 0 9 0 0 0 31 27 27 16 -999
P12458 2013 7 11 0 0 0 0 20 0 9 0 0 0 0 0 0 20 0 0 0 0 0 0 0 0 0 0 0 0 0 0 22 27
P12458 2013 8 0 0 0 13 0 16 0 0 19 0 0 0 0 0 11 0 0 0 0 0 0 0 0 0 0 0 0 0 0 0 30
P12458 2013 9 24 0 7 0 0 0 0 0 0 17 0 0 0 0 0 0 0 0 20 0 0 0 0 0 0 0 0 0 0 0 -999
P12458 2013 10 0 0 0 0 0 0 0 10 14 0 16 0 0 0 0 12 14 10 8 0 0 0 0 2 0 0 0 0 0 0 0
P12458 2013 11 0 0 0 0 0 0 0 0 0 6 0 4 3 0 0 9 0 79 104 39 41 0 77 41 21 72 23 0 0 11 -999
P12458 2013 12 12 32 23 18 0 0 7 14 11 8 10 0 0 0 0 0 0 0 0 0 10 18 17 30 22 29 12 0 36 25 14
P12458 2014 1 17 0 5 14 20 0 12 22 0 6 14 14 17 21 18 10 0 0 0 0 0 3 0 0 0 20 37 44 59 39 0
P12458 2014 2 22 27 19 27 24 44 33 39 24 26 0 0 18 0 0 0 0 0 11 5 8 0 0 0 0 0 0 14 -999 -999 -999