precip	MIROC5	RCP60	REGRESION	decimas	1
P1391	37.400	-5.686	182	geo	2006	2100	-1
P1391 2006 1 0 8 0 0 0 0 0 16 10 0 21 161 188 0 70 153 120 108 93 14 5 0 20 9 0 22 0 0 29 40 0
P1391 2006 2 18 100 27 0 0 0 0 0 0 0 0 25 53 0 0 14 0 0 21 40 9 0 8 6 0 2 0 13 -999 -999 -999
P1391 2006 3 53 72 116 151 120 126 0 0 0 84 102 0 24 0 36 83 198 205 109 49 76 52 45 27 38 41 0 0 84 51 88
P1391 2006 4 20 42 0 0 0 12 0 74 0 0 0 0 0 0 6 0 0 0 0 2 0 0 0 0 0 0 54 39 35 0 -999
P1391 2006 5 20 26 26 39 37 62 0 0 0 0 0 0 0 0 0 0 0 9 15 0 0 0 0 0 0 0 0 0 20 0 0
P1391 2006 6 0 0 0 0 0 0 0 0 0 0 0 0 11 0 0 0 0 0 0 0 0 0 0 0 0 0 0 0 0 18 -999
P1391 2006 7 0 0 0 0 0 0 0 0 0 0 0 6 0 0 0 0 0 0 0 0 0 0 0 0 0 0 0 0 0 0 0
P1391 2006 8 0 0 0 0 0 0 0 0 0 0 0 0 0 0 0 0 0 0 0 0 0 0 8 0 0 0 0 0 0 0 15
P1391 2006 9 0 0 0 0 0 0 0 0 0 0 0 0 0 0 0 0 20 0 6 0 0 0 0 0 0 0 0 0 7 0 -999
P1391 2006 10 0 0 0 0 0 0 0 0 0 0 35 0 0 0 0 17 8 0 10 0 0 0 0 0 0 0 0 0 0 0 0
P1391 2006 11 17 26 0 0 0 0 0 0 0 4 0 0 0 0 0 0 3 0 0 11 20 0 0 43 12 0 0 0 0 0 -999
P1391 2006 12 0 0 0 0 0 0 0 120 97 69 38 0 49 30 98 155 22 1 0 0 18 50 140 60 62 65 51 42 0 37 17
P1391 2007 1 27 0 6 0 0 0 0 0 0 0 2 0 0 0 3 0 0 0 8 0 6 0 0 0 14 0 7 0 13 18 16
P1391 2007 2 0 0 0 13 7 0 35 138 245 164 25 0 0 0 0 8 31 61 34 26 0 0 35 0 31 39 37 0 -999 -999 -999
P1391 2007 3 0 0 0 82 80 0 0 0 0 0 0 48 45 65 29 0 18 15 0 0 19 0 0 0 0 7 0 0 0 0 0
P1391 2007 4 0 0 0 0 7 13 0 0 0 0 0 0 0 0 0 0 0 0 58 0 43 18 25 44 0 0 1 0 0 0 -999
P1391 2007 5 0 0 0 0 73 0 0 8 0 0 0 0 21 30 0 0 0 28 27 19 0 0 0 0 0 0 0 4 0 0 0
P1391 2007 6 28 13 0 0 0 0 18 0 0 7 0 0 0 0 0 0 0 3 0 0 0 0 0 0 9 0 11 0 0 0 -999
P1391 2007 7 0 0 0 0 0 0 0 0 18 0 0 0 0 0 0 0 0 0 0 0 0 0 0 0 0 0 0 0 0 0 0
P1391 2007 8 0 0 0 0 0 0 0 0 0 0 0 0 0 0 0 0 0 0 0 0 0 0 0 0 0 18 0 0 0 0 0
P1391 2007 9 0 0 0 0 0 0 0 0 0 0 0 0 0 0 37 0 0 0 0 0 0 0 0 0 0 0 0 0 0 0 -999
P1391 2007 10 0 0 0 0 0 0 0 0 0 0 0 18 52 0 0 0 0 60 9 0 0 50 50 48 0 12 28 0 0 0 0
P1391 2007 11 0 1 6 0 0 0 0 0 26 0 0 38 0 17 0 0 0 0 0 0 0 0 0 0 0 7 29 0 0 0 -999
P1391 2007 12 5 7 14 18 13 0 21 0 0 1 0 0 0 0 0 0 49 38 0 6 11 0 13 15 13 0 0 17 1 6 0
P1391 2008 1 0 0 12 39 0 0 0 0 0 0 0 0 0 38 52 63 0 0 23 31 111 111 0 0 0 0 201 87 63 82 116
P1391 2008 2 231 49 117 45 35 54 60 102 18 38 93 19 0 0 40 57 59 66 51 107 0 15 0 0 29 28 30 27 -999 -999 -999
P1391 2008 3 0 0 0 0 0 0 0 0 0 0 0 0 0 0 0 0 0 0 0 0 0 8 0 0 0 0 4 0 0 0 0
P1391 2008 4 0 0 0 0 0 0 0 0 0 0 0 0 0 0 71 45 33 19 0 5 0 0 0 0 0 0 0 0 0 0 -999
P1391 2008 5 0 9 0 7 14 0 0 0 0 0 47 0 25 0 21 0 0 0 0 42 35 42 61 0 0 0 7 8 0 21 0
P1391 2008 6 0 0 12 0 0 21 0 10 0 0 0 15 0 43 12 0 0 0 0 0 0 0 0 0 0 0 0 0 10 0 -999
P1391 2008 7 0 0 0 0 0 0 0 0 0 0 0 0 0 0 0 0 0 0 0 0 0 0 0 0 0 0 0 0 0 0 0
P1391 2008 8 0 0 0 0 0 0 0 0 0 0 0 0 0 0 0 0 0 0 0 0 0 0 0 2 0 0 0 0 0 0 0
P1391 2008 9 0 0 0 0 0 0 0 0 0 0 0 28 0 0 0 0 0 0 0 0 0 0 0 0 0 12 0 21 34 0 -999
P1391 2008 10 0 0 0 0 0 0 10 0 0 0 0 30 31 13 0 0 0 0 10 0 0 0 0 0 18 30 38 23 0 0 11
P1391 2008 11 15 2 22 0 2 1 0 0 0 0 0 0 0 0 0 0 0 33 0 0 0 0 0 0 0 0 0 0 0 0 -999
P1391 2008 12 1 0 0 0 0 0 4 0 0 25 30 0 0 18 0 3 10 0 0 1 0 9 0 0 21 33 27 25 0 0 0
P1391 2009 1 0 0 0 0 0 0 0 0 0 0 0 0 0 11 17 0 0 0 0 0 0 0 0 0 0 0 0 7 0 0 0
P1391 2009 2 7 0 0 0 7 0 0 0 0 0 0 0 0 0 0 0 0 0 0 0 0 0 0 0 0 0 0 0 -999 -999 -999
P1391 2009 3 0 57 62 33 27 0 12 61 61 0 14 15 0 0 0 0 74 0 0 0 0 0 0 0 24 84 76 99 114 65 0
P1391 2009 4 37 91 0 19 37 61 9 0 0 0 11 21 22 0 0 0 0 0 0 10 0 10 5 0 2 2 0 21 0 0 -999
P1391 2009 5 34 43 18 0 25 32 22 20 30 0 0 0 4 0 0 0 0 0 0 0 0 32 0 0 0 0 0 6 0 0 0
P1391 2009 6 0 0 0 0 0 15 0 0 0 0 0 0 0 0 0 0 0 0 0 0 0 0 0 9 0 0 0 0 0 0 -999
P1391 2009 7 0 0 0 0 0 0 0 0 0 0 0 0 0 0 0 0 0 0 0 0 0 0 0 0 0 0 0 0 0 0 0
P1391 2009 8 0 0 0 0 0 0 0 0 0 0 0 0 0 0 0 0 0 0 0 0 0 0 0 21 0 0 0 0 0 24 0
P1391 2009 9 25 0 2 0 0 0 0 0 0 0 0 0 9 0 0 0 0 0 0 0 0 0 0 0 7 0 0 0 0 0 -999
P1391 2009 10 0 0 0 1 0 0 0 0 0 0 0 16 0 16 19 27 26 0 14 12 17 0 0 45 18 9 0 0 0 0 0
P1391 2009 11 0 0 0 0 0 0 0 0 0 0 2 3 0 0 0 0 23 0 12 17 9 23 62 53 0 5 0 0 0 28 -999
P1391 2009 12 14 0 42 22 51 53 98 18 0 79 54 0 0 0 0 0 0 44 23 14 7 9 12 16 32 55 83 78 21 0 0
P1391 2010 1 0 0 48 113 53 25 0 13 25 0 0 0 14 0 12 13 0 0 13 25 27 6 0 0 0 0 0 0 0 0 0
P1391 2010 2 0 0 0 0 0 0 0 0 0 0 0 0 0 0 0 0 0 1 0 0 0 0 0 5 0 0 0 7 -999 -999 -999
P1391 2010 3 0 0 0 6 0 22 0 0 96 73 34 17 5 0 9 8 11 29 0 0 0 2 0 0 0 0 0 0 0 0 0
P1391 2010 4 0 41 0 0 0 0 0 0 43 0 0 28 0 21 84 49 0 0 0 33 24 0 0 0 26 0 4 0 23 0 -999
P1391 2010 5 12 0 24 36 27 0 0 0 0 0 0 0 0 0 0 28 0 0 0 0 0 0 0 0 0 46 40 15 0 15 0
P1391 2010 6 0 28 23 0 0 0 0 0 0 0 0 0 0 13 0 0 0 0 0 6 0 0 0 0 0 0 0 0 0 12 -999
P1391 2010 7 0 26 0 0 0 0 0 0 0 0 0 10 0 0 0 0 0 0 0 0 0 0 0 0 0 0 0 0 0 0 0
P1391 2010 8 0 0 0 0 0 0 0 12 0 0 0 8 0 0 0 0 0 0 0 0 0 0 0 0 38 0 0 0 0 0 0
P1391 2010 9 0 0 0 0 0 0 0 0 0 0 0 0 0 0 0 0 4 0 0 0 0 0 0 0 0 0 0 0 0 0 -999
P1391 2010 10 0 0 0 0 0 0 0 0 0 50 54 25 44 43 15 0 0 0 17 0 22 42 0 0 0 8 0 0 0 10 0
P1391 2010 11 0 0 0 0 0 0 0 0 0 0 0 0 0 0 0 7 5 0 0 0 0 0 0 0 0 0 3 0 0 0 -999
P1391 2010 12 0 0 2 7 0 11 15 0 0 0 0 23 45 38 4 0 4 0 0 0 0 0 0 0 0 0 0 0 0 0 0
P1391 2011 1 0 0 0 10 0 9 4 0 4 0 0 5 0 0 0 0 0 0 0 0 0 16 30 9 0 0 0 0 0 0 3
P1391 2011 2 0 0 0 23 0 0 22 0 0 0 0 0 8 0 0 0 0 0 8 0 0 44 0 0 7 0 0 49 -999 -999 -999
P1391 2011 3 78 46 0 0 0 0 0 0 0 9 19 30 0 15 51 125 159 34 21 33 0 38 0 216 61 0 0 98 0 0 5
P1391 2011 4 0 0 0 14 0 0 0 0 0 0 24 24 0 0 0 0 0 64 26 29 0 0 0 5 0 0 0 0 0 1 -999
P1391 2011 5 0 0 4 0 0 0 6 0 0 31 0 0 0 0 0 11 0 0 0 0 0 0 0 0 0 0 0 13 16 0 0
P1391 2011 6 0 0 0 0 0 0 0 0 8 0 0 0 0 0 0 0 0 0 0 0 0 12 0 0 0 12 0 0 0 0 -999
P1391 2011 7 0 0 0 0 0 0 0 0 0 0 0 0 0 0 0 0 0 0 0 0 19 0 0 0 0 0 0 0 0 0 0
P1391 2011 8 0 0 0 0 0 0 0 0 0 0 0 0 0 0 0 0 0 0 0 9 0 0 0 0 0 0 0 0 0 0 0
P1391 2011 9 0 0 0 0 0 0 0 0 24 38 0 0 0 0 0 0 0 0 0 0 0 0 0 9 0 0 0 0 0 0 -999
P1391 2011 10 13 0 0 0 0 0 0 0 7 0 0 0 0 0 0 0 0 14 0 0 0 0 0 0 12 0 0 0 0 0 0
P1391 2011 11 0 0 6 21 64 0 53 6 0 0 10 0 0 0 6 0 46 29 0 7 0 0 0 20 0 0 0 22 0 0 -999
P1391 2011 12 0 0 0 1 0 0 6 0 11 0 0 0 8 0 9 45 47 54 54 67 90 35 53 20 31 0 0 0 0 0 0
P1391 2012 1 111 0 2 0 0 0 0 0 0 0 0 3 0 0 0 0 0 0 1 0 0 0 0 2 0 0 0 19 32 47 0
P1391 2012 2 0 0 46 20 0 11 9 3 0 0 0 0 0 0 0 0 0 0 44 49 22 0 6 0 10 0 0 0 -999 -999 -999
P1391 2012 3 23 69 0 22 17 20 9 0 0 0 0 0 18 11 0 0 0 0 21 0 0 14 0 0 18 0 0 0 0 0 0
P1391 2012 4 0 0 0 0 0 16 0 19 3 0 0 0 0 67 66 0 42 20 8 9 8 0 0 46 0 35 94 72 0 37 -999
P1391 2012 5 0 0 0 0 0 0 0 11 23 0 0 25 0 31 27 0 0 0 11 0 8 13 0 0 33 0 15 0 0 0 5
P1391 2012 6 0 0 0 0 0 0 0 0 0 23 15 15 0 23 33 15 0 0 0 21 14 0 0 0 0 0 0 0 0 0 -999
P1391 2012 7 0 0 0 0 0 0 0 0 0 0 0 0 0 0 0 0 16 16 0 0 0 0 0 0 0 0 0 0 0 0 0
P1391 2012 8 0 0 0 0 0 0 0 0 0 0 0 0 0 0 10 0 0 0 0 0 0 0 0 0 0 0 16 7 0 0 4
P1391 2012 9 0 0 0 9 0 0 20 0 0 0 0 0 0 0 0 0 0 0 0 2 0 0 0 0 0 0 0 19 29 11 -999
P1391 2012 10 4 0 0 0 0 0 0 0 18 0 61 18 0 0 0 29 0 0 0 15 0 0 0 0 0 0 28 0 0 0 20
P1391 2012 11 0 56 42 0 10 19 0 0 0 23 38 0 0 0 0 0 0 0 82 41 13 0 0 0 0 0 12 29 52 0 -999
P1391 2012 12 14 0 0 14 28 111 87 83 0 0 0 12 33 132 86 57 54 23 0 9 0 29 5 17 12 6 0 0 12 17 50
P1391 2013 1 0 17 0 0 24 7 17 13 0 0 0 0 1 0 0 0 0 0 0 1 0 0 0 0 0 0 0 10 0 31 0
P1391 2013 2 0 0 0 0 0 0 3 0 0 0 0 0 40 81 39 10 21 76 107 82 57 60 66 108 37 8 2 4 -999 -999 -999
P1391 2013 3 0 0 0 22 0 6 0 0 0 77 150 165 88 23 0 0 40 40 40 29 0 56 62 0 30 0 0 41 45 0 83
P1391 2013 4 37 0 0 22 22 14 24 0 0 3 0 0 0 0 0 0 0 0 0 0 35 15 0 27 63 0 1 0 0 0 -999
P1391 2013 5 0 0 0 0 0 0 0 32 0 37 37 15 0 0 0 0 0 0 20 12 0 0 0 0 0 0 0 0 0 0 0
P1391 2013 6 0 0 27 0 0 0 0 0 50 0 41 34 19 13 0 0 11 0 10 0 0 0 0 0 0 0 0 0 0 15 -999
P1391 2013 7 9 0 0 0 0 0 19 0 0 0 0 0 0 0 0 0 0 0 0 0 0 0 0 0 0 0 0 0 0 0 0
P1391 2013 8 0 0 0 16 16 17 0 19 0 0 0 0 0 0 12 0 0 0 0 0 0 0 0 0 0 0 0 0 0 0 35
P1391 2013 9 19 0 0 0 0 5 0 0 0 0 0 0 0 2 0 0 0 0 0 0 0 0 9 3 0 1 0 3 0 0 -999
P1391 2013 10 0 0 0 0 0 0 0 0 0 0 0 15 0 0 0 0 0 22 0 6 0 0 0 0 0 1 0 5 0 0 0
P1391 2013 11 0 0 0 0 0 0 0 0 0 4 10 7 0 0 0 12 0 198 244 78 117 175 207 86 17 95 57 24 0 12 -999
P1391 2013 12 17 55 23 16 1 0 0 0 0 0 0 12 0 0 24 0 0 2 0 0 0 0 0 49 18 25 31 21 63 0 0
P1391 2014 1 0 8 0 19 30 31 0 0 11 3 0 0 15 0 51 0 0 0 0 0 0 4 3 0 0 33 68 78 146 128 0
P1391 2014 2 19 0 0 36 45 88 40 100 39 61 0 0 20 0 0 0 9 0 0 0 0 0 12 0 0 0 0 37 -999 -999 -999