precip	MIROC5	RCP60	REGRESION	decimas	1
P12211	41.237	-2.143	182	geo	2006	2100	-1
P12211 2006 1 0 6 0 6 0 9 0 6 0 0 9 27 60 48 14 31 0 31 0 0 0 0 11 10 3 5 0 13 0 18 0
P12211 2006 2 5 0 0 0 0 0 0 0 0 0 4 10 0 0 28 27 13 6 8 20 23 0 12 0 0 4 6 0 -999 -999 -999
P12211 2006 3 15 25 32 39 42 38 44 48 35 24 39 0 25 20 18 26 40 0 33 16 25 0 21 16 20 14 12 21 0 21 39
P12211 2006 4 19 0 0 0 0 0 0 33 23 0 0 5 9 0 0 0 0 0 13 0 3 0 0 0 0 22 34 39 35 30 -999
P12211 2006 5 25 23 0 0 0 0 0 10 8 0 0 0 0 0 0 0 0 0 13 14 0 0 0 0 0 0 0 0 0 0 0
P12211 2006 6 0 0 0 0 0 0 0 0 19 17 0 0 0 0 0 0 0 19 14 13 0 10 0 0 19 17 16 0 0 0 -999
P12211 2006 7 0 22 0 0 0 26 26 0 18 0 0 0 19 0 0 0 0 0 14 0 0 0 0 0 0 0 0 0 0 0 0
P12211 2006 8 0 0 0 9 0 20 0 0 0 0 12 13 17 19 0 0 0 0 0 0 0 0 0 0 17 0 0 0 0 16 20
P12211 2006 9 0 0 0 0 0 0 0 11 18 24 0 0 8 8 0 0 0 0 0 0 0 14 19 27 26 12 6 0 0 0 -999
P12211 2006 10 0 0 0 0 0 0 0 0 13 0 0 0 0 22 23 22 12 7 9 0 12 14 0 7 0 0 0 10 0 0 0
P12211 2006 11 12 0 0 0 0 0 0 16 0 0 0 0 0 5 0 0 0 0 0 0 16 0 16 32 18 8 0 0 0 0 -999
P12211 2006 12 0 0 0 0 0 0 0 18 19 15 16 20 23 17 19 26 21 0 0 0 0 16 31 34 17 19 0 0 0 11 0
P12211 2007 1 0 8 0 0 0 0 0 1 0 0 0 0 0 3 2 0 0 0 0 18 0 0 0 10 20 21 18 14 19 14 12
P12211 2007 2 0 7 13 0 16 13 17 37 74 58 0 19 16 0 0 0 0 0 20 17 21 19 0 0 16 11 14 21 -999 -999 -999
P12211 2007 3 0 15 15 17 24 21 0 11 0 7 10 0 44 35 27 0 0 0 8 15 0 19 15 0 0 8 0 0 0 0 0
P12211 2007 4 0 0 0 0 19 0 0 3 0 0 8 17 0 0 0 9 0 0 26 21 22 0 26 24 0 0 0 0 0 0 -999
P12211 2007 5 0 0 0 0 0 0 0 0 0 16 0 0 35 0 0 14 0 0 24 20 0 0 0 0 0 0 0 0 0 0 18
P12211 2007 6 24 0 0 19 20 0 24 0 0 0 12 0 27 0 17 15 0 10 13 0 0 14 0 18 0 16 22 23 0 0 -999
P12211 2007 7 0 21 0 0 0 0 0 0 0 0 31 31 0 0 11 0 31 32 0 0 0 0 0 0 0 18 0 0 23 0 0
P12211 2007 8 0 0 0 0 0 16 0 0 0 0 0 0 0 0 13 0 0 16 0 23 0 0 0 0 18 0 19 0 0 0 0
P12211 2007 9 0 0 0 0 0 0 0 0 0 0 0 14 0 0 0 0 0 0 0 0 0 0 0 12 10 0 0 0 0 0 -999
P12211 2007 10 0 0 0 0 0 7 0 0 0 19 19 0 25 24 0 0 0 19 0 0 11 0 20 18 0 0 0 0 0 0 0
P12211 2007 11 0 5 0 0 5 0 0 0 8 0 0 0 9 0 0 0 0 0 0 0 0 0 0 0 0 0 0 14 0 17 -999
P12211 2007 12 13 8 11 0 19 19 16 0 0 0 0 0 0 0 0 0 11 13 12 7 4 4 5 0 0 0 6 0 0 0 5
P12211 2008 1 0 12 23 24 15 0 0 0 9 9 8 9 10 12 18 0 8 4 7 13 23 25 0 0 12 0 0 22 0 21 24
P12211 2008 2 40 0 20 21 12 15 19 25 18 0 0 0 0 0 0 21 0 0 35 18 0 0 0 0 0 26 0 29 -999 -999 -999
P12211 2008 3 0 0 0 7 0 0 0 0 0 0 0 9 13 0 8 0 0 0 0 0 0 0 0 0 0 0 0 0 0 0 0
P12211 2008 4 4 0 9 0 20 12 0 0 0 0 0 0 16 0 24 27 23 19 13 9 0 0 0 0 5 0 0 7 17 0 -999
P12211 2008 5 16 0 0 0 17 0 16 10 10 20 30 0 0 0 19 0 0 0 18 29 31 22 0 0 0 0 0 0 0 0 0
P12211 2008 6 16 0 12 0 0 0 12 0 14 0 21 24 0 0 0 0 0 0 0 0 11 0 0 0 0 0 16 0 0 0 -999
P12211 2008 7 0 0 0 0 0 0 18 0 0 0 23 0 19 0 0 0 0 0 12 14 22 0 0 0 0 0 0 0 0 0 22
P12211 2008 8 27 0 20 0 0 0 20 0 0 0 0 0 0 0 0 0 0 0 0 0 0 0 0 0 0 20 0 0 0 0 0
P12211 2008 9 0 0 0 0 0 0 12 0 0 0 20 0 0 0 0 11 0 12 14 0 0 0 14 0 17 0 0 0 22 26 -999
P12211 2008 10 0 0 0 0 0 0 13 0 0 0 22 27 21 18 0 0 0 0 11 0 16 12 0 0 16 17 26 0 20 0 8
P12211 2008 11 17 0 23 0 0 4 0 0 12 9 15 0 0 0 0 0 0 9 0 0 0 0 0 0 2 0 0 0 0 2 -999
P12211 2008 12 0 0 0 0 3 5 0 0 8 15 22 9 8 13 9 4 0 0 4 2 0 0 0 0 6 0 0 0 0 0 0
P12211 2009 1 0 0 0 3 8 8 0 0 0 0 0 12 16 11 0 0 0 0 0 0 0 0 0 0 0 0 0 0 4 3 0
P12211 2009 2 0 10 7 11 13 7 0 3 0 0 5 3 6 0 0 0 0 1 0 0 0 2 0 8 0 6 0 18 -999 -999 -999
P12211 2009 3 34 39 31 0 10 9 8 18 38 0 16 12 9 13 30 19 17 16 0 0 0 0 0 19 16 30 25 38 28 28 18
P12211 2009 4 0 37 38 18 18 35 25 12 0 0 10 0 30 20 18 20 12 0 0 0 23 17 0 0 8 0 0 0 0 0 -999
P12211 2009 5 41 30 18 18 0 24 14 0 18 31 32 0 0 0 0 0 0 0 19 0 32 30 0 0 0 0 8 0 0 13 13
P12211 2009 6 0 13 0 0 0 0 21 0 10 18 0 7 0 15 22 0 23 0 0 0 0 0 0 14 15 0 14 0 0 15 -999
P12211 2009 7 19 19 0 0 0 24 0 0 0 28 26 26 0 19 0 0 10 12 15 16 18 0 0 0 0 0 0 0 0 16 25
P12211 2009 8 29 0 0 0 0 0 18 0 0 0 0 0 0 0 0 0 0 0 0 0 0 0 23 25 0 0 0 0 0 22 0
P12211 2009 9 26 0 0 0 0 0 0 0 14 0 31 0 18 0 9 14 19 0 15 0 0 26 21 0 0 0 0 0 0 0 -999
P12211 2009 10 12 0 8 8 0 0 0 5 0 10 13 0 11 0 12 17 20 23 22 0 15 8 0 14 11 0 0 0 6 0 9
P12211 2009 11 0 0 0 0 0 0 0 9 0 0 0 0 3 0 0 0 0 0 6 0 0 0 0 0 9 20 0 0 10 0 -999
P12211 2009 12 0 0 0 8 13 0 39 25 0 0 32 0 0 0 6 0 8 11 16 15 7 7 0 8 0 17 0 0 11 0 0
P12211 2010 1 0 0 0 30 26 16 0 0 8 12 0 0 0 0 0 14 0 0 0 0 0 0 2 0 3 5 0 0 0 0 11
P12211 2010 2 0 0 0 0 0 20 17 12 0 6 0 0 0 0 0 0 4 0 0 7 0 0 0 15 0 0 0 0 -999 -999 -999
P12211 2010 3 0 0 0 7 0 0 0 0 24 23 0 0 0 0 0 0 6 0 24 38 18 0 0 0 0 3 0 0 0 0 0
P12211 2010 4 0 12 18 0 16 0 0 28 0 24 26 27 28 26 32 35 21 15 8 14 20 0 0 10 29 19 0 0 27 0 -999
P12211 2010 5 0 14 0 0 22 15 0 0 0 13 0 24 0 0 21 0 21 0 11 6 9 0 0 0 19 31 28 0 19 0 15
P12211 2010 6 0 0 0 0 0 13 10 0 0 4 0 0 0 0 19 27 0 8 0 0 0 13 0 0 0 16 0 0 23 22 -999
P12211 2010 7 0 0 0 0 16 0 16 17 22 0 19 0 0 0 0 18 0 0 0 0 0 0 0 0 0 0 0 0 0 0 16
P12211 2010 8 0 0 0 0 15 0 0 19 0 0 24 0 0 0 0 0 0 0 0 0 5 0 0 0 0 0 0 0 0 0 0
P12211 2010 9 0 0 19 18 0 0 7 0 0 0 0 0 34 0 16 0 0 0 0 0 0 0 0 0 0 18 0 0 0 0 -999
P12211 2010 10 0 0 0 0 0 0 0 0 0 19 0 0 0 27 0 0 0 0 0 0 21 0 24 0 0 8 0 0 0 11 0
P12211 2010 11 0 4 0 8 0 0 0 0 0 0 0 0 0 6 0 0 7 6 0 0 3 0 3 0 0 4 0 0 0 0 -999
P12211 2010 12 0 5 6 9 0 0 0 5 7 0 4 6 13 26 0 0 3 0 0 0 0 0 0 0 0 0 0 3 0 2 0
P12211 2011 1 0 0 0 4 0 0 0 0 0 4 0 0 4 5 6 5 2 0 0 0 0 10 30 15 6 0 0 0 0 0 4
P12211 2011 2 0 0 0 0 9 0 0 0 0 0 0 0 0 5 7 6 0 4 0 6 0 15 0 0 0 0 0 23 -999 -999 -999
P12211 2011 3 25 16 0 0 0 0 0 0 3 7 0 16 16 15 21 43 77 30 16 0 19 22 23 42 33 0 16 0 0 0 8
P12211 2011 4 0 17 16 0 12 0 10 0 16 18 16 19 25 0 0 0 0 27 24 21 20 0 0 0 0 0 0 0 0 0 -999
P12211 2011 5 0 14 0 0 9 0 0 14 0 27 0 0 13 14 0 0 0 0 0 17 0 28 0 12 0 0 0 0 0 29 19
P12211 2011 6 0 0 0 0 0 0 0 0 14 0 0 0 0 0 0 17 0 0 0 9 12 19 0 0 0 0 0 20 0 0 -999
P12211 2011 7 0 7 0 0 0 0 0 0 0 0 8 16 0 0 0 0 0 0 12 17 0 0 0 0 0 0 0 0 0 29 16
P12211 2011 8 0 0 20 0 0 9 0 0 0 0 0 0 0 0 14 0 0 0 0 0 0 0 0 11 13 0 0 12 0 0 0
P12211 2011 9 0 0 0 15 0 0 0 0 0 34 17 0 7 0 0 0 0 0 0 0 0 0 0 0 8 7 0 0 9 15 -999
P12211 2011 10 0 15 0 0 0 0 0 9 11 0 0 0 0 10 10 0 0 0 0 7 0 14 15 0 0 0 6 9 0 28 0
P12211 2011 11 18 13 0 14 0 30 49 27 0 0 0 0 13 5 0 7 16 13 5 0 6 30 38 0 17 0 0 9 7 0 -999
P12211 2011 12 0 9 0 19 0 5 0 0 0 0 6 10 0 0 0 13 0 17 23 26 31 0 14 10 0 20 9 8 0 0 0
P12211 2012 1 28 29 0 0 0 0 0 0 0 0 0 2 0 0 0 0 0 6 7 0 0 0 0 2 0 0 0 0 5 0 0
P12211 2012 2 0 0 26 21 0 0 0 0 0 0 0 2 0 0 0 0 0 0 15 17 0 0 3 0 11 0 0 0 -999 -999 -999
P12211 2012 3 18 36 35 29 21 13 0 0 2 0 0 0 0 0 0 15 23 0 0 20 25 18 12 13 15 0 0 0 11 0 0
P12211 2012 4 0 0 0 0 0 0 0 18 0 0 0 0 23 41 28 23 27 24 21 17 14 12 12 21 32 0 0 25 20 21 -999
P12211 2012 5 20 24 0 0 0 0 18 22 23 0 0 22 0 26 23 0 14 0 0 14 0 0 0 0 0 28 17 0 0 8 0
P12211 2012 6 0 8 0 0 0 7 11 0 28 0 0 21 21 0 24 0 0 0 0 0 0 0 9 0 0 10 14 0 0 0 -999
P12211 2012 7 0 0 0 0 17 0 0 0 0 0 0 29 0 0 14 0 23 28 0 17 17 17 18 0 0 0 0 0 0 0 0
P12211 2012 8 15 0 0 0 0 0 0 0 0 0 0 0 0 0 0 16 0 14 0 0 9 0 0 0 0 0 13 0 0 11 0
P12211 2012 9 0 0 0 0 0 0 0 0 0 0 0 13 0 0 8 8 0 0 0 13 0 7 0 0 0 0 14 19 0 16 -999
P12211 2012 10 0 8 0 0 0 4 0 0 14 17 28 0 0 0 0 0 12 0 0 9 18 26 0 0 12 13 16 13 0 15 16
P12211 2012 11 12 30 32 24 0 0 0 0 6 0 25 0 0 0 4 4 0 0 29 30 13 0 0 0 0 6 0 14 0 20 -999
P12211 2012 12 18 0 0 0 0 20 26 17 0 0 0 0 0 32 26 28 25 23 10 10 0 11 6 6 0 0 0 0 0 0 30
P12211 2013 1 25 0 9 15 13 5 5 0 0 0 3 0 0 0 0 0 0 0 5 0 0 0 0 0 0 0 0 0 0 9 0
P12211 2013 2 0 0 0 0 0 0 2 0 0 0 2 0 12 36 26 10 0 16 28 0 22 24 20 31 0 0 0 0 -999 -999 -999
P12211 2013 3 3 0 6 9 0 0 12 25 21 21 38 35 32 20 10 0 21 0 0 0 0 26 0 0 0 17 0 28 34 36 46
P12211 2013 4 37 21 0 11 0 0 16 6 0 0 0 0 0 18 13 18 0 10 13 10 24 20 0 18 37 24 0 0 0 0 -999
P12211 2013 5 0 11 0 15 0 0 0 26 0 0 29 0 12 11 0 0 36 0 19 16 10 0 0 0 0 0 0 0 0 0 0
P12211 2013 6 19 0 23 0 18 0 23 0 39 33 26 0 24 0 16 0 0 0 13 0 0 12 0 0 19 0 44 27 0 22 -999
P12211 2013 7 17 0 14 11 0 0 0 29 0 0 0 0 0 0 0 0 0 0 0 0 20 21 0 0 0 0 17 0 0 17 20
P12211 2013 8 0 0 0 33 33 31 0 0 22 0 23 0 0 0 17 25 16 0 0 0 0 0 0 0 0 0 8 0 0 0 0
P12211 2013 9 18 18 22 9 0 0 0 0 0 12 16 18 0 6 0 0 0 0 0 0 0 22 0 0 0 0 0 0 4 0 -999
P12211 2013 10 0 0 0 0 0 0 0 0 8 12 18 14 9 0 11 0 22 22 11 0 6 0 0 7 0 0 0 8 0 0 0
P12211 2013 11 4 0 0 0 3 0 0 0 8 0 14 0 0 6 5 0 8 39 68 49 20 0 37 39 27 20 30 27 0 0 -999
P12211 2013 12 8 0 11 0 2 0 0 0 0 0 0 0 0 0 0 0 4 2 0 0 5 0 0 0 0 9 0 11 0 19 11
P12211 2014 1 10 5 3 0 0 0 0 0 0 5 4 0 6 0 0 8 0 0 0 2 0 0 0 0 8 12 17 25 53 48 26
P12211 2014 2 16 21 0 11 0 0 21 28 18 0 0 0 0 0 0 0 0 0 16 7 8 4 7 7 0 0 0 21 -999 -999 -999