precip	MIROC5	RCP60	REGRESION	decimas	1
P13351	41.457	0.744	182	geo	2006	2100	-1
P13351 2006 1 0 7 0 0 0 0 0 7 0 0 0 0 43 44 11 0 0 13 0 11 0 0 9 0 0 0 0 10 0 0 0
P13351 2006 2 0 0 20 0 0 0 0 0 0 0 2 0 13 0 25 34 0 0 2 0 0 0 0 11 0 0 3 0 -999 -999 -999
P13351 2006 3 0 0 0 25 24 27 36 49 37 0 0 47 0 18 15 22 31 28 20 12 0 12 15 0 21 0 0 0 27 11 0
P13351 2006 4 0 0 0 0 0 0 9 42 33 0 0 2 0 0 0 9 12 13 0 19 0 0 0 0 0 0 39 63 49 28 -999
P13351 2006 5 24 20 19 0 12 24 19 0 0 0 0 0 0 0 0 11 19 0 0 0 0 0 0 0 0 0 0 0 0 0 0
P13351 2006 6 0 0 0 0 0 0 0 0 0 0 0 0 0 13 13 0 0 22 0 0 0 0 0 0 0 22 0 17 16 23 -999
P13351 2006 7 0 24 19 0 15 26 29 0 0 0 0 0 0 0 0 0 0 0 0 23 0 0 0 0 19 0 22 0 0 0 0
P13351 2006 8 0 0 0 0 0 0 30 22 0 0 0 0 0 0 0 12 11 0 0 0 0 0 0 0 0 17 0 0 0 0 0
P13351 2006 9 0 0 0 0 0 0 11 0 0 0 28 0 0 0 0 0 17 26 32 0 0 0 17 31 31 0 0 0 0 16 -999
P13351 2006 10 0 0 0 0 0 0 0 12 0 0 0 0 0 25 0 0 0 0 0 0 0 0 6 0 0 10 4 6 0 0 0
P13351 2006 11 0 0 0 0 0 10 0 13 8 0 0 0 0 0 0 0 0 0 0 0 0 26 16 38 20 9 0 0 0 0 -999
P13351 2006 12 0 0 0 0 0 0 0 0 20 18 20 28 34 22 0 18 0 9 5 8 0 14 26 40 11 0 0 0 0 7 0
P13351 2007 1 0 0 1 0 0 0 0 0 0 0 0 0 0 0 0 0 0 0 0 27 18 9 0 0 20 32 28 16 17 0 0
P13351 2007 2 0 0 0 16 11 0 13 34 70 48 0 18 18 0 0 8 0 0 18 0 24 0 0 34 0 0 0 0 -999 -999 -999
P13351 2007 3 0 0 0 0 23 0 0 0 0 0 0 26 0 26 0 0 0 5 0 0 8 0 18 0 9 0 0 5 0 0 0
P13351 2007 4 0 0 0 0 24 12 10 0 0 0 0 13 26 20 0 0 0 0 0 0 0 26 0 0 18 23 28 0 0 0 -999
P13351 2007 5 2 0 0 0 18 20 0 11 0 0 0 24 46 46 25 0 0 0 26 0 0 0 0 0 0 0 0 0 0 0 0
P13351 2007 6 30 28 0 0 0 26 44 19 0 0 9 0 30 0 0 0 19 0 0 0 17 11 25 0 0 0 0 24 0 33 -999
P13351 2007 7 29 24 29 43 28 0 0 0 0 0 29 0 28 0 7 0 0 0 0 0 0 24 0 0 0 0 0 0 0 0 0
P13351 2007 8 0 0 17 0 26 0 10 0 11 0 0 0 27 0 0 0 0 0 23 24 0 0 0 0 0 0 0 18 0 0 0
P13351 2007 9 0 0 0 0 0 0 0 0 0 0 12 0 14 0 20 23 0 0 0 0 0 0 0 13 0 0 8 8 0 0 -999
P13351 2007 10 0 0 0 0 0 0 0 0 0 0 0 0 27 20 0 0 0 0 0 0 0 25 0 0 6 0 0 0 0 0 0
P13351 2007 11 0 0 0 0 0 0 0 0 0 0 0 0 0 0 0 0 2 0 2 0 0 7 8 0 0 0 0 0 22 33 -999
P13351 2007 12 19 10 0 24 39 40 0 0 0 0 0 0 0 0 0 0 0 13 0 0 0 0 0 0 0 0 2 5 0 0 0
P13351 2008 1 8 0 22 21 16 0 0 0 0 0 0 14 0 9 17 0 5 0 0 0 0 10 0 0 0 10 13 12 8 11 14
P13351 2008 2 0 16 0 17 0 8 0 14 15 27 0 23 0 0 0 12 9 0 57 0 0 0 8 27 44 42 47 78 -999 -999 -999
P13351 2008 3 86 16 0 0 0 0 0 0 0 0 0 0 0 11 0 0 0 0 0 0 0 0 0 2 0 0 0 0 0 0 0
P13351 2008 4 0 0 0 0 24 0 0 0 0 0 0 0 13 23 0 30 20 18 0 0 0 0 0 0 0 0 0 0 0 27 -999
P13351 2008 5 19 14 16 0 14 36 29 0 0 0 25 0 9 23 0 20 15 0 0 27 32 0 0 0 0 0 15 8 0 9 18
P13351 2008 6 0 9 0 0 11 0 11 0 0 0 0 23 23 24 0 0 0 0 0 0 10 0 20 0 0 0 18 0 0 23 -999
P13351 2008 7 10 0 0 0 12 0 20 0 0 29 0 0 0 36 32 0 0 0 13 0 21 0 0 0 0 0 0 0 0 0 0
P13351 2008 8 0 34 28 0 0 0 0 0 0 0 0 0 0 0 0 0 0 0 12 0 0 0 0 0 0 0 0 13 0 0 9
P13351 2008 9 0 0 0 0 0 0 0 13 0 17 0 0 12 0 0 0 0 0 0 0 0 0 0 15 14 0 10 0 19 0 -999
P13351 2008 10 0 0 0 0 0 0 13 18 0 0 0 26 0 23 0 0 0 12 0 14 16 0 0 0 18 12 22 0 23 19 0
P13351 2008 11 13 21 0 0 10 0 0 0 15 10 0 0 0 0 0 0 0 0 0 0 0 0 0 0 0 0 2 0 0 0 -999
P13351 2008 12 0 0 0 0 0 0 12 0 0 10 20 10 0 0 0 0 4 0 0 0 0 0 0 0 0 0 2 0 0 0 0
P13351 2009 1 0 0 0 0 0 0 0 0 0 0 12 17 27 0 6 5 0 0 0 0 0 0 0 0 0 0 0 0 0 0 0
P13351 2009 2 0 0 0 0 0 7 14 0 0 0 0 2 0 0 0 0 0 0 0 0 0 0 0 10 0 0 0 0 -999 -999 -999
P13351 2009 3 26 45 28 16 0 0 0 11 35 35 0 12 0 9 29 17 0 5 0 4 0 0 0 0 0 28 20 36 17 24 16
P13351 2009 4 0 0 0 18 0 0 40 0 0 0 0 20 38 32 20 21 13 0 0 0 29 25 0 0 10 0 0 0 0 19 -999
P13351 2009 5 48 52 19 19 24 33 0 13 15 35 40 17 0 0 0 0 0 0 0 0 48 53 36 26 0 0 0 0 12 0 0
P13351 2009 6 14 0 0 0 0 0 0 0 0 15 0 8 0 0 0 33 35 0 0 0 0 0 0 0 0 0 0 0 0 0 -999
P13351 2009 7 0 19 18 0 0 22 23 0 25 0 39 30 35 23 0 0 0 0 0 16 0 17 20 0 0 0 17 0 10 0 0
P13351 2009 8 0 15 0 0 0 0 18 0 0 0 0 0 12 16 0 0 0 0 0 0 0 0 24 31 17 0 0 0 17 25 20
P13351 2009 9 0 21 0 0 0 0 0 0 14 0 30 33 24 13 0 22 23 0 0 0 21 0 0 18 7 0 7 0 0 0 -999
P13351 2009 10 0 14 0 0 7 0 0 0 0 0 0 0 9 0 0 12 20 0 0 0 11 0 3 7 0 0 0 0 0 0 0
P13351 2009 11 0 0 0 0 0 0 0 0 0 0 0 0 0 0 0 0 17 0 0 0 8 0 8 0 0 24 0 0 0 0 -999
P13351 2009 12 0 1 3 0 0 14 33 0 17 0 26 6 0 0 0 0 0 0 0 0 0 0 0 4 0 16 18 16 12 0 0
P13351 2010 1 0 0 0 31 21 0 0 0 0 0 0 0 0 0 0 0 0 0 0 0 0 0 0 0 0 0 0 0 0 9 0
P13351 2010 2 0 0 0 0 6 24 21 13 0 0 0 0 0 0 0 6 0 0 0 0 0 0 6 13 0 0 0 0 -999 -999 -999
P13351 2010 3 0 0 0 0 3 0 28 22 0 20 18 0 0 0 0 0 0 0 0 57 0 0 0 0 0 0 0 0 0 0 3
P13351 2010 4 5 0 12 0 0 0 0 30 0 22 0 31 33 33 29 46 22 0 7 0 0 0 13 0 30 23 0 0 0 29 -999
P13351 2010 5 16 0 0 0 0 18 14 12 0 14 0 37 21 17 24 28 22 11 13 0 0 13 18 0 14 0 34 0 0 18 0
P13351 2010 6 28 0 21 15 0 13 0 0 0 0 14 22 0 0 0 26 18 0 10 0 19 12 8 0 0 0 0 0 0 0 -999
P13351 2010 7 17 0 21 0 0 18 17 0 0 0 0 0 0 10 0 14 19 0 0 0 0 0 0 0 0 0 19 13 0 0 0
P13351 2010 8 0 30 0 0 0 0 0 18 0 0 29 0 0 0 18 20 0 0 0 0 0 0 0 0 0 18 0 0 0 0 0
P13351 2010 9 0 0 0 0 11 0 4 0 19 0 43 0 45 33 18 0 7 0 0 0 0 0 0 0 0 0 13 5 0 4 -999
P13351 2010 10 0 0 0 0 0 10 0 0 13 13 0 0 0 21 0 10 0 0 0 16 26 37 37 0 0 0 0 0 5 0 2
P13351 2010 11 0 0 0 0 0 0 0 0 0 0 0 0 0 0 0 0 0 0 0 0 0 0 0 0 0 0 0 0 0 0 -999
P13351 2010 12 13 7 0 0 0 0 6 0 0 3 0 0 9 26 22 0 0 0 0 0 0 0 0 0 0 0 0 0 0 0 0
P13351 2011 1 0 0 0 0 0 0 1 0 0 4 0 0 0 6 0 0 0 0 0 0 6 0 22 0 0 0 0 0 0 0 0
P13351 2011 2 0 2 2 3 0 0 0 0 0 0 0 6 0 0 0 0 0 0 0 3 0 0 0 0 0 3 0 23 -999 -999 -999
P13351 2011 3 26 13 0 0 0 0 6 0 0 0 0 0 0 0 17 0 68 0 0 12 16 16 0 23 22 0 0 0 0 7 10
P13351 2011 4 0 21 17 17 0 7 0 0 0 17 15 0 28 0 0 0 0 33 21 19 0 0 0 0 0 0 0 0 0 12 -999
P13351 2011 5 0 0 0 11 10 8 0 0 0 0 11 8 0 0 0 0 0 0 0 0 0 0 0 0 0 20 26 25 36 45 25
P13351 2011 6 13 0 0 0 0 0 0 0 15 0 0 22 0 30 24 20 0 4 0 0 0 18 24 25 0 25 0 0 0 0 -999
P13351 2011 7 0 0 0 14 0 0 0 0 0 0 0 0 0 22 25 0 0 0 0 12 0 0 0 0 0 0 6 0 0 0 0
P13351 2011 8 0 0 0 0 0 0 0 0 0 0 16 0 0 0 14 0 0 0 0 15 0 0 0 0 0 0 0 0 0 0 0
P13351 2011 9 44 0 0 0 16 0 8 0 24 41 20 0 0 0 0 0 0 0 0 0 0 0 0 0 7 0 0 0 0 0 -999
P13351 2011 10 0 0 0 0 0 0 0 0 0 0 0 15 15 9 0 5 0 0 0 4 0 0 0 0 0 0 0 0 0 0 48
P13351 2011 11 22 12 0 6 17 22 64 0 0 0 0 17 24 0 0 0 13 9 0 0 0 26 56 37 0 0 0 0 0 0 -999
P13351 2011 12 0 6 13 31 0 0 5 0 0 0 0 0 0 0 0 0 10 0 15 17 0 0 0 0 0 16 7 0 0 0 0
P13351 2012 1 13 29 0 0 0 0 0 0 0 0 0 0 0 0 0 0 6 12 13 15 18 0 0 0 0 0 8 0 0 0 0
P13351 2012 2 0 0 0 23 3 0 0 0 0 0 0 0 0 0 3 0 3 7 11 12 0 0 0 0 7 0 3 6 -999 -999 -999
P13351 2012 3 12 28 35 41 23 0 0 0 0 0 0 0 5 6 0 0 0 22 0 20 25 0 0 0 12 5 0 0 0 0 0
P13351 2012 4 0 0 0 0 0 0 0 0 12 10 0 12 33 39 29 17 24 27 22 15 10 0 0 0 0 0 43 0 17 18 -999
P13351 2012 5 23 24 40 19 10 0 29 45 0 22 14 0 0 20 0 15 0 0 0 0 0 0 16 0 26 0 0 14 7 0 5
P13351 2012 6 0 0 0 0 0 0 0 0 0 25 21 23 0 33 29 16 0 0 0 0 0 0 0 0 0 7 0 0 0 35 -999
P13351 2012 7 11 0 0 0 0 0 0 0 0 0 0 24 27 17 0 0 0 56 31 0 17 0 0 0 27 0 15 0 0 0 0
P13351 2012 8 0 0 0 0 0 0 0 0 0 0 19 0 0 8 0 0 0 0 0 0 0 12 0 0 0 0 0 10 14 0 0
P13351 2012 9 0 0 0 0 12 0 0 17 0 0 0 16 0 0 0 0 0 0 0 0 0 0 0 0 0 0 0 0 20 0 -999
P13351 2012 10 14 0 0 0 0 0 0 0 0 0 0 0 5 3 0 10 0 0 0 6 0 22 0 0 0 0 14 12 0 0 0
P13351 2012 11 0 0 24 37 5 0 0 0 0 0 15 19 0 0 0 0 0 0 21 29 15 0 0 0 0 0 4 0 17 22 -999
P13351 2012 12 0 0 0 12 0 0 46 18 0 6 0 0 7 26 18 22 0 0 4 0 0 0 0 0 0 0 0 1 0 8 22
P13351 2013 1 32 15 0 0 0 0 0 2 0 0 0 0 0 0 0 0 0 0 0 0 1 0 0 0 0 0 0 0 0 0 0
P13351 2013 2 0 0 2 0 0 0 0 0 0 0 0 0 0 29 17 0 0 9 0 0 17 15 11 0 0 9 0 0 -999 -999 -999
P13351 2013 3 0 0 0 0 9 0 0 24 23 0 27 24 24 0 7 12 0 15 0 0 0 25 37 0 0 0 16 0 53 47 49
P13351 2013 4 68 26 7 0 15 0 14 0 0 0 0 0 0 15 11 0 0 0 0 0 18 19 0 0 0 36 0 0 0 0 -999
P13351 2013 5 0 0 0 0 18 10 0 31 33 26 26 22 12 0 19 36 36 24 16 17 13 0 0 0 0 0 0 0 0 0 0
P13351 2013 6 0 26 0 16 16 0 0 26 0 43 24 25 26 0 0 0 0 0 0 0 0 0 10 0 14 0 76 41 37 26 -999
P13351 2013 7 16 0 0 0 0 0 39 40 24 22 0 0 0 0 0 0 0 0 0 9 0 20 0 19 0 0 0 0 14 0 0
P13351 2013 8 0 0 0 0 41 42 31 0 23 0 0 0 0 0 0 0 0 0 0 0 0 0 0 0 0 0 0 0 0 19 0
P13351 2013 9 0 0 0 0 0 7 0 0 0 9 0 22 0 0 0 0 0 0 0 0 25 40 0 0 11 0 0 0 0 0 -999
P13351 2013 10 0 0 0 0 0 0 0 0 9 0 0 0 12 0 0 10 21 24 0 0 0 0 0 8 0 0 0 0 0 0 0
P13351 2013 11 0 0 0 0 0 0 0 0 0 6 13 9 0 3 0 5 0 0 73 0 0 0 20 0 26 0 0 32 10 0 -999
P13351 2013 12 0 0 4 0 0 0 0 0 0 0 0 0 0 0 0 0 0 0 0 0 0 0 0 9 8 8 13 0 12 0 12
P13351 2014 1 0 4 2 0 7 6 5 0 12 0 0 0 0 0 0 0 0 0 0 0 2 0 0 0 0 0 0 20 64 52 0
P13351 2014 2 11 13 0 0 0 0 13 25 15 0 0 0 0 0 0 0 0 0 14 0 0 0 0 5 4 0 0 0 -999 -999 -999