precip	MIROC5	RCP60	REGRESION	decimas	1
P1441	37.346	-2.545	182	geo	2006	2100	-1
P1441 2006 1 0 0 16 17 12 15 0 8 15 0 10 20 30 28 0 10 5 5 11 0 0 4 0 16 6 0 0 0 17 19 0
P1441 2006 2 10 20 18 9 4 0 0 0 0 0 0 0 22 23 24 13 7 0 0 7 0 0 12 0 0 8 6 0 -999 -999 -999
P1441 2006 3 8 0 15 9 13 16 20 24 15 19 48 45 0 16 15 21 29 15 0 3 0 0 0 0 14 0 0 0 14 12 13
P1441 2006 4 0 5 10 0 0 0 31 37 0 0 3 0 0 0 10 0 12 0 0 0 0 0 13 0 0 21 30 21 0 22 -999
P1441 2006 5 18 0 0 10 7 15 0 0 8 0 0 0 0 0 0 0 0 0 10 4 0 6 0 0 0 0 0 0 0 0 0
P1441 2006 6 9 0 0 0 0 0 0 0 0 17 21 0 13 0 0 0 0 0 0 0 0 12 0 0 0 0 0 0 0 0 -999
P1441 2006 7 0 0 0 0 0 0 0 0 0 0 0 0 0 0 0 4 0 0 0 0 0 0 0 0 0 0 0 0 0 0 0
P1441 2006 8 0 12 0 0 0 0 18 20 0 0 0 0 0 0 0 9 0 10 0 0 0 0 0 10 0 0 0 12 0 0 0
P1441 2006 9 0 0 10 0 13 0 0 0 0 0 8 0 0 0 0 11 0 0 0 0 0 0 14 0 10 0 0 0 0 0 -999
P1441 2006 10 0 0 0 0 0 0 0 0 11 0 0 15 0 0 27 0 0 6 0 0 8 0 0 0 7 0 0 6 0 0 0
P1441 2006 11 0 0 0 0 0 0 11 0 0 0 0 0 0 0 0 0 6 0 0 6 0 0 0 22 23 19 7 0 5 3 -999
P1441 2006 12 0 0 0 0 0 7 13 23 28 26 28 0 19 0 0 0 0 0 0 0 22 0 20 14 7 0 0 0 0 10 0
P1441 2007 1 0 0 0 0 0 0 0 0 0 7 0 0 9 0 5 0 0 0 0 33 41 28 0 0 18 33 0 0 0 19 16
P1441 2007 2 12 8 0 0 0 0 0 40 40 24 9 0 7 5 0 0 0 18 19 35 32 21 20 26 21 14 0 14 -999 -999 -999
P1441 2007 3 0 0 0 28 23 11 0 0 0 24 19 41 53 26 24 0 10 0 0 0 0 0 0 0 0 15 0 0 10 0 0
P1441 2007 4 0 6 0 0 0 0 0 0 0 0 12 15 0 0 0 0 15 18 16 0 0 21 17 0 20 10 15 0 0 0 -999
P1441 2007 5 0 0 0 12 0 22 15 0 0 11 0 0 0 14 0 12 0 23 19 19 0 0 0 0 0 0 0 11 0 0 21
P1441 2007 6 22 20 13 0 16 0 0 0 0 0 0 0 0 20 18 14 0 0 0 0 0 0 0 0 11 0 14 0 0 0 -999
P1441 2007 7 0 0 0 0 0 0 0 0 13 0 0 0 0 9 0 0 0 0 0 0 0 0 0 0 0 0 0 0 0 0 0
P1441 2007 8 0 0 0 0 0 0 0 0 0 0 0 0 0 0 0 0 0 15 0 0 0 0 0 0 0 0 19 13 17 0 0
P1441 2007 9 0 0 0 10 0 8 0 0 0 0 0 0 0 10 0 0 0 0 11 0 0 0 0 0 0 6 0 0 0 0 -999
P1441 2007 10 6 0 0 0 0 6 0 0 9 15 14 0 14 11 0 6 0 0 0 0 11 0 8 0 4 0 0 0 4 3 0
P1441 2007 11 0 0 2 0 4 0 0 5 5 0 11 0 0 5 0 0 0 0 0 6 0 0 0 0 0 0 18 38 38 25 -999
P1441 2007 12 0 0 0 28 0 23 0 0 11 0 0 0 0 0 0 0 0 32 43 25 17 0 9 0 7 0 0 0 0 0 0
P1441 2008 1 15 20 0 13 0 0 0 0 0 0 0 20 0 21 12 17 19 0 0 0 0 5 0 0 0 16 0 6 7 11 11
P1441 2008 2 19 0 14 9 0 6 9 0 0 24 26 9 0 0 7 0 0 23 27 14 14 0 15 0 19 18 0 0 -999 -999 -999
P1441 2008 3 0 15 0 6 0 0 0 0 0 0 0 13 0 0 0 0 9 0 6 0 0 5 0 0 6 0 0 0 0 11 0
P1441 2008 4 0 0 16 31 76 25 0 0 0 0 0 19 0 21 0 14 0 0 21 0 9 0 10 0 0 0 0 0 0 0 -999
P1441 2008 5 0 0 0 0 0 32 20 0 0 0 16 0 0 13 16 0 0 0 25 0 0 0 12 7 0 14 16 0 9 0 0
P1441 2008 6 0 0 14 16 0 0 10 0 0 0 12 12 0 14 0 9 0 0 0 0 0 0 12 0 0 0 0 0 0 0 -999
P1441 2008 7 0 5 0 0 0 0 0 0 0 0 0 0 19 0 0 0 0 0 0 0 0 6 11 0 0 0 0 0 0 0 0
P1441 2008 8 0 0 0 0 0 0 0 0 11 0 9 0 0 0 0 0 0 0 0 0 0 0 0 0 14 0 0 0 0 0 0
P1441 2008 9 0 0 0 0 0 0 0 0 0 0 0 0 0 0 0 0 12 0 11 0 11 0 0 0 12 12 0 0 12 0 -999
P1441 2008 10 0 0 0 0 0 6 10 9 0 0 15 0 9 0 10 0 10 11 0 13 13 0 0 12 0 0 0 7 12 0 0
P1441 2008 11 8 0 12 0 0 0 0 0 0 13 6 0 0 6 0 0 0 0 0 0 0 0 0 4 0 0 0 8 0 5 -999
P1441 2008 12 0 0 0 0 0 16 0 39 0 0 0 0 0 0 0 11 4 0 7 0 0 0 0 0 0 0 4 0 0 0 0
P1441 2009 1 0 5 0 0 9 6 0 9 0 0 0 9 17 0 18 13 0 4 0 0 0 9 10 0 0 0 0 0 10 0 0
P1441 2009 2 0 11 11 12 23 27 0 13 11 7 6 9 0 0 0 0 0 3 0 0 0 0 0 0 36 37 9 0 -999 -999 -999
P1441 2009 3 36 35 0 18 0 20 5 13 23 31 23 21 0 0 0 12 0 0 0 0 0 0 0 0 0 20 19 20 13 12 0
P1441 2009 4 9 21 13 0 0 19 0 0 0 8 0 29 24 0 17 12 0 7 7 0 26 31 25 0 0 0 11 0 13 20 -999
P1441 2009 5 0 16 9 0 0 0 0 0 16 13 18 10 0 0 0 0 0 0 0 0 0 0 20 14 0 12 0 14 21 0 0
P1441 2009 6 0 0 11 14 0 0 0 0 9 0 0 0 0 0 0 0 0 7 0 0 0 0 0 0 0 0 0 0 0 13 -999
P1441 2009 7 0 0 0 0 0 0 0 0 0 0 0 18 0 0 0 0 0 0 0 0 0 0 0 0 0 0 0 0 0 0 0
P1441 2009 8 0 0 0 0 0 0 0 0 0 0 0 0 13 0 0 0 0 0 0 0 0 0 0 0 8 0 0 15 0 0 0
P1441 2009 9 0 0 0 0 0 8 0 0 0 0 0 0 0 0 0 0 0 0 0 21 0 16 0 0 6 0 0 0 0 0 -999
P1441 2009 10 0 0 0 0 0 0 6 0 0 0 18 20 17 15 20 0 19 16 0 11 11 0 0 0 7 0 7 0 0 0 0
P1441 2009 11 5 0 6 0 0 6 0 0 8 0 0 0 0 0 0 0 0 0 0 0 0 0 5 0 0 0 12 4 0 8 -999
P1441 2009 12 0 0 2 0 3 4 11 0 5 0 0 0 0 0 0 0 0 13 0 12 0 0 0 0 0 14 0 12 0 0 5
P1441 2010 1 0 9 0 20 0 0 0 15 18 24 0 16 0 0 10 0 0 0 0 0 12 0 0 7 0 8 0 0 13 19 20
P1441 2010 2 15 0 0 0 15 0 21 0 0 0 0 0 7 0 0 9 0 0 0 0 0 0 6 0 0 0 0 7 -999 -999 -999
P1441 2010 3 0 0 0 12 0 0 0 44 41 29 0 26 14 0 14 15 15 15 29 39 28 13 0 0 0 11 13 11 0 10 0
P1441 2010 4 0 10 14 0 0 0 0 0 0 28 0 0 19 12 0 23 24 0 10 0 21 16 0 5 0 0 15 0 0 0 -999
P1441 2010 5 14 0 0 30 25 0 0 0 0 0 0 0 0 0 23 0 0 0 0 6 9 12 0 17 28 0 18 6 0 0 0
P1441 2010 6 18 0 0 0 14 0 9 8 0 0 0 23 0 0 0 0 0 0 11 0 0 0 0 0 0 15 0 0 23 0 -999
P1441 2010 7 0 0 5 0 0 0 0 0 0 14 0 0 0 0 0 0 0 0 0 0 0 0 0 0 0 0 0 0 0 0 0
P1441 2010 8 0 0 0 0 0 0 0 0 0 0 0 0 0 0 0 0 0 0 0 0 0 0 0 0 0 0 0 0 9 0 0
P1441 2010 9 0 11 0 0 5 0 8 0 0 0 11 0 0 0 0 0 10 0 0 0 0 0 0 0 0 0 0 0 9 0 -999
P1441 2010 10 0 0 0 0 0 0 0 0 0 11 0 0 8 9 0 0 9 0 0 0 0 26 19 0 0 0 0 2 0 0 4
P1441 2010 11 0 0 0 0 0 0 0 0 0 0 0 0 0 0 0 0 0 2 0 0 7 0 5 7 12 0 0 0 0 0 -999
P1441 2010 12 0 0 9 6 0 0 0 12 0 19 0 0 7 18 0 0 0 0 0 0 6 6 0 0 7 0 0 0 0 0 0
P1441 2011 1 0 0 0 5 0 4 0 9 0 0 12 14 11 0 0 0 0 0 0 0 0 0 21 18 0 0 0 0 0 3 4
P1441 2011 2 0 0 0 0 0 0 0 0 0 0 0 0 0 0 0 0 0 0 10 0 0 0 0 0 0 11 0 34 -999 -999 -999
P1441 2011 3 29 0 0 39 30 22 0 0 0 0 19 27 0 13 17 0 28 19 16 11 15 0 14 18 11 10 22 26 14 0 0
P1441 2011 4 0 0 0 13 12 0 0 0 0 0 0 22 19 0 0 0 36 0 25 0 21 11 7 6 0 0 0 0 19 14 -999
P1441 2011 5 0 9 0 7 12 0 0 0 0 0 0 0 0 0 0 0 0 0 0 0 0 0 0 0 14 0 0 0 0 15 0
P1441 2011 6 0 10 0 0 9 0 0 0 0 0 0 0 0 0 0 0 0 0 8 9 0 0 0 14 0 0 0 0 0 0 -999
P1441 2011 7 0 0 0 0 0 0 0 13 0 0 0 0 0 0 0 0 0 0 0 0 0 0 0 0 0 0 0 0 0 0 0
P1441 2011 8 0 0 0 0 8 0 0 0 0 8 0 0 0 0 0 0 0 0 0 0 0 0 10 11 0 0 7 9 0 12 0
P1441 2011 9 0 0 0 0 0 0 0 14 17 14 0 0 0 0 0 0 0 0 0 0 0 0 0 0 14 0 0 9 0 0 -999
P1441 2011 10 0 16 0 0 0 0 0 11 0 0 0 13 0 0 0 0 0 0 0 7 0 0 27 0 13 0 0 0 0 23 28
P1441 2011 11 0 0 0 0 0 23 33 15 0 0 14 22 0 0 0 0 26 24 0 0 0 0 23 0 19 8 6 0 0 3 -999
P1441 2011 12 0 0 9 0 13 0 0 7 0 0 0 0 7 0 5 0 6 7 0 0 11 0 0 6 7 9 0 0 0 0 0
P1441 2012 1 8 0 0 0 0 0 0 0 0 0 5 0 0 0 0 0 0 15 0 0 15 9 18 0 0 17 0 0 5 0 0
P1441 2012 2 0 0 25 24 15 0 5 0 3 0 0 0 5 0 0 0 8 0 7 15 38 30 16 0 0 0 0 11 -999 -999 -999
P1441 2012 3 13 16 49 61 34 17 0 0 0 0 4 0 0 7 9 0 23 22 0 25 0 0 0 0 0 0 0 0 0 0 0
P1441 2012 4 0 0 0 0 0 0 0 0 0 10 8 0 19 23 20 17 17 0 19 16 20 20 22 18 18 23 37 0 8 8 -999
P1441 2012 5 0 0 23 0 0 0 0 0 0 0 0 20 0 14 9 0 0 13 0 0 12 12 9 11 17 11 11 0 9 0 0
P1441 2012 6 11 11 0 0 0 10 0 0 0 0 0 0 0 0 0 9 0 0 0 0 0 13 0 0 0 0 0 0 0 0 -999
P1441 2012 7 0 0 0 0 0 0 0 0 0 0 0 0 0 0 0 0 21 0 10 0 0 0 0 0 0 15 0 0 0 0 16
P1441 2012 8 0 0 0 0 0 0 0 0 0 0 0 0 0 0 10 0 0 0 12 13 0 0 0 0 0 0 0 0 12 0 0
P1441 2012 9 0 0 0 0 0 0 0 0 0 0 0 0 15 0 0 0 0 0 0 0 0 0 0 0 0 18 24 20 0 0 -999
P1441 2012 10 0 0 0 0 7 0 0 0 0 0 0 0 0 0 0 0 0 11 0 0 0 23 16 18 0 12 0 6 0 0 0
P1441 2012 11 0 7 23 0 0 0 0 0 0 0 6 0 0 0 0 0 6 0 15 17 0 10 0 0 0 0 0 8 16 14 -999
P1441 2012 12 0 0 0 14 0 18 12 6 0 0 0 0 0 13 0 10 0 10 13 0 0 0 0 0 0 0 0 0 0 0 10
P1441 2013 1 15 12 0 0 0 0 0 0 0 0 0 2 0 0 0 0 0 0 0 0 0 0 4 0 0 0 4 3 0 6 0
P1441 2013 2 0 0 0 5 0 2 0 0 0 0 0 0 10 14 0 12 11 0 10 8 0 0 6 4 8 0 0 0 -999 -999 -999
P1441 2013 3 0 0 0 15 6 0 0 0 33 24 21 18 15 0 0 0 15 0 9 0 20 29 0 0 0 0 24 0 0 0 29
P1441 2013 4 33 0 0 0 13 0 2 0 0 0 0 0 0 0 0 15 9 11 0 0 0 0 0 13 27 0 8 0 0 8 -999
P1441 2013 5 9 0 0 0 0 0 0 0 0 13 11 9 0 0 0 0 0 0 0 0 0 3 0 0 0 7 0 0 0 0 15
P1441 2013 6 0 0 0 0 16 0 0 17 0 0 0 13 13 12 0 0 9 14 0 0 0 0 0 0 14 0 0 0 0 13 -999
P1441 2013 7 10 11 0 0 0 0 0 0 0 0 0 0 0 0 0 0 0 0 0 0 0 0 0 0 0 0 0 0 0 0 0
P1441 2013 8 6 0 0 14 0 0 10 0 12 0 0 0 7 8 15 0 0 0 0 0 0 10 0 0 9 0 8 0 0 0 0
P1441 2013 9 0 0 0 0 0 0 0 0 10 0 13 14 0 0 10 10 11 0 0 0 24 0 0 0 0 0 6 0 0 0 -999
P1441 2013 10 0 0 8 0 0 0 0 9 0 0 0 0 19 16 17 0 0 18 0 0 0 0 6 0 9 0 0 0 11 0 0
P1441 2013 11 0 0 0 0 0 0 7 0 15 0 0 15 0 5 0 0 6 19 28 9 6 0 13 14 0 0 10 16 5 0 -999
P1441 2013 12 0 0 0 1 0 0 0 0 0 0 11 0 0 0 0 0 4 4 0 0 0 0 0 12 13 0 0 12 15 0 0
P1441 2014 1 16 7 0 0 0 0 3 0 0 4 0 0 0 0 0 0 0 0 0 0 0 8 0 8 0 15 24 30 50 19 21
P1441 2014 2 20 10 5 2 3 7 10 17 0 0 0 0 0 3 0 0 0 0 0 0 0 11 0 0 9 0 9 24 -999 -999 -999