precip	MIROC5	RCP60	REGRESION	decimas	1
P12483	41.384	-4.067	182	geo	2006	2100	-1
P12483 2006 1 0 7 0 7 7 0 6 0 0 0 14 48 107 38 31 60 46 49 27 0 0 0 18 0 8 11 0 0 21 23 0
P12483 2006 2 0 33 25 15 0 0 0 0 0 0 0 16 21 23 0 0 17 10 19 24 17 0 10 8 6 0 0 10 -999 -999 -999
P12483 2006 3 26 41 51 68 64 0 64 60 41 29 40 31 0 21 22 39 66 66 55 31 36 27 26 0 23 25 26 0 41 0 39
P12483 2006 4 24 29 24 26 16 11 0 20 0 0 0 6 0 9 0 12 0 0 0 6 0 0 0 0 0 0 0 37 25 22 -999
P12483 2006 5 0 0 19 26 23 35 19 0 9 8 0 0 0 22 0 11 0 12 16 18 9 5 0 0 0 0 0 0 21 16 0
P12483 2006 6 0 0 0 0 0 0 0 0 0 0 0 20 20 11 0 0 0 0 14 0 11 0 11 16 0 0 20 17 16 25 -999
P12483 2006 7 21 0 13 0 0 19 0 21 0 5 5 0 0 0 0 0 0 0 0 0 0 0 0 0 0 0 0 0 0 0 0
P12483 2006 8 0 0 0 0 0 0 0 0 0 0 0 0 0 21 0 0 0 0 12 0 0 0 0 19 0 0 0 0 0 0 0
P12483 2006 9 0 0 17 0 0 0 7 0 20 0 0 8 0 0 0 22 21 21 11 0 0 0 17 18 10 8 7 11 13 0 -999
P12483 2006 10 0 4 0 0 0 0 0 0 0 0 0 0 20 21 0 18 0 0 0 0 17 13 7 10 18 0 0 18 16 12 13
P12483 2006 11 16 0 0 0 0 11 0 0 10 7 0 0 0 0 0 0 0 0 0 10 0 16 18 26 13 0 5 0 0 0 -999
P12483 2006 12 0 0 0 0 0 0 0 0 0 0 0 18 20 19 36 52 15 0 0 0 0 31 58 34 33 30 21 0 21 18 12
P12483 2007 1 12 14 10 0 0 0 0 0 0 0 0 0 0 0 3 2 0 3 13 0 5 4 5 10 15 14 11 20 21 16 0
P12483 2007 2 8 12 21 22 12 10 18 50 100 73 24 17 11 0 11 0 12 0 18 18 0 0 29 21 24 22 23 0 -999 -999 -999
P12483 2007 3 0 0 19 29 0 0 0 0 12 0 0 33 0 52 30 0 18 14 0 23 15 0 6 0 0 0 0 0 0 3 0
P12483 2007 4 0 0 0 11 9 0 7 0 0 0 0 0 37 15 10 0 0 33 33 0 0 19 26 0 0 14 7 0 0 0 -999
P12483 2007 5 2 0 0 20 37 18 0 0 18 21 0 0 21 22 0 0 0 21 21 14 0 0 0 0 0 0 0 0 0 0 0
P12483 2007 6 0 0 15 16 0 0 15 9 0 0 0 0 0 0 0 10 0 9 12 0 0 0 0 14 0 17 20 19 0 0 -999
P12483 2007 7 0 16 18 0 18 0 0 0 0 25 0 25 16 0 0 0 0 19 0 0 0 17 0 0 0 25 23 0 0 12 0
P12483 2007 8 0 0 13 0 0 0 0 0 0 0 0 0 0 0 0 0 0 0 0 22 18 0 0 0 0 0 0 0 0 0 0
P12483 2007 9 0 4 0 0 0 0 0 0 0 0 0 0 0 0 27 0 0 0 0 0 0 10 11 0 14 12 11 10 9 0 -999
P12483 2007 10 0 0 0 11 0 0 0 0 0 20 20 20 32 32 0 0 0 33 12 0 0 31 33 0 15 12 0 0 0 9 11
P12483 2007 11 9 7 15 0 0 0 8 0 15 0 24 26 14 0 0 0 0 2 3 0 0 0 0 0 6 7 9 10 12 0 -999
P12483 2007 12 0 0 0 0 0 0 0 7 3 0 0 5 0 3 0 12 19 18 12 5 0 0 0 8 11 8 0 0 5 0 8
P12483 2008 1 13 19 25 28 0 2 0 0 0 0 0 6 0 13 14 0 0 0 14 0 42 43 20 12 0 44 47 32 25 34 46
P12483 2008 2 71 36 47 30 0 36 27 42 19 23 35 17 10 11 0 29 0 33 23 0 11 0 0 0 0 18 0 0 -999 -999 -999
P12483 2008 3 12 9 9 0 0 0 0 4 0 7 0 13 0 0 6 0 0 0 0 0 0 9 0 7 0 11 6 0 0 0 0
P12483 2008 4 0 0 11 16 16 0 4 0 0 0 0 0 17 20 29 30 27 19 0 10 9 0 0 0 0 0 0 0 0 0 -999
P12483 2008 5 0 0 0 6 13 0 0 8 13 22 34 17 17 0 0 15 0 0 19 30 25 22 30 15 9 0 0 8 0 0 0
P12483 2008 6 0 0 11 0 14 20 0 13 0 0 0 0 14 29 17 8 0 0 11 0 0 0 0 0 0 0 0 0 0 0 -999
P12483 2008 7 0 0 6 0 0 0 0 27 0 17 0 0 0 0 21 0 0 0 10 14 0 0 0 18 0 0 0 0 0 0 0
P12483 2008 8 0 0 9 0 0 0 0 0 0 18 14 0 0 0 0 0 13 12 0 0 0 0 0 0 0 16 0 9 0 0 0
P12483 2008 9 0 12 0 0 0 0 0 0 0 15 0 20 14 22 16 11 14 12 0 13 0 0 0 19 20 16 0 0 30 0 -999
P12483 2008 10 0 0 0 15 7 0 16 17 11 0 29 32 25 15 0 0 0 11 14 0 0 0 0 0 15 28 33 22 20 12 14
P12483 2008 11 15 0 25 0 0 3 4 0 0 0 0 0 7 5 0 0 11 23 12 0 0 0 0 0 0 0 2 0 0 0 -999
P12483 2008 12 0 0 1 2 0 0 0 0 7 20 21 0 12 14 6 0 0 0 6 0 0 7 0 0 0 20 17 0 0 0 0
P12483 2009 1 1 0 0 5 0 9 5 0 0 0 0 11 10 11 0 6 0 0 0 0 0 0 0 0 1 0 0 0 0 0 0
P12483 2009 2 0 8 0 9 0 0 6 3 2 5 6 4 6 0 2 0 1 0 0 5 3 3 0 4 0 4 6 23 -999 -999 -999
P12483 2009 3 37 37 33 16 13 11 12 28 27 0 0 0 7 14 0 26 43 37 28 20 6 8 0 0 21 39 31 49 44 37 20
P12483 2009 4 0 22 0 12 0 28 15 0 0 0 0 18 0 16 17 0 8 8 11 16 0 0 0 7 0 6 9 0 24 35 -999
P12483 2009 5 22 22 21 19 0 24 13 11 0 0 0 10 5 0 0 0 0 0 18 22 0 24 0 17 14 10 0 0 0 0 0
P12483 2009 6 0 0 12 0 0 0 0 0 12 13 5 0 0 0 0 0 0 0 0 0 0 0 0 0 0 0 0 0 0 0 -999
P12483 2009 7 0 19 0 0 0 0 0 0 0 0 21 0 0 13 0 0 0 0 0 0 0 0 0 0 0 0 0 0 0 16 0
P12483 2009 8 25 0 0 0 0 0 0 0 0 0 0 9 0 0 0 0 0 0 0 0 0 0 0 20 0 0 0 13 0 0 0
P12483 2009 9 0 18 7 0 4 0 0 0 0 24 27 0 11 0 0 9 0 12 0 0 17 0 20 16 0 0 9 0 0 0 -999
P12483 2009 10 11 0 0 0 6 0 0 0 0 12 0 0 0 0 0 0 19 18 0 12 0 0 14 28 9 0 0 0 0 8 0
P12483 2009 11 0 0 0 0 0 0 0 0 9 0 0 6 7 0 10 11 13 7 11 18 0 10 23 0 0 0 13 14 14 17 -999
P12483 2009 12 17 21 30 17 40 39 43 25 18 0 25 0 14 0 0 9 11 21 23 0 11 0 16 0 0 21 29 0 17 9 10
P12483 2010 1 0 10 20 43 39 0 0 6 10 10 0 0 0 6 9 13 0 0 0 0 0 0 0 0 0 0 0 5 0 0 10
P12483 2010 2 0 0 0 0 11 18 0 0 6 0 0 0 0 0 3 3 0 3 0 7 0 0 7 11 4 5 0 0 -999 -999 -999
P12483 2010 3 0 0 0 8 11 13 0 0 27 25 17 0 0 6 0 0 0 17 32 0 8 0 0 0 0 0 0 0 0 5 0
P12483 2010 4 0 0 24 0 12 0 19 30 28 25 0 0 17 19 32 30 14 9 0 15 18 0 11 16 22 9 8 12 23 0 -999
P12483 2010 5 14 0 0 21 20 0 0 0 0 0 0 0 0 12 17 0 16 17 11 4 0 11 0 9 0 0 28 17 15 12 0
P12483 2010 6 12 0 18 13 11 0 0 0 4 0 0 15 0 0 22 28 13 0 6 0 0 0 11 0 0 0 0 14 0 21 -999
P12483 2010 7 0 23 0 6 0 0 0 0 0 0 0 0 0 0 0 0 12 0 0 9 0 0 0 0 0 0 0 0 0 0 0
P12483 2010 8 29 0 12 0 12 0 0 21 0 0 0 0 0 0 21 21 0 0 0 0 0 0 0 0 0 0 0 0 7 0 0
P12483 2010 9 0 11 26 16 0 8 0 19 24 16 13 21 19 13 22 11 0 0 0 0 0 15 0 0 0 15 0 7 0 0 -999
P12483 2010 10 0 0 0 0 0 0 0 0 0 25 0 24 36 27 19 14 0 14 0 11 15 0 0 7 0 0 0 9 16 12 8
P12483 2010 11 0 0 11 0 0 5 0 0 0 0 0 0 0 0 0 8 14 0 9 0 0 0 4 4 5 5 0 0 0 0 -999
P12483 2010 12 0 4 6 0 0 12 12 0 0 7 5 11 0 21 7 0 7 0 0 4 0 0 0 0 0 0 0 7 0 0 0
P12483 2011 1 0 0 0 8 11 0 0 2 0 0 5 5 0 6 11 0 0 0 0 4 11 0 39 18 16 0 10 4 3 0 0
P12483 2011 2 7 7 0 0 18 21 17 10 0 0 6 14 13 10 15 0 0 0 0 10 0 0 0 0 0 0 0 23 -999 -999 -999
P12483 2011 3 0 0 0 0 0 0 0 0 0 0 16 0 0 16 25 46 0 26 19 22 22 29 43 82 37 14 23 44 0 7 0
P12483 2011 4 15 0 0 14 0 0 11 0 0 0 0 17 0 0 7 0 0 26 0 21 21 13 0 7 0 0 0 0 0 0 -999
P12483 2011 5 7 15 11 7 6 6 0 0 0 0 12 0 0 16 0 0 0 0 12 0 27 0 0 0 0 19 0 17 0 13 0
P12483 2011 6 0 0 0 7 8 0 0 0 18 0 0 0 0 0 0 0 0 0 7 0 0 20 15 0 16 0 16 0 12 11 -999
P12483 2011 7 0 10 11 0 0 0 0 0 0 0 0 0 0 0 0 0 0 0 0 0 0 18 0 0 0 0 7 0 0 18 0
P12483 2011 8 0 0 0 0 0 0 0 0 0 0 0 0 0 0 0 0 14 0 0 0 0 0 0 0 0 0 0 0 0 0 0
P12483 2011 9 0 0 10 0 0 0 6 0 0 33 11 0 0 0 0 0 0 0 0 5 0 0 8 0 0 0 0 0 10 17 -999
P12483 2011 10 13 12 0 0 0 0 0 0 0 11 12 0 0 0 0 12 9 0 0 8 14 0 0 15 13 0 10 0 0 21 18
P12483 2011 11 8 7 14 24 41 44 32 11 0 0 0 0 0 0 0 9 23 0 7 0 0 38 32 28 11 0 7 11 0 0 -999
P12483 2011 12 0 0 0 8 7 6 0 3 0 0 0 15 12 0 9 29 38 36 41 37 44 23 0 0 0 25 24 21 21 20 31
P12483 2012 1 37 0 5 0 0 0 0 0 0 0 3 4 2 0 0 0 5 0 3 0 0 0 0 0 0 3 0 0 11 0 0
P12483 2012 2 0 0 0 14 6 0 0 0 0 3 0 0 0 0 0 0 0 0 21 0 0 0 0 0 0 4 0 12 -999 -999 -999
P12483 2012 3 28 37 0 0 0 13 0 4 0 0 0 8 16 0 0 20 0 17 19 30 0 17 15 19 16 0 0 0 0 10 0
P12483 2012 4 0 0 2 2 0 0 23 22 10 0 0 10 16 48 36 24 0 15 0 11 9 8 9 28 37 0 27 26 0 27 -999
P12483 2012 5 0 19 0 0 7 0 0 13 19 18 0 20 23 27 24 19 0 15 0 9 0 0 12 0 0 21 19 9 0 0 5
P12483 2012 6 0 4 0 0 0 0 0 0 28 0 0 0 14 0 20 13 5 0 0 19 14 0 0 0 0 11 16 0 21 0 -999
P12483 2012 7 10 0 0 0 0 0 0 0 0 0 0 0 0 0 0 0 0 0 13 0 0 0 0 0 0 0 0 0 0 0 0
P12483 2012 8 12 0 0 0 16 0 0 0 0 0 0 0 0 0 0 0 0 0 0 0 0 0 0 0 0 13 0 0 0 0 0
P12483 2012 9 0 10 0 13 0 0 16 6 0 6 0 0 0 0 0 11 0 10 10 11 8 0 11 0 0 0 0 15 0 0 -999
P12483 2012 10 0 0 0 0 0 6 0 0 0 0 38 0 0 0 0 22 0 0 20 0 0 25 16 0 0 14 23 18 16 36 25
P12483 2012 11 31 42 0 18 0 16 0 7 9 28 30 0 4 4 0 0 0 0 39 28 16 0 0 0 0 10 12 0 23 17 -999
P12483 2012 12 12 0 0 0 0 35 35 33 11 12 12 0 0 43 32 35 28 0 0 0 0 18 7 15 12 9 7 6 11 13 36
P12483 2013 1 19 10 0 27 20 7 0 12 0 0 0 0 0 0 0 0 0 4 5 0 0 2 2 0 0 0 0 0 10 17 8
P12483 2013 2 0 0 0 0 0 4 4 6 0 0 0 0 18 0 0 12 13 32 48 39 34 40 33 50 18 9 3 4 -999 -999 -999
P12483 2013 3 8 11 8 0 0 0 12 0 23 34 61 54 45 20 0 0 0 0 22 0 15 32 33 16 0 13 0 27 30 33 48
P12483 2013 4 26 13 0 14 13 0 0 11 6 0 0 9 0 0 0 24 7 10 13 0 28 22 14 22 36 0 0 0 0 0 -999
P12483 2013 5 7 0 0 0 0 0 0 24 23 28 30 21 10 0 24 0 0 22 0 14 12 0 0 0 0 0 0 0 0 0 0
P12483 2013 6 0 0 0 20 15 0 22 30 30 36 31 29 23 18 13 11 0 14 13 0 0 0 0 0 0 29 32 24 25 0 -999
P12483 2013 7 0 0 0 10 20 0 0 0 0 0 0 0 0 0 0 0 0 0 0 0 0 0 0 0 0 0 0 0 0 22 0
P12483 2013 8 0 0 0 0 0 0 0 19 19 17 0 0 9 0 0 0 0 7 0 0 0 0 0 0 0 0 0 0 28 0 0
P12483 2013 9 0 16 11 0 0 13 0 0 0 0 21 0 0 0 9 0 0 0 0 0 19 16 11 5 0 0 5 0 6 0 -999
P12483 2013 10 0 0 12 0 0 0 0 0 0 0 0 12 0 10 10 14 21 0 12 8 0 0 0 0 0 0 0 0 0 5 4
P12483 2013 11 0 0 0 0 0 0 0 0 9 10 11 0 5 6 0 9 0 63 101 53 34 55 67 52 26 52 31 0 11 0 -999
P12483 2013 12 14 34 25 24 0 0 0 0 0 7 0 0 0 7 0 0 0 0 0 7 8 0 10 0 14 20 0 0 24 0 13
P12483 2014 1 16 0 5 0 16 15 11 16 11 0 0 13 18 0 0 11 0 0 0 0 0 0 0 0 0 16 0 0 54 44 24
P12483 2014 2 22 30 19 26 22 33 0 42 24 34 0 12 19 8 0 0 0 0 17 6 10 8 11 0 0 0 0 16 -999 -999 -999