precip	MIROC5	RCP60	REGRESION	decimas	1
P13486	41.605	-1.251	182	geo	2006	2100	-1
P13486 2006 1 0 0 0 8 0 0 0 0 0 0 0 20 40 36 12 18 0 16 27 0 6 5 13 0 3 0 0 0 0 17 0
P13486 2006 2 6 19 0 0 5 0 0 1 1 0 0 11 0 0 0 28 11 0 0 14 23 0 0 0 0 5 5 5 -999 -999 -999
P13486 2006 3 12 17 25 25 26 29 34 41 30 0 39 39 0 21 18 0 32 29 0 0 15 13 15 11 0 0 8 0 0 0 0
P13486 2006 4 17 9 12 15 17 0 0 35 28 0 3 0 0 0 0 0 13 0 14 0 0 6 0 0 0 23 39 44 40 30 -999
P13486 2006 5 23 21 18 17 13 24 19 0 0 0 0 7 15 24 22 11 0 0 0 10 6 5 0 0 0 0 0 0 0 0 0
P13486 2006 6 0 0 0 0 0 13 0 0 0 0 0 0 0 0 15 0 0 0 16 13 14 0 0 0 22 22 19 17 0 25 -999
P13486 2006 7 0 0 19 0 0 26 0 0 15 0 0 0 19 0 0 0 0 0 0 24 0 0 0 0 0 0 0 0 0 0 0
P13486 2006 8 26 0 0 0 0 0 26 0 0 0 0 0 0 0 18 0 13 0 0 19 0 0 0 0 0 0 0 0 13 16 19
P13486 2006 9 0 0 0 17 0 0 0 0 0 21 22 7 0 0 0 0 0 0 0 0 0 0 17 0 0 0 0 0 0 0 -999
P13486 2006 10 0 0 0 0 0 8 0 0 0 0 0 0 0 25 26 25 0 0 0 0 0 12 0 0 10 0 0 0 0 0 0
P13486 2006 11 9 0 0 0 0 0 0 15 0 0 0 0 0 0 0 4 5 5 0 6 0 0 17 0 0 0 0 0 0 0 -999
P13486 2006 12 0 0 0 0 0 11 16 17 20 0 0 25 0 0 17 19 0 0 0 0 0 0 27 0 13 0 0 8 7 7 0
P13486 2007 1 0 0 0 0 0 0 0 0 0 0 0 0 0 0 0 0 0 0 16 23 0 0 10 9 21 25 0 0 0 0 0
P13486 2007 2 0 0 0 18 0 0 0 34 64 43 25 0 18 0 0 0 12 0 21 18 0 0 0 0 0 13 14 0 -999 -999 -999
P13486 2007 3 0 15 15 17 0 0 16 0 0 9 10 26 40 28 19 14 0 0 0 0 0 19 0 0 0 0 0 8 7 0 0
P13486 2007 4 0 0 0 10 0 13 0 0 0 0 10 19 0 0 0 0 17 27 0 0 21 0 0 20 18 0 0 0 0 0 -999
P13486 2007 5 0 6 8 0 0 18 0 13 0 17 0 0 0 30 18 0 13 22 0 0 0 0 0 0 0 9 0 0 9 0 0
P13486 2007 6 29 0 21 21 22 27 31 0 0 0 0 0 0 0 0 0 0 0 0 0 0 0 25 17 0 17 0 0 0 0 -999
P13486 2007 7 0 0 0 0 23 0 0 11 0 0 28 25 0 0 12 0 30 30 0 21 0 0 0 0 0 0 0 0 0 0 0
P13486 2007 8 0 0 0 0 0 0 0 0 0 0 19 0 0 0 0 0 16 0 0 23 0 8 0 0 0 0 18 19 22 21 0
P13486 2007 9 5 0 0 9 0 0 0 0 0 0 0 0 0 19 0 0 11 0 0 0 0 0 14 0 0 0 11 0 0 0 -999
P13486 2007 10 0 0 0 0 0 0 0 0 0 0 23 23 23 17 0 8 0 0 0 7 13 24 0 10 0 0 10 13 0 0 5
P13486 2007 11 0 5 10 0 5 0 0 0 8 0 0 18 0 0 0 8 0 0 0 0 0 0 0 0 7 5 12 0 0 22 -999
P13486 2007 12 0 0 12 18 0 0 20 0 0 0 2 3 0 0 0 0 12 0 0 0 0 0 0 6 5 0 0 0 0 0 0
P13486 2008 1 10 9 19 19 0 0 0 0 0 0 0 0 0 0 0 0 0 4 0 0 14 14 13 8 0 13 15 0 11 0 16
P13486 2008 2 25 0 0 0 0 10 0 17 0 0 21 0 0 6 0 0 11 0 0 13 0 8 10 22 0 29 28 35 -999 -999 -999
P13486 2008 3 45 0 8 0 0 0 5 0 0 0 0 0 0 0 10 0 5 0 0 0 0 0 0 0 0 0 0 0 0 0 0
P13486 2008 4 0 7 0 19 0 0 0 0 0 0 0 0 0 0 26 0 0 0 0 11 0 7 0 0 0 0 0 0 0 25 -999
P13486 2008 5 0 0 13 0 17 0 22 0 11 0 27 0 0 21 14 0 0 0 0 29 0 0 22 0 0 0 0 0 0 0 20
P13486 2008 6 18 0 0 15 14 0 0 0 0 17 0 0 0 23 15 0 0 0 0 0 13 0 0 0 0 0 0 0 23 0 -999
P13486 2008 7 0 0 0 0 15 0 0 0 30 0 0 20 20 0 24 0 0 0 0 0 0 0 14 16 0 0 0 0 0 0 0
P13486 2008 8 26 0 0 16 20 0 0 0 18 0 0 10 16 0 0 0 13 0 0 9 0 19 0 0 0 21 0 0 0 0 11
P13486 2008 9 0 0 0 17 0 0 0 0 0 0 0 17 14 0 9 11 0 0 15 15 0 0 0 15 0 0 12 0 16 19 -999
P13486 2008 10 12 0 0 0 0 0 15 0 0 0 0 21 18 18 0 0 0 12 0 0 0 0 0 0 0 12 19 12 19 15 0
P13486 2008 11 0 18 24 0 0 0 9 0 0 0 0 0 7 0 4 0 0 5 0 0 0 0 0 0 0 0 0 0 0 0 -999
P13486 2008 12 0 0 0 0 0 0 0 0 0 0 19 11 6 11 0 0 0 0 0 3 0 0 0 0 4 5 0 0 0 0 0
P13486 2009 1 0 0 0 3 0 0 0 0 6 0 0 0 0 11 10 9 0 0 0 0 2 0 0 0 0 0 0 0 0 0 0
P13486 2009 2 0 0 8 0 0 0 0 5 0 0 0 5 0 6 0 0 0 0 0 3 3 0 6 13 0 10 0 0 -999 -999 -999
P13486 2009 3 29 40 30 0 0 0 0 0 33 0 0 0 12 0 27 15 11 9 6 0 5 0 10 13 0 0 0 32 20 24 16
P13486 2009 4 14 39 45 0 0 32 28 0 10 0 9 20 28 20 0 25 0 13 0 0 0 24 0 0 0 0 0 12 0 0 -999
P13486 2009 5 35 0 15 17 0 0 0 13 0 0 33 13 0 0 0 0 0 13 0 0 35 38 0 25 0 13 13 16 0 17 0
P13486 2009 6 0 0 15 0 0 0 0 0 0 0 14 0 0 0 0 30 26 0 0 8 0 0 0 0 17 0 0 14 0 0 -999
P13486 2009 7 0 0 0 0 0 0 0 0 0 0 28 26 0 0 14 0 0 0 16 0 0 0 0 0 0 0 0 0 12 0 0
P13486 2009 8 0 12 0 0 12 0 19 0 0 0 0 14 0 15 0 0 0 0 0 0 8 16 0 0 0 0 0 0 0 0 0
P13486 2009 9 26 0 0 0 8 0 0 0 0 0 29 0 0 0 0 0 0 0 17 19 23 0 0 0 0 0 0 0 0 0 -999
P13486 2009 10 0 0 0 0 10 0 0 0 8 0 14 0 12 0 12 0 0 25 0 0 0 9 0 8 0 0 6 0 0 0 9
P13486 2009 11 0 0 0 0 0 0 0 0 0 5 0 0 4 0 0 0 0 0 5 0 0 0 0 0 11 21 0 0 0 10 -999
P13486 2009 12 0 0 6 0 6 16 32 22 16 24 24 0 3 0 0 6 0 0 0 16 0 0 6 0 0 15 0 0 0 0 0
P13486 2010 1 0 0 0 27 21 0 0 7 0 0 0 0 0 8 0 13 0 2 0 0 0 0 0 0 0 0 0 0 0 0 0
P13486 2010 2 0 0 0 0 8 0 0 0 0 0 0 0 0 0 0 0 0 0 0 7 3 0 7 16 7 0 0 0 -999 -999 -999
P13486 2010 3 0 0 0 6 8 16 27 0 26 22 0 14 0 0 0 0 8 0 0 40 24 0 0 0 0 0 0 6 0 0 0
P13486 2010 4 9 0 0 16 0 0 18 0 23 0 26 28 0 27 30 41 0 16 0 14 0 0 14 0 28 21 0 10 26 0 -999
P13486 2010 5 0 0 18 26 25 0 0 0 0 16 22 0 0 18 23 25 0 13 0 0 0 14 0 13 18 0 0 18 19 0 0
P13486 2010 6 0 0 20 0 0 0 0 0 0 0 16 0 0 0 0 0 0 0 0 0 18 0 0 0 0 0 0 21 0 0 -999
P13486 2010 7 0 0 0 0 21 20 0 0 0 19 20 0 0 0 0 0 0 13 0 0 0 19 0 0 21 0 0 0 0 0 17
P13486 2010 8 0 24 0 0 0 14 16 0 19 0 0 0 0 15 0 0 21 21 16 0 0 0 0 0 0 0 0 0 0 0 17
P13486 2010 9 0 0 0 15 9 6 0 0 0 0 0 0 0 0 0 14 0 0 0 0 0 0 0 0 0 17 11 0 6 0 -999
P13486 2010 10 0 0 0 0 0 0 14 0 17 0 0 8 0 18 9 10 0 0 0 13 0 0 0 0 0 0 5 0 0 0 0
P13486 2010 11 0 4 7 0 0 0 0 0 0 0 0 0 0 0 0 8 0 0 0 0 0 0 0 0 0 0 0 0 0 0 -999
P13486 2010 12 10 0 9 0 14 0 0 0 8 6 0 0 0 24 16 0 0 5 0 0 0 0 0 0 0 0 0 0 0 0 0
P13486 2011 1 0 0 5 6 0 0 0 0 6 0 0 0 0 0 0 0 0 0 0 0 9 10 0 15 0 0 0 2 0 0 0
P13486 2011 2 0 0 0 7 0 8 0 0 0 0 0 7 4 0 0 0 0 0 6 0 9 16 0 0 6 0 12 25 -999 -999 -999
P13486 2011 3 26 18 0 0 19 0 0 5 0 10 0 0 17 15 0 39 62 22 0 14 16 19 16 26 22 10 0 30 17 0 0
P13486 2011 4 0 22 0 18 14 0 0 14 0 21 19 0 0 0 12 0 0 29 0 23 0 14 0 5 0 0 0 0 0 10 -999
P13486 2011 5 0 14 0 9 0 0 14 0 0 0 12 0 0 0 0 0 0 0 0 0 0 0 0 0 0 0 0 0 0 29 0
P13486 2011 6 0 9 0 0 0 10 0 0 0 0 27 0 0 26 0 0 10 0 0 0 0 20 0 0 0 0 0 0 15 17 -999
P13486 2011 7 0 8 0 15 0 0 13 0 0 7 0 17 0 0 0 0 0 15 0 0 0 0 12 0 0 16 0 0 0 0 0
P13486 2011 8 0 0 0 0 0 0 16 0 0 0 0 0 0 0 15 0 0 0 0 0 0 0 0 14 0 0 0 0 0 0 28
P13486 2011 9 0 0 0 0 0 0 0 13 24 30 16 12 0 0 8 0 0 0 0 0 0 0 13 12 0 0 0 0 0 0 -999
P13486 2011 10 0 0 0 0 0 12 0 11 0 0 0 16 15 0 0 0 0 0 0 0 0 0 0 15 0 7 0 0 20 27 0
P13486 2011 11 0 0 9 0 17 20 50 0 15 0 0 11 0 0 8 11 17 14 0 0 0 24 33 32 22 0 8 9 0 0 -999
P13486 2011 12 0 9 14 27 0 7 0 0 0 0 0 7 0 4 3 9 0 0 15 17 21 10 0 0 0 16 0 0 0 0 0
P13486 2012 1 0 0 7 0 2 0 0 0 0 0 0 0 0 0 0 4 7 0 0 0 0 0 0 0 0 0 0 0 0 7 6
P13486 2012 2 3 0 26 22 6 0 0 0 0 0 0 0 6 0 0 0 0 0 0 0 21 13 0 0 0 0 0 8 -999 -999 -999
P13486 2012 3 14 29 33 33 24 0 7 4 0 0 0 0 7 0 7 15 23 22 18 0 24 19 14 0 0 0 0 0 0 12 8
P13486 2012 4 0 0 0 0 0 9 16 13 0 10 6 0 26 39 26 22 0 0 23 0 0 0 0 21 27 0 32 25 17 0 -999
P13486 2012 5 0 23 29 19 0 0 24 32 0 18 0 21 25 0 0 16 0 0 0 0 0 0 15 12 0 0 0 0 9 0 0
P13486 2012 6 0 0 0 0 0 8 13 0 0 22 0 0 0 0 0 16 0 0 0 19 0 0 0 0 0 0 0 0 0 0 -999
P13486 2012 7 0 0 0 0 0 0 0 0 0 0 0 26 23 0 0 0 0 0 24 0 0 0 19 0 23 0 0 0 12 0 0
P13486 2012 8 0 13 0 0 19 0 0 14 0 20 0 0 0 0 18 0 0 16 0 0 0 0 0 0 10 0 0 0 0 0 0
P13486 2012 9 0 0 0 0 0 0 0 0 0 9 0 0 0 0 9 0 0 0 0 0 0 0 0 0 21 0 0 0 0 0 -999
P13486 2012 10 0 0 0 0 0 6 0 12 0 0 27 14 0 6 10 10 0 0 11 8 17 23 0 0 0 13 14 10 0 8 10
P13486 2012 11 7 16 23 25 7 4 0 0 0 0 0 15 0 0 0 0 0 12 0 0 0 9 0 5 0 5 0 0 0 19 -999
P13486 2012 12 19 12 14 0 0 0 32 15 0 0 0 0 0 27 0 25 24 23 10 0 0 0 5 0 3 0 0 0 0 0 27
P13486 2013 1 24 14 11 12 8 5 4 0 0 0 0 0 0 0 0 0 0 0 0 0 0 0 0 0 0 0 0 0 0 0 0
P13486 2013 2 0 0 0 0 0 0 0 0 0 6 0 5 0 29 20 0 8 14 20 0 18 0 0 22 19 12 0 0 -999 -999 -999
P13486 2013 3 0 0 0 0 10 0 0 0 25 0 0 25 25 18 0 0 17 16 0 0 0 26 0 0 17 0 19 0 0 37 40
P13486 2013 4 41 0 0 0 0 12 14 6 0 4 0 0 14 0 0 20 0 12 14 11 18 16 0 16 34 22 0 0 8 9 -999
P13486 2013 5 0 0 0 0 0 0 0 0 0 25 23 19 0 0 21 32 0 18 16 0 0 0 0 0 13 0 0 0 0 17 0
P13486 2013 6 0 0 0 17 0 0 0 0 0 30 21 23 24 0 0 0 0 0 0 0 0 0 0 0 0 0 48 24 22 22 -999
P13486 2013 7 17 0 0 0 0 0 0 28 18 0 0 0 0 15 15 17 0 0 0 14 20 0 0 0 19 0 0 0 0 0 0
P13486 2013 8 18 0 0 0 0 0 0 25 20 0 0 0 10 0 0 0 0 0 0 0 0 0 0 0 0 0 0 0 0 0 23
P13486 2013 9 14 16 24 11 0 0 12 0 0 0 0 0 0 0 0 0 0 0 0 16 23 26 0 0 0 0 0 6 0 0 -999
P13486 2013 10 7 0 13 0 0 0 0 11 0 0 21 0 0 0 0 14 21 22 10 0 0 0 0 0 0 0 0 0 0 0 0
P13486 2013 11 0 0 0 0 0 0 0 0 0 8 17 0 8 0 6 9 10 36 58 48 0 18 25 30 0 0 20 24 9 5 -999
P13486 2013 12 0 13 6 0 0 0 12 9 0 0 0 0 8 7 6 0 0 0 0 0 0 0 0 0 9 0 0 13 15 19 13
P13486 2014 1 0 6 0 7 0 8 7 0 0 0 5 4 0 0 0 5 2 0 0 0 0 0 0 0 0 0 0 25 55 0 24
P13486 2014 2 0 15 0 8 7 11 12 0 14 13 6 0 0 0 0 0 0 0 14 0 0 6 0 0 0 0 0 21 -999 -999 -999