precip	MIROC5	RCP60	REGRESION	decimas	1
P11894	41.179	-3.808	182	geo	2006	2100	-1
P11894 2006 1 0 8 9 9 0 0 0 9 0 0 0 55 126 57 38 69 54 58 37 20 10 10 24 16 11 0 12 0 23 26 11
P11894 2006 2 0 32 27 16 7 0 0 0 0 0 0 19 0 31 0 0 0 15 23 33 27 19 16 0 10 7 11 16 -999 -999 -999
P11894 2006 3 33 48 58 78 76 70 76 74 51 35 0 0 29 24 25 42 71 74 63 35 40 31 31 26 27 29 0 33 47 39 0
P11894 2006 4 31 33 25 0 0 14 0 30 14 0 0 6 0 0 0 11 14 0 0 0 0 6 0 14 0 0 0 45 33 28 -999
P11894 2006 5 0 28 0 29 27 39 22 12 8 8 0 15 22 0 0 0 16 16 0 22 11 0 0 0 0 6 0 16 18 0 0
P11894 2006 6 0 0 0 0 0 0 0 0 0 0 0 0 0 0 0 0 0 0 13 12 11 0 0 0 0 0 16 15 13 0 -999
P11894 2006 7 17 14 11 0 13 0 19 18 10 0 0 0 16 0 0 0 0 0 0 0 15 11 12 11 0 0 0 0 9 0 0
P11894 2006 8 0 12 0 0 0 0 0 0 0 8 0 8 0 15 0 0 0 7 0 0 16 0 0 16 16 14 0 0 0 17 0
P11894 2006 9 0 0 0 0 16 10 0 0 16 0 0 9 0 0 0 16 17 0 12 13 0 0 0 0 12 0 9 0 13 14 -999
P11894 2006 10 0 0 0 0 0 0 0 8 0 0 0 0 0 21 22 19 0 0 10 12 16 13 8 10 0 18 12 18 0 14 0
P11894 2006 11 15 12 7 0 0 0 21 0 9 0 4 0 0 5 0 0 0 0 5 12 0 24 27 0 20 12 6 0 3 0 -999
P11894 2006 12 0 0 0 0 5 0 0 35 0 0 20 21 24 0 39 56 0 6 0 0 18 36 65 43 38 33 22 0 19 19 13
P11894 2007 1 13 0 0 0 0 0 0 0 0 0 0 0 0 0 0 2 0 0 21 18 0 8 9 17 25 25 20 32 34 0 19
P11894 2007 2 13 17 30 35 22 0 27 66 121 95 32 23 16 15 0 9 17 30 24 23 0 24 33 24 25 24 0 27 -999 -999 -999
P11894 2007 3 20 0 24 33 40 28 18 0 17 0 23 50 56 67 42 0 21 17 12 22 0 22 0 0 8 10 12 0 0 6 0
P11894 2007 4 0 0 0 0 0 25 12 8 6 0 0 0 0 0 12 14 20 32 36 28 27 27 0 33 0 19 0 0 0 0 -999
P11894 2007 5 0 0 10 17 35 21 0 0 0 18 17 0 23 27 22 18 15 21 23 0 0 0 0 0 6 0 0 0 0 13 0
P11894 2007 6 0 0 16 17 19 19 0 0 0 9 0 0 0 0 11 9 0 7 0 0 0 0 0 13 0 13 0 18 20 17 -999
P11894 2007 7 14 0 0 19 0 0 14 0 0 0 24 0 15 0 0 0 0 18 0 0 0 0 0 0 0 15 0 0 0 0 0
P11894 2007 8 0 0 0 13 0 0 0 0 0 0 0 0 16 0 0 0 12 0 0 19 0 0 5 0 13 17 17 0 0 0 7
P11894 2007 9 0 0 5 5 0 0 0 0 0 0 0 0 0 12 22 16 0 0 6 0 6 0 9 0 11 9 0 0 6 0 -999
P11894 2007 10 0 9 0 0 0 0 0 10 15 20 21 21 33 35 16 0 0 28 12 0 16 31 34 35 17 0 25 15 11 9 11
P11894 2007 11 13 0 19 6 0 13 0 0 0 0 19 23 0 19 11 0 0 0 2 0 0 0 0 14 10 11 14 17 0 18 -999
P11894 2007 12 0 0 0 0 0 0 0 0 6 0 9 0 5 5 0 15 0 0 0 0 0 0 9 0 12 9 13 16 8 10 14
P11894 2008 1 22 29 36 0 20 0 1 0 5 0 0 9 10 0 21 0 0 9 17 0 48 51 27 16 23 44 54 38 29 38 48
P11894 2008 2 77 42 51 33 27 37 29 45 23 0 42 25 0 14 0 35 0 36 29 27 17 12 0 0 16 25 0 20 -999 -999 -999
P11894 2008 3 17 0 10 10 0 0 0 0 0 7 0 0 0 14 7 0 0 0 0 0 6 0 0 0 0 13 9 0 0 0 0
P11894 2008 4 0 0 15 0 20 13 7 4 0 0 8 11 0 22 32 35 0 22 13 10 0 0 0 7 0 0 0 0 0 0 -999
P11894 2008 5 0 0 0 0 17 0 15 12 0 25 37 20 18 26 21 0 0 0 20 33 31 25 0 19 0 0 13 0 0 0 0
P11894 2008 6 0 11 0 0 0 20 12 11 0 16 14 15 15 0 20 8 9 0 0 9 8 0 0 0 0 0 0 0 0 11 -999
P11894 2008 7 0 0 0 0 0 0 15 0 0 0 0 0 15 0 17 0 0 0 0 12 0 0 0 0 0 0 0 0 0 0 0
P11894 2008 8 22 0 0 0 12 0 15 0 0 16 14 0 16 0 0 11 0 0 0 0 0 14 0 0 0 0 14 0 0 0 0
P11894 2008 9 0 0 0 0 0 0 0 11 0 13 0 19 0 0 16 0 0 0 0 0 0 0 16 0 0 16 10 0 30 26 -999
P11894 2008 10 0 19 12 16 9 0 17 20 0 0 0 34 29 0 0 0 0 0 0 0 0 12 0 0 0 29 38 28 0 0 16
P11894 2008 11 18 10 32 0 8 0 0 0 14 0 27 12 9 0 0 5 10 0 0 8 0 0 8 0 0 0 0 0 0 0 -999
P11894 2008 12 0 0 0 0 4 0 6 0 12 29 32 15 19 22 10 0 0 0 9 5 0 0 0 7 0 23 20 0 0 4 0
P11894 2009 1 0 0 0 0 11 14 7 7 8 0 8 19 20 19 19 0 0 0 1 0 0 0 0 0 0 0 0 0 0 4 0
P11894 2009 2 0 0 14 15 0 12 12 7 5 8 11 8 10 8 4 0 0 0 3 8 7 0 0 9 8 8 10 36 -999 -999 -999
P11894 2009 3 58 54 48 0 20 16 17 36 43 0 0 0 0 0 32 36 53 41 30 22 0 0 0 24 25 47 39 60 55 47 27
P11894 2009 4 21 32 0 18 0 39 25 19 0 0 15 24 28 24 25 18 11 0 0 20 0 0 0 9 0 0 0 0 0 0 -999
P11894 2009 5 0 27 0 23 0 0 16 14 21 0 26 0 7 4 0 0 0 0 0 0 0 26 0 17 14 9 0 0 12 0 0
P11894 2009 6 0 0 0 0 18 19 17 0 0 13 0 0 0 0 19 18 12 10 7 7 0 0 0 0 0 10 0 0 0 0 -999
P11894 2009 7 0 0 0 0 0 17 0 0 14 0 17 19 0 13 0 0 0 0 0 13 17 0 0 0 9 0 0 0 0 0 0
P11894 2009 8 21 0 0 9 0 0 0 0 0 0 0 0 0 0 0 0 0 0 0 0 0 0 0 19 0 0 0 0 16 0 0
P11894 2009 9 22 0 0 0 0 0 0 0 0 18 25 17 0 0 0 10 0 0 10 0 0 21 20 18 9 0 0 8 0 0 -999
P11894 2009 10 0 7 5 5 0 0 0 0 0 12 0 0 0 0 0 20 21 0 19 0 0 0 14 30 11 0 0 5 0 0 10
P11894 2009 11 0 0 6 6 0 0 10 0 0 0 0 0 6 6 0 0 0 9 0 17 0 0 23 19 0 13 17 0 15 19 -999
P11894 2009 12 21 24 33 20 40 47 57 36 26 0 35 17 18 0 0 0 0 20 26 19 14 14 16 16 17 20 28 0 19 0 10
P11894 2010 1 0 0 20 48 50 0 0 10 13 0 0 0 14 9 12 18 16 10 0 12 9 0 4 0 0 0 0 0 0 14 0
P11894 2010 2 10 0 0 0 17 28 0 11 11 7 0 0 0 0 6 7 0 6 9 13 0 15 12 18 7 0 0 0 -999 -999 -999
P11894 2010 3 7 0 6 9 15 21 0 0 0 32 0 0 0 11 0 9 0 22 40 34 0 5 0 0 0 0 0 5 0 0 0
P11894 2010 4 13 0 0 17 0 0 0 30 0 29 0 24 24 25 40 41 20 0 10 17 23 0 15 21 33 0 0 15 31 28 -999
P11894 2010 5 20 14 22 27 24 0 0 0 0 12 0 0 0 0 20 27 0 0 13 6 0 0 11 0 0 0 33 20 17 0 11
P11894 2010 6 0 21 21 14 12 0 0 0 0 0 0 13 0 0 0 0 0 0 0 0 0 11 0 0 0 0 0 0 0 0 -999
P11894 2010 7 18 20 11 0 10 0 0 13 0 0 12 0 0 0 11 0 0 0 0 0 0 0 0 0 0 12 10 0 0 0 0
P11894 2010 8 0 0 0 0 0 0 11 0 0 15 0 15 0 0 0 15 0 14 0 0 0 0 11 0 0 0 0 0 0 0 0
P11894 2010 9 0 0 22 17 0 0 8 0 0 17 15 21 22 16 26 12 9 0 18 0 0 10 0 10 0 0 7 0 7 0 -999
P11894 2010 10 0 0 0 0 0 0 0 0 0 24 33 25 35 30 22 17 13 14 0 0 18 21 19 0 0 0 0 8 0 15 0
P11894 2010 11 12 0 0 10 7 4 0 0 0 0 0 0 0 0 8 12 16 12 0 8 0 0 4 4 5 5 0 0 0 0 -999
P11894 2010 12 8 9 10 16 16 17 18 10 0 12 0 0 25 28 13 0 0 9 12 7 0 0 0 0 0 0 0 9 0 0 0
P11894 2011 1 4 0 7 8 0 0 0 0 0 0 6 6 6 0 12 6 0 0 0 0 0 28 55 26 0 0 0 7 6 5 7
P11894 2011 2 8 8 0 18 0 18 15 0 4 0 0 16 17 13 17 14 0 9 10 0 0 19 16 9 8 10 0 30 -999 -999 -999
P11894 2011 3 0 20 13 0 0 12 11 0 0 19 22 27 0 22 34 63 75 44 30 32 33 40 54 92 49 19 27 0 0 0 0
P11894 2011 4 0 22 0 0 12 12 0 16 22 21 0 0 0 15 0 0 0 31 25 0 23 0 0 0 0 0 0 0 4 0 -999
P11894 2011 5 10 20 15 11 0 0 9 12 0 0 13 0 13 13 0 0 0 0 0 0 24 15 0 13 0 0 0 17 0 0 16
P11894 2011 6 0 0 0 0 0 8 0 0 0 0 0 0 0 16 0 0 6 0 0 0 0 17 0 0 0 16 0 0 0 11 -999
P11894 2011 7 0 10 10 14 0 0 0 0 0 0 0 0 0 0 0 0 0 0 0 0 0 16 0 0 0 11 0 0 0 0 0
P11894 2011 8 0 0 0 0 0 0 0 0 0 0 0 0 9 0 0 0 0 0 0 0 0 0 5 0 0 0 0 11 0 0 0
P11894 2011 9 0 0 9 0 0 7 0 0 0 35 0 6 0 0 0 0 0 2 0 0 0 5 0 0 0 0 7 0 0 14 -999
P11894 2011 10 0 12 10 0 0 4 0 7 0 10 0 0 14 0 0 9 7 10 0 0 0 0 17 0 0 0 10 0 20 27 0
P11894 2011 11 13 11 18 31 51 54 0 17 0 0 0 0 0 0 0 0 28 22 0 0 0 47 47 42 16 0 11 0 9 0 -999
P11894 2011 12 7 15 24 13 0 10 0 0 0 9 11 0 17 0 12 0 45 42 46 43 55 31 0 0 18 29 26 22 21 0 32
P11894 2012 1 44 0 0 3 0 0 0 0 0 2 0 5 0 0 2 0 0 0 8 0 0 6 0 3 4 0 5 0 13 17 9
P11894 2012 2 0 0 0 25 11 8 0 0 0 0 0 0 3 2 0 0 3 0 24 25 0 0 7 0 0 0 0 17 -999 -999 -999
P11894 2012 3 39 55 36 0 23 0 0 6 0 2 0 10 0 15 12 0 0 0 0 29 29 18 14 17 16 0 0 0 0 11 0
P11894 2012 4 6 9 0 0 0 14 29 31 16 10 9 14 23 61 47 0 30 0 19 18 14 12 12 32 0 39 35 33 33 34 -999
P11894 2012 5 22 21 22 15 8 0 0 15 22 19 0 0 0 31 29 22 0 16 0 0 0 16 14 13 0 0 24 13 10 0 0
P11894 2012 6 0 6 0 0 0 0 0 0 28 0 0 0 16 19 23 17 0 0 0 17 14 10 0 7 0 0 13 16 0 13 -999
P11894 2012 7 0 0 0 0 0 0 0 0 0 0 16 0 16 0 0 0 0 17 13 0 0 12 12 0 0 0 0 0 0 0 13
P11894 2012 8 0 8 0 10 0 0 0 0 0 0 13 0 0 0 0 0 0 10 0 0 0 0 9 0 0 0 0 0 10 0 0
P11894 2012 9 0 0 0 0 0 0 16 0 0 0 0 10 0 0 0 9 0 0 0 0 0 0 8 12 0 0 11 0 0 0 -999
P11894 2012 10 8 5 5 0 0 0 7 0 19 0 37 19 0 0 20 22 0 0 17 0 0 24 17 10 11 13 22 19 17 37 32
P11894 2012 11 35 51 43 24 16 16 0 0 9 28 37 0 0 0 0 0 8 0 41 31 18 9 0 8 10 13 13 19 25 21 -999
P11894 2012 12 0 0 0 14 0 35 37 35 13 0 13 0 0 51 42 43 37 0 18 17 0 21 0 17 15 11 8 6 13 18 49
P11894 2013 1 33 18 21 36 28 12 16 16 8 0 5 5 0 3 0 0 0 0 9 3 3 4 0 0 0 0 0 7 10 19 11
P11894 2013 2 0 0 0 0 0 5 5 6 0 7 4 0 0 58 43 19 19 36 55 47 40 44 39 61 24 0 0 0 -999 -999 -999
P11894 2013 3 0 13 8 12 10 8 0 0 30 0 68 61 52 25 0 25 27 24 25 23 0 33 37 17 18 0 19 0 0 39 59
P11894 2013 4 33 0 0 15 17 25 30 17 0 0 0 0 0 20 0 24 10 0 0 14 33 28 19 0 41 17 0 0 6 6 -999
P11894 2013 5 0 0 0 0 0 9 13 24 24 32 38 27 12 0 0 0 29 27 20 17 15 0 0 0 11 0 0 0 0 0 0
P11894 2013 6 0 21 23 19 14 0 19 28 31 38 34 32 0 21 15 0 13 15 14 9 0 0 0 0 16 23 30 0 0 0 -999
P11894 2013 7 0 13 9 10 18 22 21 0 0 0 0 0 0 10 12 0 0 0 0 0 0 0 0 0 0 0 12 0 0 0 0
P11894 2013 8 11 0 0 0 20 17 17 19 18 15 0 13 9 0 11 0 0 7 0 0 0 0 0 0 0 0 0 0 24 20 28
P11894 2013 9 25 16 0 7 0 0 0 0 0 0 0 13 7 0 0 9 0 0 0 0 0 16 11 6 0 0 6 7 0 0 -999
P11894 2013 10 0 5 9 0 0 0 0 0 0 14 15 0 0 0 11 16 26 21 15 9 9 0 0 0 6 0 0 9 8 0 0
P11894 2013 11 0 0 2 2 0 4 0 0 14 16 19 15 10 11 13 0 16 0 118 65 40 59 75 63 32 55 38 29 16 16 -999
P11894 2013 12 16 39 31 29 0 0 0 11 12 9 6 0 8 0 0 8 7 0 4 0 0 8 10 16 0 0 16 0 27 28 15
P11894 2014 1 0 9 5 10 16 17 0 0 13 7 11 15 19 0 0 0 0 0 0 0 0 0 3 0 0 18 32 41 68 60 0
P11894 2014 2 28 37 25 29 0 0 34 52 32 43 12 0 21 10 0 7 0 0 22 9 0 0 12 0 0 0 0 0 -999 -999 -999