precip	MIROC5	RCP60	REGRESION	decimas	1
P12526	41.302	-1.206	182	geo	2006	2100	-1
P12526 2006 1 0 7 0 0 0 9 0 0 9 0 0 21 45 41 14 19 19 19 27 14 0 6 0 15 0 0 0 0 17 18 11
P12526 2006 2 0 18 0 0 0 0 0 0 0 0 0 0 0 21 28 32 0 0 6 17 27 20 0 15 8 6 0 7 -999 -999 -999
P12526 2006 3 0 20 27 29 31 32 38 45 34 25 41 0 29 22 0 0 33 0 24 0 17 14 16 13 20 0 0 0 24 16 35
P12526 2006 4 20 11 13 16 0 13 0 37 0 0 0 0 9 11 0 0 0 0 0 0 0 0 9 0 0 0 40 47 45 0 -999
P12526 2006 5 0 22 19 18 0 24 0 0 10 7 0 9 17 24 0 0 0 17 12 0 0 0 0 0 10 0 0 15 16 0 0
P12526 2006 6 0 0 0 0 0 14 0 0 21 21 0 0 0 0 0 0 0 0 0 16 15 0 0 17 0 23 20 0 0 0 -999
P12526 2006 7 0 0 19 0 19 0 25 0 0 0 0 0 0 23 0 14 0 0 0 23 0 0 21 0 0 0 0 0 0 0 0
P12526 2006 8 26 0 0 0 0 0 0 0 16 0 16 0 0 21 0 16 0 0 13 0 20 0 0 0 19 15 0 0 0 17 18
P12526 2006 9 0 0 0 0 15 19 0 13 17 0 0 8 0 0 0 0 0 0 0 0 0 0 0 0 0 0 9 0 0 0 -999
P12526 2006 10 0 0 0 0 0 0 0 0 13 0 0 0 20 0 0 0 15 0 0 9 0 0 0 0 0 0 0 0 8 5 0
P12526 2006 11 0 12 0 0 9 10 14 0 0 0 0 0 5 0 0 0 0 0 0 0 13 22 19 38 21 11 0 0 0 0 -999
P12526 2006 12 0 0 0 0 0 12 16 0 0 0 0 0 0 0 0 0 0 0 0 0 0 0 27 30 15 0 0 0 7 0 0
P12526 2007 1 8 0 0 0 0 0 0 0 0 4 0 0 0 0 0 0 0 0 0 26 18 0 0 0 23 28 25 18 21 16 13
P12526 2007 2 0 0 12 23 19 18 17 36 66 47 0 20 0 11 12 10 12 0 22 0 24 0 0 28 22 0 14 19 -999 -999 -999
P12526 2007 3 0 17 0 0 0 0 18 0 14 11 13 33 47 31 22 17 10 7 0 0 0 19 0 0 0 0 0 0 0 0 0
P12526 2007 4 0 0 0 0 0 15 0 0 5 6 10 18 0 20 12 11 17 26 0 0 0 0 27 0 21 0 0 15 0 0 -999
P12526 2007 5 0 0 8 0 0 18 20 0 0 0 0 0 0 0 18 14 14 22 0 23 0 0 7 0 0 0 0 0 0 0 0
P12526 2007 6 0 27 0 23 0 0 0 19 0 0 13 0 0 28 0 23 0 0 0 19 0 0 0 18 0 0 0 23 26 0 -999
P12526 2007 7 0 0 0 0 23 0 0 12 0 0 0 0 22 14 0 0 0 28 31 20 0 0 0 0 0 0 0 0 0 16 16
P12526 2007 8 0 0 0 0 0 0 0 0 0 0 0 0 0 0 13 14 0 0 23 24 21 0 0 10 0 0 19 19 0 0 0
P12526 2007 9 0 0 0 10 0 0 0 0 0 0 15 0 0 0 0 0 0 0 0 0 9 0 0 0 0 0 0 0 0 0 -999
P12526 2007 10 0 0 0 0 8 0 0 0 0 21 0 0 24 0 0 0 0 0 0 0 0 0 16 12 9 0 0 14 0 4 0
P12526 2007 11 0 0 12 0 0 9 0 0 0 0 11 17 0 0 0 0 0 0 0 0 5 0 0 0 0 0 0 20 0 23 -999
P12526 2007 12 16 10 12 0 0 29 22 0 0 0 0 5 6 0 0 12 15 18 16 0 0 0 0 0 0 5 0 8 0 6 7
P12526 2008 1 12 11 22 21 0 0 0 0 0 0 0 0 0 0 21 0 12 0 0 13 16 16 0 8 0 14 0 17 12 14 17
P12526 2008 2 26 0 14 0 10 10 14 17 0 23 22 21 0 0 0 12 0 20 34 16 11 9 0 0 23 25 26 0 -999 -999 -999
P12526 2008 3 0 19 9 0 9 0 0 0 0 0 0 0 0 0 0 7 0 0 0 0 0 0 0 0 6 0 7 0 0 0 7
P12526 2008 4 7 8 13 0 0 18 6 0 0 0 8 0 18 21 0 26 23 0 0 13 11 9 0 0 0 0 6 0 0 0 -999
P12526 2008 5 21 0 14 0 0 0 24 0 0 20 28 0 15 22 0 22 0 12 0 30 33 23 22 17 0 19 18 0 0 0 0
P12526 2008 6 20 0 0 0 0 18 0 0 0 0 0 0 0 23 0 0 0 0 0 0 0 0 0 0 0 0 0 0 0 18 -999
P12526 2008 7 0 0 0 0 0 0 0 24 0 0 0 20 21 0 0 0 16 19 14 0 22 17 15 0 0 0 0 0 0 0 0
P12526 2008 8 25 0 0 15 0 0 22 18 0 0 17 0 0 0 9 0 0 0 0 0 0 0 0 0 0 0 22 0 0 0 0
P12526 2008 9 10 9 0 0 20 0 0 0 0 0 21 0 15 17 11 0 14 0 0 0 0 0 15 0 0 0 0 0 17 0 -999
P12526 2008 10 14 0 0 0 14 0 16 0 10 0 19 22 19 19 0 0 0 0 0 0 0 0 0 0 16 13 0 14 0 0 0
P12526 2008 11 16 0 0 24 0 10 0 0 15 0 17 0 9 0 0 0 0 5 0 0 0 0 0 0 0 0 0 0 0 6 -999
P12526 2008 12 5 0 0 0 0 9 12 9 10 13 22 13 8 13 0 0 0 7 0 0 4 0 0 0 4 6 6 7 0 0 0
P12526 2009 1 0 0 0 5 10 10 0 0 7 0 0 16 0 13 0 11 0 0 0 0 0 0 0 0 0 0 0 6 0 0 0
P12526 2009 2 0 12 11 13 0 0 16 7 0 5 10 0 0 0 0 0 0 0 0 4 5 0 0 0 10 11 0 19 -999 -999 -999
P12526 2009 3 35 44 33 19 0 0 0 14 36 33 0 16 0 14 29 19 13 11 0 0 0 0 0 13 13 27 0 33 22 0 18
P12526 2009 4 16 40 49 21 22 35 33 14 0 0 0 0 28 21 20 27 16 0 12 19 31 0 14 12 0 0 0 0 0 0 -999
P12526 2009 5 0 25 15 17 23 0 14 0 18 30 33 16 0 0 0 0 0 14 23 26 0 39 0 0 0 0 15 0 0 0 0
P12526 2009 6 0 17 0 0 25 24 0 14 12 16 0 0 0 16 0 0 0 0 0 0 0 0 0 0 0 16 0 0 0 0 -999
P12526 2009 7 22 0 0 0 0 24 0 0 0 0 0 0 0 0 16 14 0 0 0 18 0 0 0 0 0 0 0 0 0 0 24
P12526 2009 8 22 0 0 0 14 0 0 17 0 0 0 0 14 0 0 0 10 0 0 0 0 0 0 0 0 0 0 0 19 0 19
P12526 2009 9 0 0 0 0 0 0 0 0 14 0 0 20 0 13 17 20 0 0 0 0 22 0 20 0 0 9 0 0 10 11 -999
P12526 2009 10 0 0 0 0 0 0 0 0 0 0 0 0 0 12 0 18 0 25 27 20 14 10 0 9 11 8 0 0 7 0 0
P12526 2009 11 0 0 0 0 0 0 0 0 8 0 0 0 0 0 0 12 0 8 0 7 0 0 0 0 11 21 0 10 9 10 -999
P12526 2009 12 8 0 0 0 7 19 38 27 19 25 0 0 4 4 0 0 7 9 0 0 11 0 0 0 0 14 0 12 0 0 0
P12526 2010 1 5 0 0 27 22 20 0 0 0 13 0 0 9 9 0 14 0 0 0 0 0 0 0 0 0 0 0 0 0 0 13
P12526 2010 2 0 9 8 0 0 22 0 18 11 0 10 0 0 6 8 10 7 0 5 0 0 0 0 18 9 0 0 0 -999 -999 -999
P12526 2010 3 0 3 0 0 10 0 28 26 0 22 21 15 8 10 8 0 9 10 20 41 26 0 0 0 7 0 0 0 6 0 0
P12526 2010 4 9 12 0 17 17 0 0 28 24 22 27 0 34 0 32 42 29 0 12 0 24 25 17 9 31 0 0 12 28 29 -999
P12526 2010 5 20 0 20 27 26 20 15 14 0 0 24 31 22 0 0 27 24 0 0 0 0 14 0 0 0 33 29 0 20 17 0
P12526 2010 6 0 22 0 0 0 0 0 0 0 0 0 0 32 0 21 0 0 0 0 0 0 0 0 0 0 0 0 0 0 0 -999
P12526 2010 7 0 0 0 0 0 0 0 0 22 21 0 18 0 12 0 0 0 0 9 0 0 19 0 22 0 0 0 0 0 0 18
P12526 2010 8 0 0 0 0 0 0 0 0 0 25 0 0 18 0 0 0 21 0 0 0 0 0 0 20 0 19 0 0 0 9 0
P12526 2010 9 15 0 0 0 11 0 9 16 0 0 0 22 30 23 0 16 11 14 15 0 0 12 0 0 0 0 0 0 0 0 -999
P12526 2010 10 0 0 0 0 9 0 13 0 17 0 17 0 15 18 0 0 0 0 10 0 20 0 27 15 0 0 0 5 0 0 6
P12526 2010 11 7 0 0 0 0 0 0 0 0 0 0 0 0 0 0 10 7 0 0 0 0 0 4 0 0 0 0 0 0 0 -999
P12526 2010 12 0 0 0 10 0 11 11 8 0 8 0 0 12 26 0 0 4 6 8 0 0 4 0 0 0 0 0 4 0 0 0
P12526 2011 1 0 0 0 0 0 0 0 5 0 0 5 0 0 0 0 0 0 0 0 0 12 0 27 18 7 3 3 3 4 0 0
P12526 2011 2 0 0 5 0 0 0 0 0 0 2 0 7 6 0 0 0 0 0 0 0 9 0 0 0 0 0 12 0 -999 -999 -999
P12526 2011 3 0 18 0 0 19 0 0 0 0 12 15 19 19 18 0 42 67 26 16 16 19 0 19 27 0 0 0 0 0 0 0
P12526 2011 4 0 0 0 0 14 12 13 0 0 23 20 22 25 0 0 0 0 0 27 24 0 15 0 0 0 0 0 0 0 0 -999
P12526 2011 5 11 0 12 11 0 0 0 16 0 0 13 12 0 0 0 0 0 0 0 0 0 0 0 0 0 0 0 0 0 27 21
P12526 2011 6 0 10 10 0 0 10 0 14 0 0 0 0 0 26 0 0 0 0 0 12 15 21 0 0 24 21 25 20 16 0 -999
P12526 2011 7 0 10 9 0 0 0 0 0 0 0 0 17 22 0 0 0 0 0 14 17 0 0 0 0 0 0 11 0 0 0 0
P12526 2011 8 0 0 0 0 0 0 0 0 0 0 0 19 0 14 0 0 13 0 17 0 0 0 0 0 0 0 0 0 18 20 0
P12526 2011 9 0 0 0 0 0 0 0 0 25 0 18 0 0 0 0 0 0 0 0 0 0 0 0 12 0 0 7 8 0 15 -999
P12526 2011 10 0 0 16 0 0 0 0 10 12 0 0 14 0 0 0 0 0 0 0 0 13 0 0 0 0 0 0 10 22 29 37
P12526 2011 11 0 15 11 0 20 23 53 0 0 0 0 0 0 7 0 0 0 17 0 0 0 24 34 34 0 10 0 10 0 0 -999
P12526 2011 12 0 0 14 30 0 9 0 0 0 0 0 0 0 0 0 10 13 13 0 18 23 0 15 0 0 17 0 5 0 0 6
P12526 2012 1 16 28 0 0 0 0 0 0 0 0 0 0 4 4 0 0 10 0 0 13 0 10 0 0 0 0 0 0 0 0 8
P12526 2012 2 0 0 28 25 7 0 0 0 4 0 0 0 0 0 0 0 0 0 12 15 23 0 0 0 0 0 6 0 -999 -999 -999
P12526 2012 3 17 32 36 38 26 15 9 6 0 0 0 0 9 10 0 15 0 22 18 0 24 0 14 14 0 0 0 0 0 0 0
P12526 2012 4 0 0 0 0 0 0 17 16 13 12 0 0 28 41 28 24 27 0 25 20 17 15 0 0 27 29 0 25 17 21 -999
P12526 2012 5 0 0 31 0 0 12 0 0 23 0 0 22 26 24 0 17 14 15 0 17 15 16 0 14 26 0 18 0 0 0 0
P12526 2012 6 0 0 0 0 8 0 0 0 30 24 0 0 23 28 0 20 0 0 15 0 0 0 12 0 0 0 0 0 0 0 -999
P12526 2012 7 0 0 0 0 0 0 0 0 0 0 23 26 24 0 0 0 26 0 24 21 0 19 20 22 0 0 15 11 0 19 0
P12526 2012 8 0 0 0 0 0 0 0 0 0 0 0 0 0 14 0 0 0 0 14 0 12 0 0 0 12 0 15 0 0 0 0
P12526 2012 9 0 0 15 13 0 0 21 0 0 0 0 0 0 0 0 0 0 0 0 0 0 0 0 12 19 16 0 0 18 0 -999
P12526 2012 10 15 0 0 0 0 0 0 0 16 17 26 15 0 0 0 11 0 0 0 0 17 23 0 0 0 13 0 11 0 9 13
P12526 2012 11 0 20 26 0 0 5 0 0 0 8 0 0 0 0 0 0 0 0 0 19 0 0 0 6 7 0 9 15 17 0 -999
P12526 2012 12 19 12 13 0 11 24 0 15 9 9 0 0 0 27 23 28 24 24 0 9 0 0 6 5 4 3 0 0 0 0 30
P12526 2013 1 28 15 0 13 0 6 5 5 0 0 0 4 0 0 4 0 0 0 0 0 0 0 0 0 0 0 0 0 0 0 0
P12526 2013 2 3 0 0 4 0 0 3 0 0 0 0 0 0 29 25 13 10 14 20 17 20 19 15 24 22 0 0 3 -999 -999 -999
P12526 2013 3 0 0 6 0 0 0 0 30 29 21 31 27 0 0 10 15 17 0 14 0 0 25 0 0 15 16 19 27 0 40 41
P12526 2013 4 42 0 0 0 17 0 17 0 0 0 0 0 0 20 17 0 14 0 0 12 18 0 16 0 34 23 0 0 0 9 -999
P12526 2013 5 0 13 13 15 17 0 13 26 0 0 25 22 0 14 21 0 0 20 17 19 13 0 0 13 14 0 0 0 0 18 0
P12526 2013 6 0 0 23 17 19 0 23 27 0 0 23 24 27 0 16 0 15 0 0 0 0 0 0 0 20 30 44 0 22 24 -999
P12526 2013 7 18 17 0 14 0 21 27 0 0 0 0 0 0 0 0 0 0 0 0 15 21 0 0 0 0 0 0 0 0 0 0
P12526 2013 8 0 0 0 0 0 0 24 0 0 0 0 0 0 0 0 25 16 0 0 0 10 0 0 0 0 0 0 15 0 22 0
P12526 2013 9 16 0 0 0 0 0 0 0 0 0 0 0 0 0 0 0 0 0 0 0 24 0 0 0 0 0 0 0 0 0 -999
P12526 2013 10 0 0 0 0 0 0 0 0 0 0 20 16 0 0 13 15 22 25 13 9 0 0 0 11 0 0 0 0 0 0 0
P12526 2013 11 0 0 0 0 0 0 0 0 11 10 19 14 0 0 9 0 11 38 62 53 0 0 28 33 0 16 21 26 0 0 -999
P12526 2013 12 7 14 8 16 0 0 0 0 0 0 0 0 7 0 0 0 0 5 4 0 0 0 0 10 0 0 13 0 0 19 0
P12526 2014 1 0 6 5 0 0 0 7 0 11 0 0 5 0 0 0 0 0 2 0 0 0 0 0 0 10 0 0 27 60 53 27
P12526 2014 2 16 17 14 9 0 10 12 22 16 0 8 6 0 0 0 0 0 0 14 0 10 0 0 0 6 0 0 0 -999 -999 -999