precip	MIROC5	RCP60	REGRESION	decimas	1
P1324	37.304	-2.798	182	geo	2006	2100	-1
P1324 2006 1 0 0 0 0 14 16 0 0 0 0 0 36 68 56 22 32 26 29 0 20 0 9 15 0 10 6 8 0 0 27 14
P1324 2006 2 9 24 23 0 0 0 0 0 0 0 10 16 0 34 0 35 0 0 0 26 34 28 0 0 0 0 0 0 -999 -999 -999
P1324 2006 3 0 31 32 39 43 42 47 53 39 0 52 42 29 0 0 0 41 0 35 0 21 20 0 19 23 0 11 0 34 26 39
P1324 2006 4 0 0 0 0 18 0 0 44 34 0 0 0 0 11 10 0 0 0 0 0 0 0 0 12 0 0 32 43 36 31 -999
P1324 2006 5 0 25 0 22 18 0 0 0 0 0 0 0 0 0 0 0 0 0 17 15 0 9 0 0 0 0 0 0 0 0 0
P1324 2006 6 0 0 0 0 0 0 0 0 15 0 0 0 0 0 0 0 0 0 0 0 15 12 0 0 0 0 0 13 0 0 -999
P1324 2006 7 0 0 0 0 0 0 0 0 0 0 0 0 0 0 0 0 0 0 0 0 0 0 0 0 0 0 0 0 0 0 0
P1324 2006 8 0 0 0 0 0 12 0 0 0 0 0 0 0 0 0 0 0 0 0 0 0 0 0 13 0 14 0 0 0 0 0
P1324 2006 9 0 0 0 0 0 0 10 0 14 0 0 9 8 0 0 0 0 0 0 0 0 10 0 0 0 0 10 8 8 0 -999
P1324 2006 10 0 0 0 0 0 0 0 0 0 0 15 0 0 23 0 0 14 0 0 0 0 13 0 0 0 0 0 0 11 0 0
P1324 2006 11 0 13 0 0 0 0 0 0 0 0 0 0 0 0 0 0 0 9 0 8 17 26 0 44 32 20 7 0 0 0 -999
P1324 2006 12 0 0 5 0 0 0 24 28 24 23 25 0 0 0 24 0 0 0 0 12 0 0 32 37 0 21 0 0 12 13 0
P1324 2007 1 9 0 0 4 0 0 0 0 0 0 0 0 0 0 0 0 0 0 0 36 37 0 0 20 35 43 38 0 34 0 28
P1324 2007 2 21 16 0 0 31 29 30 52 74 61 26 0 20 0 16 0 0 29 0 29 29 0 24 21 18 0 0 24 -999 -999 -999
P1324 2007 3 0 28 24 0 30 0 0 24 0 0 23 56 73 49 41 26 19 0 11 0 0 0 20 0 14 0 18 0 13 13 13
P1324 2007 4 7 4 0 0 24 18 0 14 0 0 11 16 29 21 14 10 0 23 25 0 0 38 31 32 31 25 0 15 11 0 -999
P1324 2007 5 7 0 0 0 0 25 0 0 0 0 0 17 24 0 21 0 0 0 0 0 14 0 0 3 0 0 0 0 14 0 0
P1324 2007 6 0 0 20 20 20 0 0 0 0 0 0 0 21 0 0 0 0 11 0 0 0 0 20 17 12 0 16 18 0 0 -999
P1324 2007 7 0 0 0 0 0 0 0 11 0 0 0 0 0 12 0 0 16 0 0 0 0 0 13 0 0 0 0 0 0 0 0
P1324 2007 8 0 0 12 0 0 0 0 0 0 0 11 0 0 0 0 0 0 0 16 15 15 9 0 0 15 0 0 0 0 0 0
P1324 2007 9 0 7 0 0 0 0 0 0 0 0 0 0 0 0 0 0 0 9 0 0 0 0 0 0 0 0 0 0 0 0 -999
P1324 2007 10 0 0 0 0 0 0 0 0 0 17 0 0 22 26 0 0 0 0 0 0 0 0 0 0 0 0 0 15 6 0 0
P1324 2007 11 0 10 0 0 0 9 11 0 0 0 0 0 12 0 0 0 5 0 0 0 0 0 0 11 15 0 20 34 36 0 -999
P1324 2007 12 16 12 0 0 32 30 26 22 0 0 0 0 7 0 8 14 24 30 26 21 0 0 10 0 9 8 0 15 14 10 14
P1324 2008 1 25 25 36 0 30 11 0 0 12 15 16 0 0 21 28 0 24 0 10 0 25 28 0 15 15 0 37 26 17 26 0
P1324 2008 2 44 0 24 0 0 16 0 29 0 0 37 29 13 12 0 0 19 0 37 35 22 15 17 21 0 25 27 31 -999 -999 -999
P1324 2008 3 0 14 0 0 0 0 0 0 0 0 15 13 14 0 0 0 0 0 0 0 0 6 0 0 0 0 0 0 0 0 0
P1324 2008 4 0 12 20 29 31 20 13 0 7 0 0 15 20 0 0 27 23 0 18 14 0 0 12 0 13 13 0 0 21 0 -999
P1324 2008 5 20 0 17 0 25 37 24 20 14 0 0 0 0 23 22 0 0 0 24 32 0 0 26 20 17 21 20 15 0 0 0
P1324 2008 6 17 16 19 0 0 17 0 0 0 0 14 0 0 23 17 10 0 0 0 0 0 0 0 9 0 0 0 0 0 0 -999
P1324 2008 7 0 0 0 0 0 0 0 0 0 0 16 0 0 0 17 0 0 0 0 0 0 0 0 14 0 0 0 0 0 0 0
P1324 2008 8 0 0 0 0 0 0 0 0 0 14 0 0 0 0 0 0 0 0 0 0 0 0 0 0 0 0 0 0 0 10 0
P1324 2008 9 8 0 0 0 15 13 0 0 0 0 0 0 0 13 0 0 0 0 0 0 14 12 0 12 0 15 0 10 19 23 -999
P1324 2008 10 0 0 0 13 0 0 0 19 0 0 0 0 0 19 12 9 10 11 10 0 0 0 0 0 0 15 27 23 28 19 0
P1324 2008 11 17 17 25 28 0 0 0 0 0 20 0 0 0 0 0 0 0 0 0 0 0 0 0 0 0 0 0 7 5 0 -999
P1324 2008 12 0 0 0 0 13 0 0 0 18 23 0 0 16 20 0 0 0 11 0 0 0 0 5 0 0 0 0 0 0 0 0
P1324 2009 1 0 0 0 0 11 16 10 0 0 0 20 22 32 0 27 21 0 0 0 0 0 5 0 0 0 11 6 8 0 7 7
P1324 2009 2 11 0 19 22 31 29 25 0 13 0 0 0 15 0 7 8 6 0 0 0 9 8 14 28 29 23 14 24 -999 -999 -999
P1324 2009 3 59 0 51 34 0 23 14 26 49 51 34 28 0 0 0 29 20 14 0 12 0 0 0 0 0 35 34 43 0 34 0
P1324 2009 4 20 42 40 25 27 40 43 26 0 0 0 30 35 0 0 0 0 0 13 17 0 25 0 16 0 0 0 0 0 24 -999
P1324 2009 5 30 26 0 0 0 0 20 19 0 32 39 27 12 0 7 0 0 0 19 0 22 30 28 19 0 0 0 0 0 0 0
P1324 2009 6 14 0 0 0 0 20 19 0 11 14 0 0 0 9 0 0 0 0 0 0 0 0 0 0 0 0 0 0 0 0 -999
P1324 2009 7 12 0 0 0 0 0 0 0 14 0 0 17 0 13 0 0 10 9 0 0 0 0 0 0 0 0 0 0 0 0 0
P1324 2009 8 0 0 0 0 0 0 10 0 0 0 0 0 0 10 0 0 0 0 0 0 0 12 0 0 0 0 0 16 0 17 15
P1324 2009 9 0 15 0 0 0 0 0 0 0 0 0 0 18 0 0 0 0 0 0 0 0 0 0 0 10 0 0 0 0 0 -999
P1324 2009 10 0 0 12 0 0 0 0 0 0 0 0 0 20 20 20 21 22 25 27 23 19 14 0 0 0 10 0 0 0 0 0
P1324 2009 11 0 0 0 5 0 0 0 0 0 0 5 6 0 0 4 0 0 0 0 0 0 10 12 20 0 23 0 0 0 0 -999
P1324 2009 12 15 0 11 0 12 0 0 30 21 26 0 18 10 0 0 0 0 13 17 17 0 0 0 7 10 0 19 20 0 0 6
P1324 2010 1 0 0 0 38 35 27 22 17 20 0 20 0 13 14 14 20 11 0 0 0 15 0 0 0 0 7 0 0 0 16 19
P1324 2010 2 0 0 0 12 0 34 0 30 0 0 0 0 0 0 0 16 9 12 9 15 9 0 15 0 0 7 0 0 -999 -999 -999
P1324 2010 3 0 0 8 0 0 31 40 41 36 34 29 0 0 0 18 16 0 0 37 44 22 0 0 0 9 8 0 0 0 0 12
P1324 2010 4 0 14 0 0 0 0 0 21 24 30 30 31 34 0 33 44 32 26 17 19 0 24 0 0 34 33 19 13 0 0 -999
P1324 2010 5 0 0 26 0 30 0 0 17 0 19 0 26 23 0 26 28 21 13 0 0 0 12 0 20 22 0 32 0 0 17 19
P1324 2010 6 0 0 20 0 0 15 0 0 0 0 11 0 19 0 13 0 0 0 0 0 13 0 0 0 13 15 14 0 0 0 -999
P1324 2010 7 0 16 0 0 17 0 10 0 0 0 0 13 0 0 0 0 0 0 0 0 0 0 8 0 0 0 0 0 0 0 10
P1324 2010 8 0 0 0 0 0 0 0 0 0 0 0 0 14 0 0 0 0 0 0 0 0 0 0 0 0 0 0 0 0 0 0
P1324 2010 9 13 0 0 0 0 0 0 0 16 22 0 0 0 0 17 0 12 16 0 0 0 0 9 0 10 0 7 0 0 0 -999
P1324 2010 10 0 0 0 0 0 0 0 0 0 0 22 0 0 22 0 0 0 9 0 16 23 28 30 0 0 0 0 0 0 12 0
P1324 2010 11 9 6 8 0 0 3 0 0 0 5 0 0 0 0 0 0 0 0 0 0 0 0 0 0 0 6 0 0 0 0 -999
P1324 2010 12 18 19 13 0 0 22 0 16 0 18 9 10 0 33 21 0 4 6 0 12 0 0 0 0 0 0 0 7 0 0 0
P1324 2011 1 0 0 0 7 0 0 0 6 7 0 0 0 0 0 9 0 0 0 5 0 0 0 44 29 0 6 0 0 8 5 5
P1324 2011 2 0 0 8 0 0 0 0 0 0 0 0 0 0 0 0 10 0 0 0 8 0 0 0 0 0 14 19 0 -999 -999 -999
P1324 2011 3 0 27 0 0 0 0 17 0 0 17 23 0 25 22 32 50 83 47 35 29 32 0 32 46 37 0 0 0 20 0 0
P1324 2011 4 14 0 17 0 15 0 0 0 0 22 0 0 0 0 0 13 0 0 30 0 23 0 0 0 0 10 0 0 0 17 -999
P1324 2011 5 16 20 0 14 0 0 0 0 0 23 13 0 0 0 0 0 0 0 0 0 0 0 0 0 15 0 0 20 23 0 19
P1324 2011 6 0 0 0 11 10 0 0 0 0 0 0 0 0 0 0 18 0 0 0 0 0 0 16 0 16 14 20 0 0 14 -999
P1324 2011 7 0 10 0 0 0 0 15 0 7 0 0 0 0 0 0 0 0 0 0 11 14 0 0 0 0 0 0 0 0 0 0
P1324 2011 8 0 0 0 0 0 0 0 0 0 0 10 0 0 0 0 0 0 0 12 12 0 0 0 0 0 0 6 0 0 0 0
P1324 2011 9 0 0 0 0 0 12 0 0 22 27 17 0 8 10 0 0 0 0 0 4 0 0 0 0 0 0 8 0 0 0 -999
P1324 2011 10 14 0 0 11 0 0 0 0 10 10 10 13 14 12 10 0 0 0 0 0 12 0 0 16 18 12 0 0 0 0 39
P1324 2011 11 24 0 17 16 30 40 56 30 19 0 16 19 0 9 0 13 0 25 13 0 0 33 0 42 28 14 0 0 0 0 -999
P1324 2011 12 0 0 17 0 0 0 0 9 10 0 9 15 0 0 0 0 23 21 22 26 36 0 21 0 12 0 11 0 8 0 0
P1324 2012 1 0 0 0 0 0 0 0 0 0 4 0 0 0 0 0 0 0 0 20 22 21 0 0 10 11 0 0 9 0 16 14
P1324 2012 2 0 0 38 38 19 0 0 0 0 0 0 0 0 0 0 0 6 11 19 29 39 25 0 0 21 22 9 16 -999 -999 -999
P1324 2012 3 30 45 58 53 38 24 18 0 0 5 7 0 15 0 10 0 0 25 0 22 0 19 12 0 0 0 0 0 0 0 0
P1324 2012 4 0 0 0 0 0 0 0 26 23 19 13 20 31 47 42 0 0 36 35 30 30 25 21 24 37 0 41 0 0 24 -999
P1324 2012 5 0 26 27 0 0 0 0 0 0 0 19 0 0 0 23 0 16 17 15 0 0 19 19 15 0 25 23 0 16 0 15
P1324 2012 6 0 0 0 0 0 0 8 0 0 24 21 20 20 0 0 23 11 0 0 0 0 15 0 0 0 0 0 0 0 14 -999
P1324 2012 7 0 0 0 0 0 0 0 0 0 0 0 0 0 13 0 0 15 0 0 0 0 15 0 18 0 14 0 0 0 0 0
P1324 2012 8 0 0 0 0 0 0 0 0 0 0 12 0 0 9 0 0 0 0 0 0 0 9 0 0 0 0 0 14 0 13 9
P1324 2012 9 0 7 9 0 0 0 17 11 0 0 0 0 0 0 0 0 7 0 0 0 0 0 0 10 16 0 0 17 0 0 -999
P1324 2012 10 9 0 0 0 0 0 0 0 0 15 0 0 0 0 0 15 0 0 0 0 17 0 24 18 0 12 0 13 0 0 17
P1324 2012 11 0 0 40 0 10 0 0 0 0 0 23 0 0 3 4 0 0 0 24 26 0 0 0 0 0 10 0 0 22 22 -999
P1324 2012 12 17 0 0 14 0 20 24 20 0 0 12 0 10 0 33 32 29 27 0 0 0 10 0 6 8 0 0 4 0 16 32
P1324 2013 1 39 22 19 17 0 0 0 10 4 3 0 0 0 0 0 6 6 6 0 13 0 5 0 0 0 0 0 0 7 12 0
P1324 2013 2 0 0 0 0 0 0 0 0 0 0 0 0 0 35 0 23 18 21 30 29 0 0 22 30 23 23 8 0 -999 -999 -999
P1324 2013 3 0 0 6 0 0 11 0 41 37 29 38 40 37 0 0 17 0 20 20 21 19 25 26 0 0 0 0 0 0 34 50
P1324 2013 4 40 25 14 16 0 16 19 12 0 5 0 0 0 0 0 0 13 0 0 0 0 27 0 20 0 0 0 0 0 0 -999
P1324 2013 5 0 0 0 15 0 0 0 0 0 26 30 25 14 12 17 0 0 25 0 0 16 5 0 8 0 0 0 0 0 0 0
P1324 2013 6 0 0 19 0 0 0 17 0 27 0 26 24 25 0 19 0 0 20 0 0 0 0 0 11 0 0 0 0 0 20 -999
P1324 2013 7 0 14 15 0 0 0 0 0 0 0 0 0 0 0 0 9 0 0 0 0 0 12 0 0 0 0 0 0 0 0 0
P1324 2013 8 0 0 0 0 0 0 14 0 16 0 14 14 0 0 0 0 0 0 8 0 9 0 0 0 0 0 8 0 0 0 0
P1324 2013 9 0 0 0 0 0 0 0 0 0 0 0 0 0 0 0 8 0 0 12 0 16 0 0 13 0 6 0 0 0 0 -999
P1324 2013 10 0 0 0 0 0 0 0 0 0 0 0 0 0 12 15 19 0 29 0 12 0 0 0 0 13 13 12 11 0 0 0
P1324 2013 11 0 0 0 0 0 0 8 0 22 17 27 25 0 0 0 15 14 40 68 43 20 32 0 40 26 0 29 34 15 9 -999
P1324 2013 12 0 0 16 13 0 3 8 0 0 8 0 0 0 0 8 8 0 0 5 0 0 0 0 0 12 0 0 0 20 20 16
P1324 2014 1 16 0 0 0 0 0 0 0 0 0 0 6 0 0 0 11 5 3 0 7 0 0 6 0 11 16 25 0 66 53 37
P1324 2014 2 0 23 18 11 0 0 0 35 22 24 0 7 0 0 0 0 7 0 18 0 15 0 0 9 0 0 0 24 -999 -999 -999