precip	MIROC5	RCP60	REGRESION	decimas	1
P1379	37.399	-6.440	182	geo	2006	2100	-1
P1379 2006 1 0 9 0 7 8 21 22 0 18 0 0 198 181 25 93 144 118 98 81 11 0 18 15 0 19 0 15 22 0 48 0
P1379 2006 2 0 139 0 0 0 0 0 0 0 0 0 0 0 76 39 0 0 6 22 31 0 0 7 0 4 2 4 13 -999 -999 -999
P1379 2006 3 56 71 133 150 109 125 107 121 0 119 136 0 25 30 47 106 249 215 98 50 71 56 49 30 0 42 36 61 84 53 71
P1379 2006 4 17 0 52 35 0 0 0 0 0 0 0 0 0 0 6 0 18 0 8 0 0 0 0 0 0 0 52 32 31 0 -999
P1379 2006 5 0 24 0 40 38 61 22 0 0 0 0 0 0 21 0 7 0 6 0 15 0 0 0 0 0 0 0 0 20 0 9
P1379 2006 6 0 0 0 0 0 0 0 0 0 0 0 0 0 0 0 0 0 0 0 0 0 0 0 0 0 0 0 0 15 0 -999
P1379 2006 7 0 0 0 0 0 15 0 0 0 0 0 7 0 0 0 0 0 0 0 0 0 0 0 0 0 0 0 0 0 0 0
P1379 2006 8 0 0 0 0 0 0 0 0 0 0 0 0 0 0 0 0 0 0 0 0 0 0 0 0 0 0 0 0 0 0 0
P1379 2006 9 5 0 0 0 0 0 0 0 0 0 0 0 0 0 0 0 0 0 0 0 0 0 0 0 2 0 0 4 6 2 -999
P1379 2006 10 0 0 0 14 15 0 0 0 0 0 34 0 0 0 0 18 0 0 0 0 0 0 0 0 0 12 0 0 0 0 0
P1379 2006 11 0 0 0 23 0 25 65 55 0 0 0 0 0 0 0 5 0 2 0 0 17 0 32 33 0 2 3 0 0 0 -999
P1379 2006 12 0 0 0 0 0 0 33 181 172 103 57 71 0 37 130 172 0 0 0 0 0 63 153 56 64 66 0 56 56 46 0
P1379 2007 1 33 23 0 0 0 0 0 0 0 0 0 1 0 10 0 0 0 0 5 0 0 0 0 0 0 0 0 8 0 0 15
P1379 2007 2 0 9 10 0 5 8 44 171 243 133 24 24 6 6 12 0 44 66 39 0 57 0 33 32 50 55 0 34 -999 -999 -999
P1379 2007 3 0 49 30 122 0 34 0 0 0 0 0 48 40 64 25 9 21 16 0 0 0 0 0 4 6 6 11 0 0 0 0
P1379 2007 4 0 0 0 0 0 8 0 0 0 0 0 0 58 0 0 0 0 60 66 0 40 0 21 39 0 6 0 0 0 0 -999
P1379 2007 5 0 0 0 0 0 0 10 0 0 0 0 0 0 27 21 0 0 0 28 17 0 0 0 0 0 0 0 0 0 0 0
P1379 2007 6 22 0 0 0 0 0 0 0 0 0 0 0 22 0 0 0 0 0 0 0 0 0 0 11 0 20 0 0 0 14 -999
P1379 2007 7 13 15 15 0 0 0 0 0 0 0 0 0 10 0 0 0 0 0 0 0 0 0 0 0 0 0 0 0 0 0 0
P1379 2007 8 0 0 0 0 0 0 0 0 0 0 0 0 0 0 0 0 0 0 0 0 0 0 0 0 0 22 28 0 0 0 0
P1379 2007 9 0 0 0 0 0 0 0 0 0 0 0 0 0 0 0 0 0 0 0 0 0 0 0 0 19 0 0 0 0 0 -999
P1379 2007 10 0 0 0 0 0 0 0 0 0 0 0 0 55 55 18 0 59 77 9 0 0 0 54 43 0 0 0 0 0 0 0
P1379 2007 11 0 0 0 0 0 5 0 0 27 39 0 46 0 19 0 0 0 0 0 0 3 0 1 0 0 0 0 13 0 0 -999
P1379 2007 12 0 0 0 19 11 0 0 17 0 0 0 0 0 3 4 0 72 47 0 0 0 0 18 22 0 0 0 15 0 0 0
P1379 2008 1 10 0 0 33 10 0 0 0 0 6 0 8 22 57 51 72 0 0 21 29 0 102 39 0 66 181 237 0 77 0 141
P1379 2008 2 256 55 139 47 38 59 74 107 0 0 93 13 18 19 45 54 72 81 64 106 0 0 16 21 25 26 38 0 -999 -999 -999
P1379 2008 3 0 0 8 7 0 0 0 0 0 0 0 0 0 0 0 0 0 0 0 0 0 0 0 0 0 0 0 0 0 0 1
P1379 2008 4 0 0 0 0 0 0 0 0 0 0 0 0 0 0 88 0 28 0 0 0 9 0 0 0 0 0 0 0 0 0 -999
P1379 2008 5 0 8 0 0 0 0 0 0 0 0 52 26 0 0 22 0 0 0 0 0 26 49 63 12 0 7 0 0 0 0 0
P1379 2008 6 0 0 0 0 16 24 0 0 0 0 0 0 14 42 9 7 0 0 0 0 0 0 0 0 0 0 0 0 0 0 -999
P1379 2008 7 0 0 0 0 0 0 0 0 0 0 0 0 0 0 0 0 0 0 0 0 0 0 0 0 0 0 0 0 0 0 0
P1379 2008 8 0 0 3 0 0 0 0 0 0 0 0 0 0 0 0 0 0 0 0 0 0 0 0 0 0 0 0 0 0 0 4
P1379 2008 9 0 0 0 0 0 0 0 0 0 0 32 0 0 24 10 0 0 14 0 0 0 0 0 20 0 12 0 0 0 24 -999
P1379 2008 10 0 14 0 0 0 0 0 0 2 0 0 0 30 9 0 0 0 0 0 0 0 0 0 24 0 0 30 18 11 0 13
P1379 2008 11 12 2 0 0 0 2 0 0 0 2 14 0 0 0 0 0 0 31 0 0 0 0 0 0 0 0 0 0 0 0 -999
P1379 2008 12 0 0 0 0 0 0 0 0 5 20 23 0 4 12 4 3 11 0 6 2 0 0 10 13 25 31 28 22 0 0 0
P1379 2009 1 0 0 0 0 0 0 0 0 0 0 1 8 8 0 0 0 0 1 0 0 0 0 0 0 0 0 0 0 0 0 0
P1379 2009 2 0 0 0 0 7 0 0 1 1 0 2 0 0 0 0 0 0 0 0 0 0 0 0 1 0 8 0 0 -999 -999 -999
P1379 2009 3 32 50 50 35 0 7 12 65 45 0 0 0 0 0 21 0 71 60 31 0 0 7 0 0 28 88 86 100 115 0 25
P1379 2009 4 0 0 12 22 0 54 0 7 0 5 0 0 0 0 0 0 3 7 5 0 0 0 0 3 0 3 11 27 0 0 -999
P1379 2009 5 32 38 14 0 29 0 0 0 0 36 18 10 0 0 0 0 0 0 0 25 0 0 0 24 0 0 0 0 0 0 0
P1379 2009 6 0 0 0 0 0 0 0 0 0 0 0 0 0 0 0 0 0 0 0 0 0 0 0 0 0 0 0 0 0 0 -999
P1379 2009 7 0 0 0 0 0 0 0 0 0 26 0 0 0 0 0 0 0 0 0 0 0 0 0 0 0 0 0 0 0 0 0
P1379 2009 8 0 0 0 0 0 0 0 0 0 0 0 0 0 0 0 0 0 0 0 0 0 0 30 0 0 0 0 0 0 0 27
P1379 2009 9 0 0 0 0 0 0 0 0 0 0 0 0 9 0 0 0 0 0 0 0 0 0 0 0 6 7 6 0 0 0 -999
P1379 2009 10 6 0 0 0 0 0 0 0 0 0 0 17 0 17 22 28 25 0 0 10 16 0 22 43 17 0 0 0 0 0 0
P1379 2009 11 0 0 0 0 0 0 0 0 0 0 4 0 0 0 0 0 0 0 0 0 0 31 72 44 3 0 2 7 0 29 -999
P1379 2009 12 11 22 0 20 50 37 77 13 27 68 0 0 0 0 0 0 23 61 25 0 0 0 13 22 49 88 96 98 0 9 21
P1379 2010 1 0 29 0 116 41 18 0 18 31 0 0 0 22 8 13 10 0 0 0 29 26 0 0 0 0 0 0 0 0 0 0
P1379 2010 2 0 18 0 0 0 11 0 0 0 0 0 1 0 0 0 0 0 0 0 0 0 0 0 0 0 0 2 0 -999 -999 -999
P1379 2010 3 0 0 6 0 13 0 32 46 123 92 0 22 0 0 11 0 14 35 67 14 0 0 0 0 0 0 0 0 0 0 8
P1379 2010 4 0 55 67 0 0 0 0 0 53 36 0 0 14 17 83 35 0 0 8 39 19 0 0 0 16 0 2 0 16 0 -999
P1379 2010 5 8 0 25 0 0 0 0 0 9 0 0 16 0 0 12 0 0 13 0 0 3 0 0 0 0 49 0 0 16 0 0
P1379 2010 6 9 23 0 0 9 0 0 0 0 0 0 0 0 0 0 0 0 0 0 6 0 0 0 0 0 0 0 0 10 0 -999
P1379 2010 7 0 0 0 0 0 0 0 0 14 0 0 0 0 0 0 0 0 0 0 0 0 0 0 0 0 0 0 0 0 0 0
P1379 2010 8 0 0 0 0 0 0 0 0 0 0 0 0 0 0 0 0 0 0 0 0 0 0 0 0 0 0 0 0 0 0 0
P1379 2010 9 0 0 0 0 0 0 0 0 0 0 0 0 9 0 0 0 0 0 0 0 0 0 0 0 27 0 0 0 0 0 -999
P1379 2010 10 0 0 0 0 0 0 0 0 37 53 0 25 0 37 14 7 0 0 0 0 0 0 0 0 0 0 0 0 0 7 0
P1379 2010 11 0 0 6 8 0 0 0 0 0 0 0 0 0 0 0 0 0 5 0 5 0 0 0 0 0 0 0 0 0 0 -999
P1379 2010 12 0 0 0 5 0 0 15 18 19 10 0 30 50 30 0 0 0 0 0 0 0 0 0 0 0 0 0 0 0 0 0
P1379 2011 1 0 0 10 16 0 10 0 0 0 10 0 0 0 11 33 22 0 0 0 0 0 14 0 8 10 0 0 0 0 0 6
P1379 2011 2 0 0 0 29 32 38 30 0 0 0 0 0 0 0 0 0 0 0 0 0 0 60 25 0 0 0 0 63 -999 -999 -999
P1379 2011 3 88 64 0 0 11 0 0 0 0 0 0 0 0 0 54 126 113 28 18 29 19 37 86 228 50 0 0 117 0 0 0
P1379 2011 4 0 0 16 0 0 0 0 22 0 0 0 0 0 0 0 0 0 72 25 31 0 0 0 0 0 0 0 0 0 0 -999
P1379 2011 5 0 9 0 0 0 0 0 0 0 0 0 0 0 0 0 0 0 0 0 0 25 0 0 10 0 0 0 0 10 0 0
P1379 2011 6 0 0 0 0 0 0 0 0 0 0 0 19 0 0 0 0 0 0 0 0 0 0 0 0 5 11 0 0 0 0 -999
P1379 2011 7 0 0 0 0 0 0 0 0 0 0 0 0 0 0 0 0 0 0 0 0 0 0 0 0 0 0 0 0 0 0 0
P1379 2011 8 0 0 0 0 0 0 0 0 0 0 0 0 0 0 0 0 0 9 0 0 0 0 0 0 0 4 5 0 0 0 0
P1379 2011 9 0 0 0 0 0 0 0 0 0 0 4 0 0 0 0 0 0 0 0 0 0 0 0 0 0 0 0 0 0 0 -999
P1379 2011 10 0 0 11 0 0 0 0 0 0 15 0 0 0 26 0 0 0 0 0 0 0 27 11 0 12 0 0 0 0 30 0
P1379 2011 11 0 0 0 14 50 64 41 0 0 0 10 9 7 0 9 0 54 32 0 0 0 54 0 0 0 11 10 20 2 0 -999
P1379 2011 12 13 35 29 0 4 9 0 0 0 0 0 23 0 0 0 48 0 56 0 65 76 35 43 0 43 0 17 0 22 0 0
P1379 2012 1 106 0 0 0 0 0 0 0 0 0 0 0 0 0 0 0 0 0 0 0 7 0 2 5 0 0 12 28 44 45 0
P1379 2012 2 0 0 44 16 9 14 13 0 0 0 0 0 0 0 0 0 0 20 45 52 21 14 10 0 0 0 0 6 -999 -999 -999
P1379 2012 3 18 55 0 0 17 0 0 0 0 0 0 2 0 0 0 0 0 0 0 0 44 0 21 0 0 0 0 0 0 0 0
P1379 2012 4 0 0 0 0 0 0 15 12 2 0 0 0 11 54 62 0 0 13 5 7 0 10 0 50 0 0 99 82 59 31 -999
P1379 2012 5 0 0 0 0 0 0 0 11 0 17 19 0 0 30 23 0 0 0 0 0 8 12 0 0 0 14 0 0 5 0 3
P1379 2012 6 0 0 0 0 0 0 0 0 0 0 0 11 18 21 31 0 0 0 0 0 0 0 4 0 0 0 0 12 0 0 -999
P1379 2012 7 0 0 0 0 0 0 0 0 0 0 0 0 0 0 0 0 0 0 0 0 0 0 0 0 0 0 0 0 0 0 0
P1379 2012 8 0 0 0 0 0 0 0 0 0 0 10 0 0 0 0 0 0 0 0 0 0 0 0 0 6 0 0 0 0 6 5
P1379 2012 9 0 0 0 0 0 0 0 0 0 0 0 0 0 0 0 0 0 0 0 0 0 0 0 22 0 0 0 0 0 0 -999
P1379 2012 10 0 0 0 0 0 0 0 0 0 0 72 0 4 0 0 0 0 48 0 20 35 0 27 0 0 13 0 0 0 26 12
P1379 2012 11 22 45 34 5 10 20 6 0 0 21 0 0 0 0 0 0 0 59 88 42 0 0 0 0 0 0 0 37 62 0 -999
P1379 2012 12 0 0 0 18 0 164 101 85 0 0 0 0 54 129 84 0 47 19 0 0 0 0 0 19 0 0 0 0 0 15 0
P1379 2013 1 17 20 28 64 18 7 0 11 3 0 0 0 0 0 0 0 0 0 0 0 0 0 0 0 0 0 4 13 0 36 9
P1379 2013 2 0 0 0 0 0 0 0 0 0 0 0 0 0 70 25 8 0 97 109 75 55 60 67 87 41 0 0 0 -999 -999 -999
P1379 2013 3 0 0 0 0 0 7 27 35 26 109 163 187 84 21 0 44 46 44 48 0 27 80 64 48 42 0 0 57 52 51 76
P1379 2013 4 0 0 0 29 15 10 15 0 0 0 0 0 0 0 0 0 0 0 9 0 0 0 0 30 66 0 0 0 0 0 -999
P1379 2013 5 0 0 0 0 7 0 0 37 0 34 29 0 0 0 0 26 0 21 17 0 0 0 0 0 0 0 0 0 0 0 0
P1379 2013 6 0 0 28 0 0 0 0 0 0 0 40 32 0 0 0 0 10 0 0 0 0 0 0 0 0 0 21 18 20 0 -999
P1379 2013 7 0 0 0 0 0 0 0 0 0 0 0 0 0 0 0 0 0 0 0 0 0 0 0 0 0 0 0 0 0 0 0
P1379 2013 8 0 0 0 0 12 0 0 19 0 0 0 7 0 0 12 0 0 0 0 0 0 0 0 0 0 0 0 0 20 12 34
P1379 2013 9 17 0 0 0 0 0 0 0 0 0 0 0 0 0 0 0 0 0 0 0 0 0 0 0 0 0 0 0 0 0 -999
P1379 2013 10 0 0 0 0 0 0 0 0 8 22 0 0 9 0 5 0 0 20 7 0 0 0 0 0 0 0 0 5 0 0 0
P1379 2013 11 0 0 0 0 0 0 0 10 0 3 0 6 1 5 2 0 0 216 234 57 135 196 197 63 0 124 45 17 5 0 -999
P1379 2013 12 16 48 20 10 0 0 0 0 0 0 0 0 22 26 36 21 9 0 4 0 12 24 32 84 26 0 34 21 77 28 0
P1379 2014 1 24 0 0 0 30 36 0 36 0 0 7 0 0 0 51 11 0 0 0 0 0 0 0 20 29 0 100 106 168 125 39
P1379 2014 2 18 0 17 33 49 106 43 97 0 45 0 9 0 0 0 0 0 0 11 4 0 5 17 0 0 0 0 45 -999 -999 -999