precip	MIROC5	RCP60	REGRESION	decimas	1
P12547	41.237	0.188	182	geo	2006	2100	-1
P12547 2006 1 0 0 11 0 0 0 6 0 0 0 0 0 35 37 0 13 0 10 22 10 0 0 0 12 0 0 0 0 0 0 10
P12547 2006 2 0 0 21 0 0 0 0 0 0 0 0 0 0 18 24 31 0 0 0 11 0 0 14 14 0 0 0 0 -999 -999 -999
P12547 2006 3 7 0 19 21 19 0 31 44 0 20 39 43 0 18 0 21 28 23 0 11 0 0 0 0 0 10 0 0 19 11 30
P12547 2006 4 18 0 0 11 0 9 10 37 33 0 0 0 0 0 0 10 0 0 0 18 0 5 0 0 0 20 40 55 47 30 -999
P12547 2006 5 0 19 17 15 0 0 0 0 0 0 0 0 0 22 0 10 17 17 9 0 5 0 0 0 0 0 0 0 14 0 0
P12547 2006 6 0 0 0 14 0 0 0 0 0 0 21 0 0 0 13 0 0 21 0 0 12 0 0 0 0 0 0 18 17 23 -999
P12547 2006 7 28 0 0 0 16 0 0 26 0 0 0 0 0 17 0 0 0 0 0 0 0 0 19 0 0 0 0 0 0 0 0
P12547 2006 8 22 21 0 0 0 0 0 0 0 0 0 0 0 22 0 12 0 0 0 0 0 0 0 0 16 0 0 0 0 0 0
P12547 2006 9 0 0 0 0 0 0 11 10 0 0 24 0 0 0 0 13 0 0 25 0 0 0 0 0 25 17 0 0 0 0 -999
P12547 2006 10 6 0 0 0 0 0 0 14 14 11 0 16 18 0 28 29 0 0 0 0 0 10 0 0 0 0 0 0 4 0 0
P12547 2006 11 0 0 7 0 0 0 0 0 0 9 0 0 0 0 0 0 0 0 0 4 12 0 16 36 20 0 0 0 0 0 -999
P12547 2006 12 0 6 0 11 0 0 17 0 0 0 0 27 0 21 14 0 16 0 0 0 0 15 0 32 10 0 0 6 5 6 0
P12547 2007 1 5 0 0 0 0 0 0 0 0 0 0 0 0 0 0 0 0 0 17 26 0 0 0 9 0 30 26 15 16 0 10
P12547 2007 2 7 4 7 15 13 16 13 31 59 39 0 18 19 12 10 0 9 14 19 17 25 0 0 0 0 0 10 15 -999 -999 -999
P12547 2007 3 13 0 0 0 21 20 0 0 0 0 0 24 44 24 0 0 0 0 6 12 0 18 0 0 0 0 0 0 0 0 0
P12547 2007 4 0 0 0 0 19 0 0 4 0 0 7 0 22 0 0 9 0 0 21 0 22 29 22 18 19 0 0 0 0 0 -999
P12547 2007 5 0 0 6 0 17 16 20 0 0 0 0 23 38 37 20 13 0 21 23 25 19 0 0 0 0 9 0 0 0 10 0
P12547 2007 6 29 29 0 20 21 28 0 0 0 0 0 0 28 32 27 0 0 0 0 0 19 11 23 18 0 0 20 0 28 29 -999
P12547 2007 7 0 0 24 35 23 15 0 0 0 0 26 27 23 0 8 0 0 31 35 0 0 0 20 0 0 0 19 23 0 0 0
P12547 2007 8 16 0 0 23 19 0 0 10 0 0 0 21 0 0 0 11 0 18 0 22 0 0 0 0 23 27 0 0 0 0 0
P12547 2007 9 0 0 0 0 0 0 0 0 0 0 0 0 0 0 0 20 10 7 0 0 0 0 0 0 0 0 0 0 0 0 -999
P12547 2007 10 5 0 0 0 0 0 0 0 0 0 0 27 24 0 0 5 0 0 0 0 0 22 0 0 0 0 0 0 0 0 0
P12547 2007 11 0 4 0 0 0 7 0 3 0 0 12 17 0 0 0 0 0 0 0 0 0 7 0 4 8 0 0 0 0 30 -999
P12547 2007 12 20 0 0 22 38 41 30 0 0 0 0 0 0 0 0 0 0 16 0 0 0 0 0 0 4 0 0 0 0 0 0
P12547 2008 1 7 6 19 17 13 0 0 0 29 0 16 0 12 11 18 11 0 0 0 0 9 0 8 0 0 0 9 11 0 9 12
P12547 2008 2 18 13 0 14 0 8 11 0 0 24 20 18 3 0 0 0 0 15 44 10 6 0 0 25 35 32 38 0 -999 -999 -999
P12547 2008 3 80 0 0 0 0 0 0 0 0 0 0 0 11 0 0 0 0 0 0 0 0 0 0 0 6 0 4 0 0 0 0
P12547 2008 4 0 0 0 15 28 0 0 0 5 0 0 0 16 0 0 28 0 21 0 0 0 0 0 0 0 0 0 0 0 28 -999
P12547 2008 5 21 14 0 8 15 35 0 0 0 0 24 0 0 0 0 20 0 0 16 0 0 22 19 0 0 0 17 0 0 0 0
P12547 2008 6 0 0 0 0 0 0 0 0 12 17 0 20 0 20 16 0 0 0 0 0 0 0 0 0 12 0 0 21 0 19 -999
P12547 2008 7 0 0 0 0 0 0 0 26 0 24 0 0 0 0 26 15 12 0 12 0 0 0 0 0 0 0 0 0 0 18 23
P12547 2008 8 24 29 0 15 0 0 0 0 0 23 0 0 0 0 0 0 11 0 0 0 0 0 0 0 0 0 0 12 11 0 0
P12547 2008 9 8 0 0 14 20 15 0 0 0 16 0 0 0 0 8 0 0 12 14 0 0 0 0 0 0 0 11 0 14 17 -999
P12547 2008 10 0 0 0 0 0 0 0 0 0 0 0 21 0 20 0 0 0 0 0 16 17 0 0 0 0 10 17 10 0 19 11
P12547 2008 11 0 21 25 25 0 0 0 0 0 0 0 0 0 0 0 0 0 0 0 0 0 0 0 0 0 0 0 0 0 0 -999
P12547 2008 12 0 0 0 0 0 0 17 0 0 0 19 11 0 9 13 7 5 0 0 0 0 0 0 0 0 0 0 0 0 0 0
P12547 2009 1 0 0 0 0 0 6 0 0 0 6 0 16 24 0 0 0 0 0 0 0 0 0 0 0 0 0 3 0 4 0 0
P12547 2009 2 0 0 0 10 0 9 17 0 0 3 0 0 6 0 0 0 0 0 0 0 0 0 0 0 9 11 0 10 -999 -999 -999
P12547 2009 3 26 41 28 0 5 5 0 11 32 35 0 0 0 0 0 14 0 4 0 0 0 0 0 0 0 25 17 0 15 0 0
P12547 2009 4 0 39 53 0 0 31 35 8 0 4 0 0 31 25 18 0 0 0 0 20 0 0 0 0 0 0 0 0 0 0 -999
P12547 2009 5 39 36 15 17 0 0 13 0 0 0 33 15 0 0 0 0 0 0 0 0 43 48 0 29 23 0 12 0 0 0 0
P12547 2009 6 0 15 13 12 21 21 21 0 0 15 0 10 11 14 22 31 33 20 0 0 0 0 0 0 0 0 15 0 0 0 -999
P12547 2009 7 0 0 17 0 0 0 24 0 0 32 33 0 28 0 0 11 0 0 15 0 20 0 19 0 0 19 0 15 0 0 0
P12547 2009 8 0 0 0 0 0 0 18 0 0 21 0 0 0 0 0 5 0 0 0 0 0 0 23 0 0 0 9 0 0 0 19
P12547 2009 9 0 17 4 0 0 0 0 12 14 0 0 25 22 13 19 0 22 0 0 0 0 0 0 15 0 0 0 0 0 0 -999
P12547 2009 10 0 17 21 0 11 10 0 0 0 0 11 0 10 7 8 0 0 0 30 0 0 0 0 0 8 0 7 0 0 0 0
P12547 2009 11 0 3 5 0 0 0 11 11 0 4 0 0 0 0 4 0 0 0 0 0 0 0 0 0 0 22 0 9 0 9 -999
P12547 2009 12 7 0 0 0 3 11 31 0 0 0 21 0 0 0 0 0 0 0 17 0 0 0 0 0 6 16 0 0 12 5 0
P12547 2010 1 0 0 0 0 0 17 14 0 0 11 10 0 0 9 0 12 0 0 0 0 0 0 0 0 0 0 7 0 0 11 0
P12547 2010 2 0 0 0 6 0 21 22 16 0 0 0 8 0 5 0 0 5 4 0 0 0 0 0 15 0 0 0 0 -999 -999 -999
P12547 2010 3 0 0 0 0 0 0 27 25 23 20 19 12 0 0 0 0 6 0 16 51 0 9 0 0 0 6 0 0 0 5 0
P12547 2010 4 0 0 11 12 12 0 0 27 23 0 0 0 34 0 30 43 25 18 0 0 21 23 14 4 27 24 7 0 0 28 -999
P12547 2010 5 17 0 0 24 0 20 0 0 0 16 26 0 21 19 0 26 24 12 0 0 0 14 0 12 0 33 30 19 0 0 18
P12547 2010 6 25 0 21 0 0 0 0 0 0 0 0 27 37 0 0 24 0 0 13 15 0 0 9 0 0 0 20 23 30 25 -999
P12547 2010 7 0 0 18 18 0 0 0 0 22 21 0 0 0 9 0 14 0 0 0 0 0 0 17 0 0 0 0 0 0 0 16
P12547 2010 8 0 24 0 0 0 13 14 0 0 23 0 0 17 12 0 0 0 0 16 0 0 0 0 0 0 0 0 0 4 5 0
P12547 2010 9 0 0 15 0 10 0 0 0 0 37 0 0 36 27 0 0 0 0 12 0 0 0 17 17 16 0 0 0 0 0 -999
P12547 2010 10 0 0 0 0 0 0 0 0 12 11 0 6 10 15 9 10 11 0 0 13 0 28 0 0 0 0 4 0 0 6 0
P12547 2010 11 0 0 0 0 0 0 0 6 0 0 5 0 0 0 0 0 0 0 0 0 2 0 0 0 9 0 0 0 0 0 -999
P12547 2010 12 0 0 0 0 0 0 7 4 6 0 0 0 0 25 20 0 0 4 0 0 0 0 0 4 0 0 0 0 0 0 0
P12547 2011 1 0 0 0 0 0 0 0 0 0 0 0 0 0 8 0 0 4 0 0 0 0 0 0 15 0 1 0 0 0 0 0
P12547 2011 2 0 0 2 0 0 0 0 0 0 0 2 4 0 0 0 0 0 0 0 0 0 0 0 0 0 0 11 25 -999 -999 -999
P12547 2011 3 24 0 0 0 24 0 0 0 0 6 0 0 0 0 17 0 54 20 10 11 14 0 13 17 17 8 12 25 18 0 13
P12547 2011 4 20 21 0 18 0 0 0 0 0 0 15 0 24 27 0 0 0 0 0 0 0 0 0 0 0 4 0 0 0 14 -999
P12547 2011 5 0 12 10 0 13 0 0 0 22 30 0 0 0 0 0 13 0 0 0 0 0 28 0 0 0 19 24 0 31 36 0
P12547 2011 6 12 0 8 5 0 0 0 0 0 0 28 0 25 28 23 19 0 0 0 0 0 23 24 0 28 22 29 21 0 17 -999
P12547 2011 7 0 6 0 0 0 18 0 0 0 0 0 0 0 0 0 0 0 0 0 0 27 0 0 0 0 0 0 8 17 24 0
P12547 2011 8 0 0 17 13 0 0 0 0 0 0 0 0 0 0 14 0 0 0 0 0 0 0 0 0 0 0 0 0 0 17 26
P12547 2011 9 36 0 0 0 14 0 9 0 21 32 17 12 0 8 0 0 0 0 0 10 0 0 0 0 0 5 0 0 0 0 -999
P12547 2011 10 15 0 18 0 0 0 11 11 0 0 0 0 0 0 0 0 0 0 0 0 0 15 18 0 0 0 0 6 0 0 43
P12547 2011 11 0 0 0 0 13 18 58 46 0 0 0 17 0 10 7 0 0 0 0 0 0 23 40 34 0 0 0 0 9 0 -999
P12547 2011 12 0 0 0 35 0 0 7 0 0 0 4 0 0 0 0 6 0 8 12 14 18 0 9 0 0 14 0 0 0 0 0
P12547 2012 1 0 0 0 0 0 0 0 0 0 0 0 0 5 0 3 0 0 0 16 18 20 0 0 0 0 0 0 9 0 0 0
P12547 2012 2 0 0 24 20 0 0 0 0 0 0 0 0 0 0 0 0 0 0 0 0 18 0 0 0 7 22 0 0 -999 -999 -999
P12547 2012 3 11 23 33 46 0 11 0 0 0 0 0 0 0 0 0 0 19 20 0 20 0 19 0 13 0 0 0 0 0 0 0
P12547 2012 4 0 0 14 0 0 0 13 0 0 0 5 0 32 37 26 19 22 23 0 18 0 14 0 21 27 33 37 33 15 18 -999
P12547 2012 5 22 23 35 20 0 0 0 0 25 20 14 0 21 0 20 15 12 12 0 15 0 0 14 0 22 27 17 15 0 0 6
P12547 2012 6 0 0 0 0 0 0 0 0 30 23 21 0 0 30 28 17 0 0 0 16 0 17 0 0 0 0 0 0 24 28 -999
P12547 2012 7 12 0 0 13 0 0 0 0 0 22 22 0 24 16 13 0 0 48 0 19 18 0 18 23 0 28 13 8 0 0 20
P12547 2012 8 16 0 0 0 0 0 0 0 0 0 0 0 0 0 0 0 20 0 14 0 0 0 0 0 0 0 0 0 0 0 0
P12547 2012 9 0 0 0 0 0 14 24 15 0 9 0 0 19 0 8 0 0 15 15 0 0 0 0 0 0 0 12 13 19 0 -999
P12547 2012 10 15 0 10 0 7 0 0 0 0 15 27 14 5 0 0 8 9 0 9 0 0 0 0 12 0 12 14 10 0 0 0
P12547 2012 11 0 0 0 33 0 0 0 0 0 0 0 18 0 0 0 0 0 0 17 22 11 11 0 0 0 0 0 0 0 19 -999
P12547 2012 12 0 0 0 0 0 0 35 14 0 0 0 0 9 22 17 21 20 23 0 6 0 7 5 0 0 0 0 0 0 0 20
P12547 2013 1 27 0 0 0 5 0 0 0 0 0 0 2 0 0 0 0 0 0 0 0 0 0 0 0 0 0 0 0 0 4 0
P12547 2013 2 0 0 0 0 0 0 0 0 0 0 0 0 10 22 17 7 0 0 14 0 0 13 0 15 0 11 0 0 -999 -999 -999
P12547 2013 3 0 0 0 0 0 0 0 0 0 0 22 21 22 0 7 0 0 0 0 12 0 23 0 0 0 0 0 0 0 42 43
P12547 2013 4 61 34 0 8 14 0 12 0 0 0 0 0 0 0 0 17 0 0 14 9 15 0 0 13 34 29 0 0 8 0 -999
P12547 2013 5 0 0 0 14 15 8 0 27 0 24 22 0 13 0 19 31 30 19 0 17 0 0 0 12 0 0 0 0 0 19 0
P12547 2013 6 22 0 20 15 0 0 0 25 40 34 0 24 26 22 0 0 13 16 0 8 0 11 0 12 16 0 0 32 0 0 -999
P12547 2013 7 0 0 0 0 0 0 0 32 0 0 0 0 0 0 0 0 0 9 0 0 0 0 0 0 0 0 19 0 0 0 0
P12547 2013 8 18 0 0 31 35 36 27 28 19 0 0 20 0 8 12 27 0 0 0 0 0 0 16 21 0 0 0 0 23 0 0
P12547 2013 9 0 17 28 12 0 0 0 0 0 0 0 0 0 0 0 0 0 0 17 15 0 0 0 16 0 0 0 0 0 0 -999
P12547 2013 10 0 0 0 0 0 0 0 13 0 14 0 0 14 0 12 0 0 22 0 0 0 0 4 0 0 0 0 8 0 0 0
P12547 2013 11 0 0 0 0 0 6 0 0 0 0 0 12 0 0 0 0 0 0 58 49 0 12 18 25 25 0 0 26 0 0 -999
P12547 2013 12 0 8 0 0 3 0 0 0 0 10 12 0 0 6 5 0 5 0 0 0 0 8 0 0 0 0 0 0 0 19 13
P12547 2014 1 10 0 0 0 0 6 0 0 0 0 0 0 1 0 3 0 1 0 0 0 0 6 5 0 0 13 16 21 61 48 23
P12547 2014 2 12 14 0 0 0 0 0 21 13 8 0 0 0 3 0 0 0 0 0 0 7 0 6 0 0 0 0 26 -999 -999 -999