precip	MIROC5	RCP60	REGRESION	decimas	1
P13610	41.734	-4.057	182	geo	2006	2100	-1
P13610 2006 1 0 6 6 6 0 0 0 0 0 0 14 52 120 0 34 67 0 53 26 13 5 0 17 0 8 0 12 0 21 24 0
P13610 2006 2 0 35 27 17 7 5 0 0 0 0 0 16 20 22 21 19 16 10 21 24 15 0 9 7 5 0 6 10 -999 -999 -999
P13610 2006 3 26 42 55 74 69 0 69 63 43 29 40 0 0 21 0 41 71 71 60 33 39 28 28 23 24 27 0 0 43 34 38
P13610 2006 4 0 31 25 27 17 10 0 0 6 0 0 0 0 0 0 0 0 0 0 0 0 0 7 0 20 0 42 36 23 21 -999
P13610 2006 5 20 23 18 27 23 36 0 11 9 0 0 14 0 0 0 0 0 12 16 18 0 0 8 8 0 0 0 0 21 16 12
P13610 2006 6 0 0 10 0 0 10 12 0 0 0 0 20 0 0 0 0 0 0 13 0 0 0 0 15 0 0 0 17 0 25 -999
P13610 2006 7 20 0 0 10 13 0 0 0 0 0 0 0 23 0 0 0 0 0 0 0 0 14 0 0 0 0 0 0 0 0 0
P13610 2006 8 0 0 0 9 0 0 0 0 0 0 12 0 0 0 0 11 0 0 0 0 17 0 0 0 0 0 0 0 0 0 17
P13610 2006 9 0 0 0 0 0 0 0 0 19 16 0 0 11 11 0 22 0 0 0 0 0 15 0 0 8 8 0 0 0 11 -999
P13610 2006 10 0 0 0 0 10 0 0 10 13 0 0 0 19 0 21 0 0 0 0 0 0 0 0 0 19 18 0 0 16 13 13
P13610 2006 11 17 0 0 10 0 11 0 23 10 0 0 0 0 0 0 0 0 4 0 10 14 15 0 25 0 8 4 0 0 0 -999
P13610 2006 12 1 0 2 0 0 0 12 0 34 0 17 18 0 19 39 57 0 0 0 6 14 34 65 35 36 33 22 19 23 19 0
P13610 2007 1 12 15 10 0 0 0 0 0 0 0 0 0 0 0 0 0 0 0 0 0 4 3 0 9 13 0 0 19 20 0 11
P13610 2007 2 8 12 21 20 11 9 17 53 108 75 25 17 0 0 11 6 11 22 16 17 19 0 30 0 26 24 24 22 -999 -999 -999
P13610 2007 3 0 0 19 29 35 21 12 10 11 7 15 32 0 57 31 0 19 14 0 24 15 18 0 0 0 0 9 4 4 3 0
P13610 2007 4 0 0 0 0 8 18 5 0 0 0 0 25 40 14 0 14 0 0 35 26 20 0 26 23 13 13 0 0 0 0 -999
P13610 2007 5 0 0 0 21 40 18 0 0 0 0 20 0 0 21 18 0 0 20 22 13 7 0 0 0 0 0 0 0 0 9 14
P13610 2007 6 0 0 0 0 0 0 0 0 0 0 0 0 0 0 10 0 0 0 11 0 0 11 0 0 0 0 20 18 0 18 -999
P13610 2007 7 0 0 0 0 0 0 0 0 0 0 26 0 15 0 0 0 27 0 19 19 17 0 0 0 0 0 23 0 0 11 0
P13610 2007 8 0 0 0 0 0 16 0 0 0 0 0 0 0 0 0 0 0 0 0 22 0 0 4 0 0 17 18 17 0 12 6
P13610 2007 9 0 0 0 0 0 0 0 0 0 0 12 0 0 0 0 15 0 0 0 0 0 9 0 0 0 12 11 0 0 0 -999
P13610 2007 10 0 0 12 11 0 0 9 0 0 20 20 20 33 34 15 13 0 36 12 0 0 34 37 36 15 0 27 0 0 9 11
P13610 2007 11 0 7 0 0 0 0 8 6 0 0 27 0 16 22 0 0 5 0 0 3 0 6 0 0 0 7 0 0 0 0 -999
P13610 2007 12 6 0 0 9 0 0 10 0 0 3 6 4 0 0 5 0 0 0 0 0 6 4 0 0 11 0 12 11 0 0 0
P13610 2008 1 0 20 26 28 11 0 1 0 0 0 0 6 7 12 0 0 0 0 0 21 44 45 0 0 21 47 49 32 0 35 0
P13610 2008 2 78 39 52 33 26 40 28 45 0 0 37 16 10 10 27 31 14 0 22 0 0 0 0 0 0 19 17 13 -999 -999 -999
P13610 2008 3 11 8 0 0 5 0 0 0 0 0 0 0 18 11 0 0 4 0 0 0 0 0 0 7 12 11 5 0 0 0 3
P13610 2008 4 0 4 11 0 15 9 0 0 0 0 0 0 17 20 30 31 27 18 0 0 8 7 5 0 0 0 0 0 0 0 -999
P13610 2008 5 14 0 0 6 0 11 10 7 0 22 36 18 17 23 17 0 0 8 0 30 24 22 31 14 8 0 9 0 9 13 0
P13610 2008 6 0 0 9 10 0 0 0 12 0 0 0 0 14 30 16 0 0 0 0 0 0 0 0 0 0 0 0 0 0 0 -999
P13610 2008 7 0 5 0 0 0 0 0 0 0 0 0 0 0 29 0 0 0 0 0 0 0 0 15 18 0 0 0 0 0 0 0
P13610 2008 8 0 0 0 0 0 12 0 0 0 19 0 0 0 0 0 0 0 0 0 0 16 15 0 0 0 0 0 0 0 0 0
P13610 2008 9 0 0 0 0 0 0 0 0 0 14 0 20 0 0 16 0 0 0 0 12 0 0 0 0 0 16 0 0 32 24 -999
P13610 2008 10 25 18 0 15 0 0 0 16 0 11 30 0 26 14 0 0 0 0 0 0 0 15 17 19 15 30 0 23 21 0 0
P13610 2008 11 14 6 25 0 5 2 0 0 0 9 0 0 0 0 0 0 0 25 12 0 0 6 0 0 0 0 0 0 0 0 -999
P13610 2008 12 0 0 0 1 1 0 3 3 0 20 20 0 12 13 0 3 6 0 0 0 5 7 0 0 0 21 0 12 7 0 1
P13610 2009 1 0 0 0 4 0 8 0 0 0 0 3 10 9 0 10 0 0 0 0 0 0 0 2 0 0 0 0 0 0 0 0
P13610 2009 2 0 7 7 0 6 5 5 0 2 0 5 3 5 0 0 0 0 0 0 5 3 0 0 0 0 3 5 22 -999 -999 -999
P13610 2009 3 0 37 33 0 0 10 12 29 24 0 0 6 6 14 21 27 47 39 30 21 0 0 0 22 21 41 32 51 46 39 0
P13610 2009 4 15 19 0 11 19 26 13 11 8 7 0 0 0 0 16 0 0 0 0 16 0 0 0 6 6 0 8 17 24 0 -999
P13610 2009 5 22 0 22 20 0 24 13 10 15 0 0 8 4 0 0 0 0 0 0 0 0 23 19 0 13 0 0 10 0 0 12
P13610 2009 6 0 0 0 15 17 19 0 9 0 0 0 0 0 0 0 0 0 9 5 0 0 0 14 0 0 0 0 0 0 0 -999
P13610 2009 7 0 0 0 11 0 0 0 0 18 25 20 0 20 13 0 0 0 0 0 0 0 0 0 0 0 11 0 0 0 0 0
P13610 2009 8 0 0 0 0 0 0 0 0 0 0 0 0 0 0 0 0 0 0 0 0 0 0 0 0 0 0 0 0 0 23 0
P13610 2009 9 0 0 0 0 0 0 0 14 19 26 29 15 10 4 0 0 14 11 11 0 0 0 20 16 7 0 0 0 8 0 -999
P13610 2009 10 0 6 0 5 0 0 0 0 0 0 12 0 12 12 12 0 18 17 14 0 11 8 14 0 8 6 0 5 0 0 9
P13610 2009 11 0 0 0 6 0 0 0 0 8 0 0 6 6 7 0 0 12 7 11 20 0 0 0 0 0 7 13 15 14 18 -999
P13610 2009 12 18 23 32 18 45 42 44 0 17 0 0 12 15 9 0 9 0 23 26 0 11 13 17 17 0 23 32 23 18 0 11
P13610 2010 1 0 11 20 47 40 12 0 0 9 9 0 7 10 6 8 13 0 0 0 0 0 0 0 0 0 0 0 0 0 0 0
P13610 2010 2 6 0 3 0 11 17 0 0 5 3 0 0 0 1 0 3 0 3 6 6 5 8 6 10 0 5 0 0 -999 -999 -999
P13610 2010 3 0 0 4 7 0 0 0 0 0 25 16 0 6 5 0 0 0 17 34 22 0 0 0 0 0 0 0 0 0 0 0
P13610 2010 4 12 13 0 15 0 17 19 31 28 25 18 0 16 18 31 27 12 0 6 0 17 15 0 16 20 0 8 11 0 18 -999
P13610 2010 5 0 8 0 20 0 11 0 0 0 0 0 0 9 0 15 0 0 17 10 0 6 10 0 0 0 29 27 16 0 11 0
P13610 2010 6 0 17 18 12 0 9 0 0 0 0 0 0 0 0 0 29 0 0 0 0 0 0 0 0 0 0 0 0 0 20 -999
P13610 2010 7 0 0 0 0 9 0 0 0 0 0 0 11 0 0 0 0 0 0 0 0 11 0 0 0 0 0 0 0 0 0 21
P13610 2010 8 0 0 0 0 0 11 0 0 0 16 0 15 11 0 0 0 0 0 0 0 0 0 0 0 0 0 0 8 0 0 18
P13610 2010 9 0 0 27 17 10 7 0 0 23 14 12 21 0 12 22 10 0 0 0 13 0 0 0 0 20 0 0 6 0 0 -999
P13610 2010 10 0 0 0 0 0 0 0 0 0 0 36 26 39 28 0 14 11 15 19 10 15 17 13 7 0 0 0 9 17 11 8
P13610 2010 11 0 0 11 0 0 0 0 5 0 0 5 0 0 0 0 8 14 10 0 0 0 0 0 4 5 0 0 0 0 0 -999
P13610 2010 12 0 4 0 10 0 0 11 0 0 0 4 11 23 21 0 0 0 0 9 0 1 0 0 0 0 0 3 0 0 2 2
P13610 2011 1 0 0 0 0 0 0 0 2 0 0 0 0 0 0 11 0 0 0 1 0 9 18 40 17 17 7 10 4 0 0 6
P13610 2011 2 0 0 8 19 19 24 18 10 0 0 0 0 13 9 0 10 0 0 0 0 0 0 14 6 0 0 0 22 -999 -999 -999
P13610 2011 3 0 0 0 0 0 0 0 0 0 12 0 0 0 15 24 43 40 25 18 21 21 30 47 93 38 14 24 49 12 0 0
P13610 2011 4 15 23 0 0 10 0 0 0 19 0 15 0 16 0 0 11 0 25 0 20 0 0 7 0 0 0 0 0 0 0 -999
P13610 2011 5 0 15 10 0 5 5 0 11 0 30 11 0 0 15 0 0 0 0 0 22 29 13 0 15 17 0 0 15 0 0 0
P13610 2011 6 10 0 0 0 0 0 0 0 18 0 20 0 0 0 15 11 0 0 0 0 0 0 14 0 15 0 0 13 11 0 -999
P13610 2011 7 9 0 0 0 0 0 0 0 0 0 0 15 0 0 13 0 0 0 0 0 0 0 0 6 0 0 0 0 0 16 0
P13610 2011 8 0 0 0 0 0 0 0 0 0 0 0 17 0 0 0 12 14 0 12 0 0 2 0 0 0 0 0 0 15 0 0
P13610 2011 9 0 6 9 0 0 0 0 0 0 33 0 0 0 0 0 0 0 0 0 4 0 6 0 0 0 0 0 0 0 16 -999
P13610 2011 10 0 0 0 0 0 4 6 0 0 11 12 14 0 0 14 12 0 11 0 0 0 16 0 14 0 0 9 9 14 0 17
P13610 2011 11 7 6 13 25 45 47 32 0 0 0 0 0 0 4 0 9 23 0 6 0 0 39 31 0 10 0 0 10 0 0 -999
P13610 2011 12 0 0 22 7 6 0 0 0 4 0 0 15 11 0 9 33 42 38 43 39 46 23 21 0 16 25 25 22 22 21 34
P13610 2012 1 37 16 0 0 0 0 0 0 0 0 0 0 0 0 0 0 0 0 0 3 4 0 0 0 0 0 4 7 0 0 0
P13610 2012 2 4 0 23 0 5 0 0 0 0 0 0 0 0 0 0 1 0 0 22 0 0 5 0 0 8 0 0 12 -999 -999 -999
P13610 2012 3 29 35 0 0 0 0 8 0 1 1 0 7 16 0 0 0 0 0 19 32 30 0 15 20 17 0 0 0 15 0 0
P13610 2012 4 0 8 0 0 0 0 23 0 9 5 5 9 16 50 37 0 20 13 0 9 7 7 0 29 39 28 27 26 27 28 -999
P13610 2012 5 16 0 0 10 0 0 10 12 19 18 15 0 22 0 24 18 16 14 9 0 0 13 0 9 24 21 18 0 6 0 4
P13610 2012 6 0 0 3 0 0 0 0 15 0 0 0 0 0 0 18 0 0 0 12 0 0 9 0 0 8 0 0 17 0 9 -999
P13610 2012 7 10 0 0 0 0 0 0 0 0 0 22 0 0 0 0 0 0 0 0 0 0 0 11 15 23 0 0 0 8 0 0
P13610 2012 8 0 0 0 0 0 0 0 0 0 0 0 0 0 0 0 0 0 0 0 0 0 0 10 0 0 0 12 0 0 0 8
P13610 2012 9 0 9 0 0 0 0 0 0 0 0 0 0 11 0 0 0 11 0 0 10 0 9 0 0 0 0 0 0 0 0 -999
P13610 2012 10 0 0 0 0 0 5 0 0 17 0 41 0 8 9 0 23 18 0 22 0 19 0 15 8 0 13 24 18 17 40 26
P13610 2012 11 34 45 35 0 13 17 0 0 0 30 30 6 0 4 4 0 0 0 43 30 17 0 0 0 0 10 11 18 24 16 -999
P13610 2012 12 0 0 0 0 0 0 38 35 11 13 12 7 15 0 32 35 0 16 11 0 0 18 7 17 12 9 6 5 11 0 35
P13610 2013 1 17 9 0 28 20 0 14 12 7 0 0 0 0 0 0 0 0 4 0 1 1 0 0 0 1 0 3 0 10 18 8
P13610 2013 2 0 0 0 3 0 0 4 0 0 0 0 0 0 55 29 11 12 34 53 41 35 42 0 52 0 0 0 0 -999 -999 -999
P13610 2013 3 0 12 0 0 8 0 0 25 22 36 68 57 47 20 18 25 24 0 0 20 15 34 0 0 20 0 0 0 31 33 50
P13610 2013 4 27 0 0 14 12 0 22 11 0 0 0 0 0 0 0 24 0 0 13 12 30 22 14 24 0 10 0 0 0 0 -999
P13610 2013 5 0 0 0 0 10 6 0 0 23 28 29 20 8 0 0 33 0 22 0 0 11 3 0 0 10 0 0 0 0 0 0
P13610 2013 6 0 0 24 0 15 0 22 31 30 38 32 30 0 17 11 0 10 12 12 0 0 0 0 15 0 0 35 25 27 18 -999
P13610 2013 7 13 0 8 0 21 0 0 0 0 0 9 0 0 14 18 0 0 0 0 0 0 15 0 0 0 14 0 0 17 0 0
P13610 2013 8 14 9 0 0 0 0 0 0 19 0 15 0 8 0 12 0 0 0 0 0 0 14 0 0 0 0 0 0 0 0 30
P13610 2013 9 26 16 10 6 0 12 0 0 0 17 0 0 6 0 8 0 0 0 21 0 0 0 0 0 0 2 0 6 0 6 -999
P13610 2013 10 5 0 12 0 0 0 0 0 12 18 0 0 0 9 9 13 20 0 11 0 0 0 0 4 0 0 5 0 0 0 0
P13610 2013 11 0 0 0 0 2 3 0 0 8 9 0 8 5 0 7 8 0 67 108 54 35 60 70 52 26 60 0 20 10 13 -999
P13610 2013 12 14 37 26 24 4 0 0 0 9 7 5 0 0 0 0 7 0 0 0 7 0 0 0 18 15 0 0 0 26 25 13
P13610 2014 1 16 7 0 10 18 0 0 0 10 6 12 14 19 0 18 11 2 0 0 1 0 0 0 0 0 16 0 35 55 43 23
P13610 2014 2 22 31 19 0 23 37 33 45 24 0 7 13 20 7 0 8 7 0 17 5 9 7 0 0 4 0 0 16 -999 -999 -999