precip	MIROC5	RCP60	REGRESION	decimas	1
P1374	37.397	-6.754	182	geo	2006	2100	-1
P1374 2006 1 0 0 11 0 0 25 29 36 25 7 32 195 150 18 98 126 109 88 71 0 6 22 0 6 20 0 0 27 0 49 0
P1374 2006 2 40 148 0 0 10 0 0 0 0 0 0 28 59 71 0 7 0 0 0 26 0 0 6 0 0 0 0 0 -999 -999 -999
P1374 2006 3 56 65 128 134 94 111 95 106 46 123 131 0 0 31 0 0 242 196 86 50 67 56 49 32 46 43 38 0 79 0 58
P1374 2006 4 0 46 0 0 29 0 0 0 0 0 0 0 15 8 8 0 21 0 0 0 0 0 0 0 0 0 0 26 26 0 -999
P1374 2006 5 0 0 0 39 38 57 0 0 0 0 0 0 0 0 0 0 16 0 15 14 3 6 12 0 0 0 0 0 22 0 0
P1374 2006 6 0 0 0 0 0 0 0 0 0 7 0 0 0 0 0 0 0 0 0 0 12 0 0 0 0 0 0 0 0 0 -999
P1374 2006 7 0 0 0 0 0 0 18 21 0 0 0 0 0 0 0 0 0 0 0 0 0 0 0 0 0 0 0 0 0 0 0
P1374 2006 8 0 0 0 0 0 0 0 0 0 0 0 0 0 0 0 0 0 0 0 0 8 0 0 0 0 0 0 0 0 0 0
P1374 2006 9 0 0 0 41 29 0 0 0 0 0 0 0 0 0 0 0 0 0 0 0 0 0 0 0 0 0 0 0 0 0 -999
P1374 2006 10 0 0 0 0 25 12 0 0 0 0 0 0 0 0 0 0 0 0 0 0 0 0 0 0 23 0 0 0 0 0 0
P1374 2006 11 0 27 0 0 0 0 73 59 0 0 0 0 0 0 0 0 0 3 6 14 16 5 29 0 7 0 0 0 0 0 -999
P1374 2006 12 0 0 0 0 0 0 34 194 197 108 65 84 55 0 135 164 0 0 0 0 24 65 143 0 62 0 62 0 68 52 0
P1374 2007 1 38 0 10 0 0 0 0 0 0 0 0 0 0 14 7 0 0 0 4 4 0 0 0 0 0 6 0 6 0 0 0
P1374 2007 2 10 9 9 0 4 7 46 161 202 100 23 0 0 7 13 13 0 63 39 0 58 38 31 35 60 61 0 33 -999 -999 -999
P1374 2007 3 22 0 0 130 86 0 23 0 0 0 0 41 31 56 0 0 24 0 22 49 0 15 0 0 0 0 0 0 7 0 0
P1374 2007 4 0 0 0 0 3 7 1 0 0 0 0 74 55 0 0 0 38 62 0 37 36 0 18 34 0 5 0 2 0 0 -999
P1374 2007 5 0 0 0 0 88 0 0 0 0 0 0 0 0 25 21 0 15 37 0 0 0 0 0 0 0 0 0 0 0 0 0
P1374 2007 6 0 10 10 0 0 0 22 0 0 0 0 0 0 0 0 0 5 0 0 0 0 0 0 12 0 23 0 0 0 0 -999
P1374 2007 7 0 0 0 0 0 0 0 0 18 0 0 0 0 0 0 0 0 0 0 0 0 0 0 0 0 0 0 0 0 0 0
P1374 2007 8 0 0 0 0 0 0 0 0 0 0 0 0 0 0 0 0 8 0 20 0 0 0 0 0 0 0 0 0 0 0 0
P1374 2007 9 0 0 0 0 0 0 0 0 0 0 0 0 0 0 0 0 0 0 0 0 0 0 0 0 0 17 0 0 0 0 -999
P1374 2007 10 0 0 0 0 0 0 0 0 0 0 0 0 54 52 0 38 73 82 0 0 0 54 56 41 0 0 27 0 0 0 0
P1374 2007 11 0 0 0 0 0 0 0 8 0 47 64 49 12 0 12 0 0 0 0 0 0 0 0 0 0 0 0 0 0 0 -999
P1374 2007 12 0 0 0 18 11 0 0 18 0 0 0 0 0 0 0 9 81 47 13 0 0 0 0 29 0 11 0 15 0 0 0
P1374 2008 1 0 0 0 28 8 2 0 0 0 0 0 0 0 63 47 70 0 0 21 30 96 93 37 29 0 191 228 73 81 94 144
P1374 2008 2 236 56 137 0 0 61 79 102 0 0 82 0 0 0 0 52 0 87 0 94 7 15 18 0 23 24 39 36 -999 -999 -999
P1374 2008 3 0 0 0 0 0 0 0 0 0 0 0 23 0 0 0 0 0 0 0 0 0 0 0 0 0 0 0 0 0 0 0
P1374 2008 4 0 0 15 0 0 0 0 0 0 0 0 0 0 0 88 29 25 18 0 8 12 0 0 0 0 0 0 0 0 19 -999
P1374 2008 5 0 0 0 0 0 4 0 0 0 25 52 0 0 0 0 0 0 0 27 41 22 52 60 12 6 0 5 0 0 0 0
P1374 2008 6 0 0 11 10 0 0 15 0 0 0 19 0 16 41 9 0 0 0 8 0 0 0 0 0 0 0 0 0 0 0 -999
P1374 2008 7 0 0 0 0 0 11 0 0 0 0 0 0 0 0 0 0 0 0 0 0 0 0 0 0 0 0 0 0 0 0 0
P1374 2008 8 0 0 0 0 0 0 0 0 0 0 0 0 0 0 0 0 0 0 0 0 0 0 0 0 0 22 0 0 0 0 0
P1374 2008 9 0 0 0 0 0 0 13 0 0 0 0 28 0 0 0 0 20 17 0 0 0 0 0 22 0 0 0 0 0 0 -999
P1374 2008 10 16 0 0 0 0 0 0 0 0 0 0 25 0 9 1 0 0 0 0 0 0 0 28 0 20 28 26 17 9 4 15
P1374 2008 11 0 2 12 0 0 0 1 0 0 0 11 2 2 0 0 0 0 33 0 0 5 0 9 0 0 0 0 0 0 0 -999
P1374 2008 12 0 0 0 0 2 2 7 0 0 18 18 4 4 10 4 4 0 0 0 4 0 0 0 0 0 31 29 0 0 0 0
P1374 2009 1 0 0 0 0 2 0 0 0 0 0 0 7 7 11 15 0 1 0 0 0 0 0 0 0 0 0 0 0 0 0 0
P1374 2009 2 0 0 0 12 6 0 0 0 1 0 0 0 0 4 0 0 0 1 0 0 0 0 0 0 0 0 0 5 -999 -999 -999
P1374 2009 3 24 0 0 0 28 0 13 62 34 8 10 0 0 0 0 16 65 58 32 21 0 0 0 0 29 81 83 91 104 51 24
P1374 2009 4 46 64 8 22 38 46 0 0 0 0 0 18 0 0 0 0 0 0 0 0 0 0 0 0 0 0 15 0 66 65 -999
P1374 2009 5 31 0 14 0 0 31 27 27 0 32 14 8 0 0 0 0 0 0 0 0 0 0 0 26 0 0 0 0 0 0 0
P1374 2009 6 0 0 0 0 0 0 0 0 0 0 0 0 0 12 0 0 0 0 0 0 0 0 0 0 0 0 0 0 0 0 -999
P1374 2009 7 0 0 0 0 0 0 0 0 0 0 25 0 0 0 0 0 0 0 0 0 0 0 0 0 0 0 0 0 0 0 0
P1374 2009 8 0 0 0 0 0 0 0 0 0 0 0 0 0 0 0 0 0 0 0 0 0 9 32 18 0 0 0 0 0 0 0
P1374 2009 9 0 0 0 0 0 0 0 0 0 39 13 0 0 0 0 0 0 0 0 0 0 0 0 0 0 0 0 0 0 0 -999
P1374 2009 10 0 0 0 0 0 0 0 0 0 0 0 0 20 0 24 0 0 0 0 0 16 0 0 43 0 0 0 0 0 7 0
P1374 2009 11 0 0 0 0 0 0 0 0 0 0 0 0 0 0 0 0 19 0 0 0 0 37 78 39 0 0 0 0 0 0 -999
P1374 2009 12 12 24 0 21 51 30 61 10 24 0 34 0 0 0 13 0 33 69 26 0 0 0 0 0 61 105 95 102 19 0 0
P1374 2010 1 0 0 0 105 0 15 0 20 33 0 0 8 0 10 0 10 0 19 26 34 24 0 10 0 0 0 0 0 19 24 0
P1374 2010 2 26 0 0 0 10 9 0 0 0 1 0 2 4 0 0 0 0 1 0 0 0 0 0 2 1 0 0 0 -999 -999 -999
P1374 2010 3 0 0 0 0 0 0 27 43 119 92 56 0 0 0 0 0 0 0 64 0 0 0 0 0 0 0 0 0 0 0 0
P1374 2010 4 0 64 66 0 0 0 0 0 55 0 0 18 11 0 73 26 0 0 0 41 17 0 2 0 12 0 0 0 13 9 -999
P1374 2010 5 0 0 24 42 0 12 0 0 0 0 0 16 0 0 0 0 0 0 0 0 4 0 0 0 0 0 28 12 0 14 0
P1374 2010 6 0 20 0 9 0 0 0 0 0 0 0 0 0 18 0 0 0 0 0 0 0 0 0 0 0 0 0 0 0 14 -999
P1374 2010 7 0 0 0 0 0 0 0 0 0 0 0 0 0 0 0 0 0 0 0 0 0 0 0 0 0 0 0 0 5 0 0
P1374 2010 8 0 0 0 0 0 0 15 0 0 0 0 0 0 0 0 21 0 0 0 0 0 0 0 0 0 0 0 0 0 0 0
P1374 2010 9 0 0 19 0 0 0 0 0 15 0 8 0 0 0 0 0 0 22 0 0 0 0 14 0 0 0 0 0 0 0 -999
P1374 2010 10 0 0 0 0 0 20 0 24 0 0 49 0 49 35 0 0 2 0 0 0 0 0 0 0 13 0 0 0 8 0 7
P1374 2010 11 0 0 0 0 0 0 0 0 0 0 0 0 0 0 0 0 0 0 0 0 0 0 0 0 0 0 7 0 0 0 -999
P1374 2010 12 0 0 0 5 0 0 15 20 0 0 9 0 51 0 0 3 0 0 0 0 0 0 0 0 0 0 0 0 0 0 0
P1374 2011 1 0 0 0 23 31 12 0 0 0 0 0 0 0 0 41 27 0 0 0 0 0 13 0 7 11 7 0 0 0 0 0
P1374 2011 2 0 6 0 35 0 47 38 0 0 0 0 0 0 3 0 0 0 0 0 0 0 67 0 0 10 11 0 62 -999 -999 -999
P1374 2011 3 83 69 0 0 13 0 0 3 0 0 0 0 0 15 0 112 79 22 16 27 16 33 85 207 43 0 0 114 0 0 0
P1374 2011 4 0 0 0 0 0 0 0 25 0 21 26 0 20 0 0 24 84 65 0 0 25 0 0 0 0 0 0 0 0 0 -999
P1374 2011 5 0 8 0 0 0 0 0 0 0 0 0 0 0 0 0 0 0 0 0 0 26 0 0 0 0 0 0 0 8 0 0
P1374 2011 6 0 10 6 0 0 0 0 0 0 0 0 0 17 0 0 0 0 0 0 0 6 0 0 0 0 0 0 0 6 0 -999
P1374 2011 7 0 0 0 0 0 0 0 0 0 0 0 0 0 0 0 0 0 0 0 23 0 0 0 0 0 0 0 0 0 0 0
P1374 2011 8 0 0 0 0 0 0 0 0 0 0 0 0 0 0 0 0 0 0 0 0 0 0 0 0 0 0 0 11 0 0 0
P1374 2011 9 0 0 0 0 0 0 0 0 20 0 0 0 0 0 0 0 0 0 0 0 0 0 0 0 11 4 0 0 0 0 -999
P1374 2011 10 0 20 0 0 0 0 0 0 0 17 0 26 44 35 0 0 12 0 0 0 0 0 13 19 0 0 0 0 0 0 11
P1374 2011 11 0 3 0 0 0 57 32 0 0 0 0 0 0 0 13 0 52 0 0 0 0 46 35 0 0 12 0 0 0 6 -999
P1374 2011 12 0 42 0 0 0 10 0 0 0 0 0 23 6 4 0 49 37 54 45 61 65 35 38 21 50 21 16 13 0 0 0
P1374 2012 1 96 0 0 0 0 0 0 0 0 0 0 0 0 0 0 0 0 0 0 9 7 0 4 7 0 0 17 0 53 45 0
P1374 2012 2 16 0 40 14 10 0 0 0 0 0 0 0 0 0 0 0 0 25 44 49 19 14 0 0 0 0 0 0 -999 -999 -999
P1374 2012 3 15 44 0 0 0 0 0 0 0 0 0 0 0 11 0 0 0 0 0 64 0 0 0 0 0 0 6 0 0 0 0
P1374 2012 4 0 0 0 0 0 0 0 9 1 0 2 0 9 42 55 54 0 10 0 0 0 0 11 49 35 29 85 78 52 28 -999
P1374 2012 5 0 24 0 0 0 0 0 12 0 0 21 0 24 29 0 0 0 0 0 0 0 13 0 17 0 12 8 0 0 0 0
P1374 2012 6 0 0 0 0 0 0 0 0 0 0 0 0 0 0 0 7 0 0 0 0 0 0 0 0 0 0 0 12 0 0 -999
P1374 2012 7 1 0 0 0 0 0 0 0 0 0 0 0 0 11 0 0 0 0 0 0 11 0 0 0 0 0 0 0 0 0 0
P1374 2012 8 11 0 0 0 0 0 0 0 0 0 0 0 0 0 0 0 0 6 0 0 0 0 0 0 0 0 17 8 0 0 0
P1374 2012 9 0 0 0 0 0 0 0 0 0 0 0 0 0 0 0 0 0 0 0 0 0 0 14 0 0 0 0 0 0 0 -999
P1374 2012 10 0 0 0 0 0 0 0 0 0 48 74 0 0 0 0 33 41 0 62 0 0 0 0 0 9 0 36 12 0 0 10
P1374 2012 11 22 39 29 0 12 0 0 0 0 0 0 0 0 0 0 0 0 66 86 42 0 0 0 0 0 14 0 42 63 14 -999
P1374 2012 12 0 5 0 22 0 179 103 82 17 0 32 0 0 115 0 44 41 0 0 7 22 32 0 23 9 0 0 0 0 16 25
P1374 2013 1 0 0 27 58 16 7 21 11 0 0 0 0 0 0 0 0 0 0 0 0 0 0 0 0 0 2 0 0 22 0 10
P1374 2013 2 0 0 0 0 0 0 4 0 0 0 0 0 61 60 18 8 25 101 102 68 52 57 66 73 40 0 6 0 -999 -999 -999
P1374 2013 3 0 0 0 0 19 0 0 36 25 114 152 176 0 0 0 0 48 46 51 30 0 87 61 58 0 26 35 62 51 48 64
P1374 2013 4 0 7 14 33 13 10 12 4 0 0 0 0 0 0 0 0 1 0 9 0 26 0 0 0 62 0 0 0 0 0 -999
P1374 2013 5 0 0 0 0 0 0 0 0 0 0 24 0 0 0 0 0 23 20 16 8 0 0 0 0 0 0 0 0 0 0 0
P1374 2013 6 0 36 0 0 0 0 0 28 57 0 39 0 0 0 0 0 0 0 0 7 0 0 0 0 17 0 0 20 0 0 -999
P1374 2013 7 0 0 0 0 0 0 0 0 0 0 0 0 0 0 0 0 11 0 0 0 0 0 0 0 0 0 0 0 0 0 0
P1374 2013 8 0 0 0 0 12 0 0 20 0 15 0 0 3 0 0 0 0 0 0 0 0 0 0 0 0 0 0 0 0 0 34
P1374 2013 9 0 0 0 4 0 0 0 0 0 0 0 9 0 0 0 0 0 0 0 0 0 0 8 0 0 0 0 0 0 0 -999
P1374 2013 10 0 0 0 0 0 0 0 0 0 0 40 0 0 0 0 0 0 0 0 0 0 0 0 0 0 0 0 6 0 0 0
P1374 2013 11 0 0 0 0 0 0 0 0 0 0 0 0 1 0 2 0 28 196 192 44 135 187 169 46 12 129 39 0 0 0 -999
P1374 2013 12 0 44 0 0 0 0 0 0 0 0 0 0 0 34 44 27 14 0 0 12 0 37 45 102 32 0 0 0 79 28 31
P1374 2014 1 0 12 0 0 0 40 0 41 0 0 0 11 13 28 0 0 1 0 0 0 0 0 0 0 39 60 107 108 146 0 0
P1374 2014 2 18 31 0 33 52 112 45 85 32 38 0 10 0 0 3 0 0 0 0 0 0 0 0 0 0 0 0 0 -999 -999 -999