precip	MIROC5	RCP60	REGRESION	decimas	1
P11222	40.836	-0.842	182	geo	2006	2100	-1
P11222 2006 1 0 0 0 0 0 0 0 0 0 11 0 19 41 43 13 0 13 15 24 14 0 0 0 0 0 0 3 12 19 0 12
P11222 2006 2 0 0 0 11 0 0 0 0 0 0 0 0 17 21 27 0 11 0 0 17 28 0 15 18 7 5 0 0 -999 -999 -999
P11222 2006 3 8 16 21 27 25 31 36 47 34 0 36 40 0 21 19 0 29 29 0 16 15 13 0 13 0 0 7 0 22 0 34
P11222 2006 4 21 0 0 13 0 0 11 33 32 8 0 0 0 0 11 0 0 0 0 16 0 6 0 0 15 21 37 46 0 0 -999
P11222 2006 5 25 0 19 18 0 25 21 0 0 0 0 5 11 23 0 0 0 0 11 11 9 0 0 0 0 0 9 0 13 0 0
P11222 2006 6 0 0 0 15 0 0 0 12 0 0 0 0 0 0 13 0 17 21 0 0 0 0 13 0 22 0 22 21 0 22 -999
P11222 2006 7 0 21 0 0 17 25 0 0 16 0 0 0 0 0 0 0 0 0 0 0 22 18 0 18 0 0 0 0 0 0 0
P11222 2006 8 0 19 11 0 0 0 26 0 0 0 0 0 0 0 18 0 0 0 0 0 0 0 0 0 16 0 0 11 0 18 0
P11222 2006 9 0 0 0 0 16 0 13 0 0 0 0 0 8 0 9 0 0 0 25 0 0 0 0 0 0 0 0 0 0 0 -999
P11222 2006 10 9 8 0 0 14 0 0 0 0 0 0 0 17 0 29 0 0 0 0 0 0 13 9 0 11 0 8 0 7 0 0
P11222 2006 11 9 0 0 0 0 0 0 0 12 11 0 0 0 0 0 6 0 6 0 0 16 23 19 33 22 14 0 0 0 0 -999
P11222 2006 12 0 0 0 0 0 0 16 0 21 0 21 25 28 0 17 17 20 0 0 0 0 19 26 33 14 0 11 8 0 0 0
P11222 2007 1 7 0 4 0 0 0 0 8 0 0 0 0 0 7 0 0 0 0 21 26 0 0 15 13 0 31 28 16 20 16 14
P11222 2007 2 0 7 11 20 18 20 0 28 55 46 0 0 21 0 0 0 0 17 21 19 25 20 0 24 0 0 0 18 -999 -999 -999
P11222 2007 3 17 0 13 0 0 0 16 0 13 9 9 28 0 0 23 16 12 0 0 0 10 21 0 0 15 14 0 9 0 8 15
P11222 2007 4 0 9 8 0 0 10 14 0 0 0 0 0 0 19 0 0 0 0 23 21 26 35 0 23 0 23 31 20 0 0 -999
P11222 2007 5 0 0 0 19 21 20 19 13 0 0 17 23 35 0 23 0 0 0 24 28 0 9 0 0 0 0 0 5 0 0 16
P11222 2007 6 26 0 0 24 0 29 32 0 0 0 0 13 0 33 26 28 23 13 16 0 0 0 0 0 0 17 23 27 0 32 -999
P11222 2007 7 25 25 0 0 0 0 0 0 0 23 0 28 25 14 0 0 0 0 0 0 14 0 0 0 0 0 19 0 0 15 12
P11222 2007 8 16 16 15 0 0 0 0 8 0 12 16 0 0 0 10 0 0 0 23 22 23 0 5 10 23 0 18 20 22 0 0
P11222 2007 9 6 0 16 11 8 0 0 0 0 0 17 0 0 0 0 0 0 0 0 0 0 0 0 13 0 0 0 0 10 0 -999
P11222 2007 10 0 0 0 0 0 0 0 0 0 0 0 25 0 21 0 0 0 0 0 0 0 0 0 0 7 0 0 15 0 4 6
P11222 2007 11 7 8 0 0 0 0 0 5 0 0 0 18 9 0 0 0 0 5 6 0 10 0 7 7 0 0 12 22 28 0 -999
P11222 2007 12 0 0 13 22 37 39 29 16 0 0 0 3 0 0 0 0 0 0 20 0 0 0 0 0 7 0 0 0 0 5 4
P11222 2008 1 10 10 19 19 16 0 0 10 28 0 20 0 0 17 19 0 8 0 0 0 0 14 0 0 0 13 0 17 9 0 15
P11222 2008 2 0 19 0 18 0 12 0 0 14 0 0 21 0 4 0 0 0 0 41 14 9 0 0 18 0 27 0 0 -999 -999 -999
P11222 2008 3 0 0 0 0 0 0 7 0 0 0 0 0 0 0 13 10 9 8 0 0 0 0 6 0 0 5 6 6 0 0 0
P11222 2008 4 7 0 12 18 0 19 0 0 10 11 10 0 0 23 26 29 23 0 22 0 9 6 0 0 4 4 0 0 0 28 -999
P11222 2008 5 0 0 0 0 0 35 0 0 0 16 26 0 0 0 17 24 0 11 0 29 36 25 0 20 23 0 0 0 0 10 0
P11222 2008 6 18 12 12 15 14 0 0 0 16 0 0 23 21 22 19 0 0 17 0 0 0 0 0 17 0 0 0 0 0 20 -999
P11222 2008 7 11 0 0 16 0 20 0 0 29 0 0 20 0 0 0 0 14 0 0 11 0 16 0 0 0 0 0 16 17 0 0
P11222 2008 8 0 0 0 14 0 0 19 0 0 24 18 0 0 9 6 8 0 16 11 0 0 0 0 0 0 0 20 0 14 0 13
P11222 2008 9 0 0 0 12 0 0 0 0 0 0 20 0 15 0 11 0 0 0 16 15 0 0 0 18 0 17 12 0 0 20 -999
P11222 2008 10 12 8 0 0 0 0 0 0 0 8 19 0 19 22 0 0 0 0 0 0 0 12 0 0 0 0 21 15 25 18 0
P11222 2008 11 18 0 28 32 0 12 0 0 17 14 13 0 0 0 0 0 0 0 0 0 0 5 0 0 0 0 0 0 0 0 -999
P11222 2008 12 0 0 0 0 8 0 19 0 13 13 23 0 0 14 0 10 0 0 0 0 0 0 0 0 0 0 5 6 0 0 0
P11222 2009 1 0 0 5 0 10 10 10 0 0 0 16 0 23 0 0 12 0 0 0 0 0 0 0 0 0 0 0 0 10 0 0
P11222 2009 2 0 0 9 0 19 13 16 0 11 0 6 0 0 0 0 0 0 0 2 0 3 0 6 17 13 0 0 13 -999 -999 -999
P11222 2009 3 31 39 29 18 9 10 7 0 38 39 27 0 0 0 0 0 8 6 4 7 0 5 0 0 0 27 0 31 23 27 18
P11222 2009 4 15 35 46 0 23 32 30 12 11 7 9 21 32 25 0 28 20 0 0 0 34 30 19 17 0 9 0 0 0 20 -999
P11222 2009 5 39 0 18 0 24 30 0 19 0 26 34 18 10 0 0 0 0 13 19 22 36 42 35 30 29 0 0 21 17 19 0
P11222 2009 6 0 16 0 14 0 0 0 16 10 0 0 0 0 0 0 31 33 19 0 7 0 0 18 16 0 16 0 0 0 20 -999
P11222 2009 7 0 0 0 0 0 23 0 0 0 30 31 29 0 23 0 0 8 0 17 0 0 18 0 0 0 0 0 0 0 0 0
P11222 2009 8 0 0 6 0 0 0 0 0 0 17 0 0 0 13 0 0 0 0 0 0 7 0 0 27 0 14 10 0 17 22 0
P11222 2009 9 0 20 0 0 0 0 0 0 0 0 27 26 24 14 0 23 0 0 0 0 20 0 0 16 9 0 0 0 0 0 -999
P11222 2009 10 15 0 0 0 0 0 0 0 0 13 12 0 11 0 0 0 0 27 27 21 0 9 6 8 10 0 0 0 0 0 0
P11222 2009 11 0 0 0 0 0 0 0 0 9 0 0 0 0 0 0 11 0 0 7 0 0 6 0 0 0 23 17 0 0 11 -999
P11222 2009 12 10 3 8 0 0 17 34 35 22 0 24 11 0 0 0 0 0 0 0 21 12 7 0 0 9 20 19 0 0 7 0
P11222 2010 1 0 0 0 0 25 0 0 11 0 14 0 0 0 13 0 15 0 0 0 0 0 0 9 0 0 0 0 0 0 0 17
P11222 2010 2 0 0 0 11 0 22 23 20 12 11 12 0 7 0 0 0 8 0 0 0 0 0 9 0 9 6 0 6 -999 -999 -999
P11222 2010 3 0 0 5 0 7 13 25 26 24 23 0 13 0 9 0 8 9 0 0 46 30 0 0 0 9 0 11 11 0 0 0
P11222 2010 4 9 0 0 16 0 14 0 25 23 23 27 33 34 34 33 43 28 24 0 0 24 0 15 0 29 0 10 10 26 31 -999
P11222 2010 5 22 20 0 28 27 21 0 0 0 20 27 34 24 22 0 28 26 14 0 14 0 16 0 0 15 34 34 0 23 20 0
P11222 2010 6 0 0 24 19 0 15 0 0 9 13 22 0 0 20 0 0 0 0 0 20 21 0 0 0 13 0 18 0 28 25 -999
P11222 2010 7 19 21 0 0 0 0 15 0 0 0 22 0 0 0 11 0 18 0 0 0 0 0 0 0 0 0 16 0 0 19 18
P11222 2010 8 0 24 0 19 0 14 16 0 0 23 0 0 15 0 0 0 0 0 0 0 0 0 0 0 15 0 0 0 7 0 0
P11222 2010 9 0 0 0 0 0 7 9 0 0 36 28 22 37 29 17 0 0 0 13 0 11 0 0 16 0 0 0 0 0 0 -999
P11222 2010 10 0 0 0 11 0 0 0 13 0 13 19 0 0 0 14 0 14 9 0 15 21 30 0 16 0 0 0 0 7 0 0
P11222 2010 11 0 4 0 0 0 8 0 0 0 0 0 0 9 11 10 9 6 0 4 0 0 0 0 0 0 0 0 0 0 5 -999
P11222 2010 12 15 12 0 0 16 0 0 0 9 8 0 0 0 26 21 0 0 0 0 8 0 0 8 0 0 0 0 0 0 0 0
P11222 2011 1 0 0 0 0 0 0 0 0 0 14 0 11 9 0 9 0 0 0 0 0 9 11 24 18 0 2 3 0 0 0 0
P11222 2011 2 0 0 0 0 0 0 0 0 0 2 4 6 0 0 5 4 0 0 0 0 8 0 0 10 0 0 15 0 -999 -999 -999
P11222 2011 3 23 0 0 23 25 20 9 3 0 0 10 15 17 16 17 28 55 25 0 0 16 18 15 22 24 0 14 20 19 0 0
P11222 2011 4 19 17 0 0 0 0 8 10 17 0 0 16 24 29 12 0 23 33 29 26 0 0 0 6 7 0 0 0 0 13 -999
P11222 2011 5 0 13 12 0 0 0 0 16 0 24 0 12 16 0 15 0 0 0 0 0 22 0 12 0 16 20 23 0 34 39 0
P11222 2011 6 0 0 0 0 0 0 0 0 0 0 0 25 0 28 23 0 0 0 0 0 0 0 24 0 26 23 0 0 17 0 -999
P11222 2011 7 10 0 0 0 0 0 0 0 7 0 0 0 0 18 0 12 0 0 0 0 0 0 0 0 0 0 0 0 0 23 0
P11222 2011 8 0 0 16 0 8 0 0 0 12 16 0 17 0 0 15 14 0 12 0 14 0 0 0 0 0 0 0 0 13 0 0
P11222 2011 9 34 0 0 0 15 0 10 0 21 31 0 0 0 0 0 0 5 0 0 0 0 0 0 0 0 0 0 7 0 0 -999
P11222 2011 10 16 0 0 0 0 0 0 0 0 0 0 0 0 0 0 0 0 0 0 0 16 0 0 0 0 7 0 0 17 28 39
P11222 2011 11 27 16 12 8 0 24 56 43 0 17 0 18 0 0 0 0 20 18 0 0 0 0 37 35 26 0 11 11 0 0 -999
P11222 2011 12 0 0 0 30 16 0 11 0 0 0 5 0 0 0 0 0 0 13 0 19 23 12 0 6 5 0 6 0 0 0 0
P11222 2012 1 13 28 9 2 0 0 0 0 0 0 0 0 0 0 0 6 9 17 0 0 22 16 0 0 18 0 0 13 0 0 5
P11222 2012 2 0 0 0 19 6 0 0 0 0 0 0 0 0 8 0 0 0 0 0 16 18 13 0 0 0 0 0 0 -999 -999 -999
P11222 2012 3 15 0 38 48 36 0 9 5 3 0 6 0 0 0 0 10 0 22 18 0 0 0 0 16 14 0 0 0 0 12 0
P11222 2012 4 0 0 0 0 0 0 0 15 15 0 0 17 30 40 29 24 24 26 25 0 22 19 18 22 29 0 0 35 19 22 -999
P11222 2012 5 0 24 33 23 13 0 0 0 28 0 0 0 25 26 25 20 0 16 0 17 16 0 0 0 20 0 0 0 0 0 7
P11222 2012 6 11 0 14 0 0 0 0 18 27 0 0 0 25 31 29 23 0 0 15 0 0 0 12 10 0 0 0 15 25 0 -999
P11222 2012 7 0 0 0 15 0 0 0 22 0 0 0 0 0 18 0 0 0 0 24 0 18 0 0 0 24 0 0 10 0 0 19
P11222 2012 8 0 0 0 15 0 20 14 0 0 12 17 0 8 0 0 18 0 0 0 0 0 16 14 0 7 0 0 13 0 19 0
P11222 2012 9 0 0 0 0 12 0 0 0 15 0 0 0 0 0 0 12 0 0 0 0 14 0 6 0 19 0 0 0 21 23 -999
P11222 2012 10 0 0 13 11 0 0 0 11 0 17 24 17 0 0 0 12 12 12 9 0 0 0 26 0 0 15 0 13 0 0 9
P11222 2012 11 0 15 28 32 10 0 0 0 0 7 0 21 0 0 0 0 0 0 0 26 15 0 0 0 5 0 0 0 0 21 -999
P11222 2012 12 0 0 0 12 0 0 0 16 0 0 0 0 0 23 23 24 23 27 0 10 4 9 0 0 0 0 0 0 0 0 19
P11222 2013 1 28 17 0 8 0 0 0 0 0 0 0 0 0 0 0 0 0 5 9 0 0 4 0 0 0 0 0 0 0 0 0
P11222 2013 2 0 0 0 0 0 0 0 0 0 0 0 0 9 0 25 0 0 9 0 16 17 19 15 18 0 15 5 0 -999 -999 -999
P11222 2013 3 0 0 0 0 0 0 18 0 32 0 21 27 0 23 0 0 0 0 0 16 14 22 24 0 0 0 0 27 37 40 0
P11222 2013 4 54 0 13 0 20 0 12 0 4 4 5 6 8 15 16 0 0 0 0 0 18 20 16 16 0 32 0 0 0 0 -999
P11222 2013 5 0 16 13 14 17 0 0 23 0 0 0 22 17 14 0 0 0 22 0 0 0 0 0 0 0 0 0 0 0 0 0
P11222 2013 6 0 21 20 0 0 19 0 29 40 34 24 0 28 0 20 0 0 20 15 11 0 0 0 0 0 0 54 0 29 29 -999
P11222 2013 7 22 0 0 15 13 21 28 31 0 23 22 0 0 0 0 0 0 0 7 0 0 0 0 0 0 17 0 19 0 0 20
P11222 2013 8 20 17 0 0 36 0 0 30 22 0 0 0 0 0 0 23 0 10 0 0 0 0 0 20 0 0 8 0 0 21 27
P11222 2013 9 0 19 0 0 0 0 0 0 0 0 0 0 0 0 0 0 0 0 0 0 0 0 0 0 15 0 0 0 7 0 -999
P11222 2013 10 0 14 0 0 0 0 0 0 12 0 20 0 0 0 0 13 18 23 13 0 0 0 6 0 13 0 0 13 0 0 0
P11222 2013 11 0 6 0 9 0 10 0 0 0 7 17 0 0 0 6 7 0 27 54 46 14 19 0 34 29 18 0 28 0 0 -999
P11222 2013 12 0 0 10 9 0 0 0 0 0 15 0 15 0 0 0 0 0 0 0 0 0 0 0 0 0 11 17 15 0 20 15
P11222 2014 1 0 0 0 8 0 0 0 0 0 0 5 4 0 0 0 0 0 4 0 0 0 0 0 0 13 17 0 22 54 51 27
P11222 2014 2 0 0 15 0 6 0 0 0 0 0 0 0 6 0 0 0 0 0 0 0 9 0 0 0 0 0 15 33 -999 -999 -999