precip	MIROC5	RCP60	REGRESION	decimas	1
P10327	40.632	-3.957	182	geo	2006	2100	-1
P10327 2006 1 0 0 0 12 11 23 0 20 0 0 0 93 185 52 46 99 63 60 44 0 5 0 20 0 16 0 0 18 29 35 0
P10327 2006 2 19 66 42 22 0 5 0 0 0 0 10 26 41 39 35 23 16 0 17 25 0 0 0 10 0 4 0 12 -999 -999 -999
P10327 2006 3 34 51 77 94 81 92 92 91 50 45 0 0 30 25 29 63 128 104 71 32 40 32 34 24 0 30 24 39 52 39 60
P10327 2006 4 20 32 26 28 16 0 21 47 0 1 0 0 0 0 10 13 16 0 0 0 0 0 10 21 25 0 0 0 0 23 -999
P10327 2006 5 0 25 20 31 0 51 18 0 0 0 0 0 21 0 0 0 17 0 16 16 0 0 8 0 0 5 0 0 20 0 0
P10327 2006 6 0 0 0 0 0 0 0 0 0 0 16 0 0 0 0 0 0 0 0 0 0 0 10 0 0 20 19 0 0 25 -999
P10327 2006 7 0 12 8 0 0 0 0 0 0 0 0 9 0 0 0 0 0 0 0 0 0 0 0 0 0 0 0 0 0 0 0
P10327 2006 8 0 9 0 0 0 16 0 0 0 0 7 0 0 16 0 0 6 6 0 18 0 0 9 13 11 0 0 0 11 0 0
P10327 2006 9 0 0 0 0 0 0 0 0 17 0 0 0 0 0 0 19 0 0 0 0 0 0 0 22 0 0 0 0 8 7 -999
P10327 2006 10 0 1 0 0 0 0 0 13 0 0 16 22 30 28 28 18 0 6 0 0 0 0 4 0 0 0 6 18 0 0 7
P10327 2006 11 0 12 0 21 0 0 38 37 0 0 0 0 0 0 8 0 0 0 0 13 21 0 27 55 20 0 0 0 0 0 -999
P10327 2006 12 0 0 0 0 0 0 26 82 80 40 0 0 36 25 68 86 0 4 0 0 28 61 124 44 42 37 26 26 26 25 12
P10327 2007 1 14 15 0 0 0 0 0 0 0 0 0 0 0 0 0 3 2 0 0 0 14 0 8 0 0 0 17 21 0 25 16
P10327 2007 2 0 0 19 18 0 0 29 121 207 137 0 23 0 0 12 9 25 44 28 40 49 45 0 0 55 41 37 27 -999 -999 -999
P10327 2007 3 0 32 30 66 70 0 18 0 23 0 24 45 60 76 0 0 0 13 0 0 16 0 0 0 0 9 0 6 6 0 0
P10327 2007 4 0 0 0 10 8 16 5 0 3 0 21 43 0 0 12 20 31 0 44 29 27 0 32 30 0 11 0 0 0 0 -999
P10327 2007 5 0 0 0 0 53 0 14 10 21 0 0 26 0 26 0 15 0 28 23 16 0 0 0 0 0 0 0 0 0 13 0
P10327 2007 6 32 0 0 0 0 0 0 0 0 0 0 0 0 0 0 0 0 0 0 10 0 0 26 0 0 0 0 18 0 18 -999
P10327 2007 7 13 0 0 0 0 0 0 0 0 20 0 23 13 6 11 0 26 0 16 0 0 0 0 0 0 0 0 0 0 0 0
P10327 2007 8 0 0 0 0 0 0 0 0 0 10 0 0 0 0 0 0 0 0 20 0 0 0 0 0 0 0 19 17 15 0 0
P10327 2007 9 2 0 0 0 0 5 0 0 0 0 0 0 9 15 0 15 0 0 0 0 0 0 0 0 0 0 0 7 0 0 -999
P10327 2007 10 3 0 0 0 6 0 0 0 0 0 25 21 0 39 0 17 0 0 9 0 0 45 39 0 0 0 24 11 0 2 0
P10327 2007 11 0 4 0 0 0 0 4 0 24 22 27 37 14 18 0 0 5 0 0 0 0 0 0 5 0 0 17 0 0 0 -999
P10327 2007 12 0 0 16 21 0 16 0 0 0 0 0 0 0 0 5 12 24 0 32 0 0 10 14 12 0 8 11 8 0 6 0
P10327 2008 1 12 26 0 38 0 4 0 0 9 0 0 16 21 31 27 32 27 0 17 25 0 56 0 17 0 71 79 46 35 49 71
P10327 2008 2 128 42 83 38 0 0 34 71 24 38 55 0 10 0 35 35 25 0 0 0 0 12 16 0 25 37 32 18 -999 -999 -999
P10327 2008 3 0 0 0 0 0 0 5 0 0 0 0 0 0 23 9 7 0 0 0 0 0 0 0 0 10 0 4 0 0 0 0
P10327 2008 4 0 0 0 30 31 12 0 0 0 0 8 0 32 0 57 55 41 26 0 0 7 0 0 6 0 0 0 0 0 30 -999
P10327 2008 5 21 0 0 0 17 0 0 0 0 26 44 0 20 0 0 0 10 0 25 0 28 25 39 12 0 0 0 7 9 0 11
P10327 2008 6 0 8 12 12 0 29 0 11 19 0 0 0 0 0 0 0 0 0 8 8 7 0 0 0 0 0 0 0 15 0 -999
P10327 2008 7 6 0 0 0 0 0 0 0 0 0 0 0 0 31 0 0 0 0 0 0 0 0 0 0 0 0 0 11 0 0 0
P10327 2008 8 0 0 0 0 0 11 0 0 0 0 0 9 0 0 0 0 0 0 0 0 0 0 0 0 0 21 0 4 0 3 0
P10327 2008 9 0 0 0 0 0 0 0 0 0 16 0 19 0 23 0 11 0 0 0 11 0 15 0 21 19 14 0 0 33 23 -999
P10327 2008 10 0 14 0 0 4 0 15 0 6 7 0 34 30 0 0 0 0 0 0 19 19 15 0 22 16 27 0 20 0 0 14
P10327 2008 11 14 0 34 17 4 0 0 0 10 0 22 0 0 0 0 0 0 20 0 0 0 0 0 0 0 0 0 0 3 0 -999
P10327 2008 12 0 0 0 1 0 7 13 0 0 23 0 0 0 13 8 6 8 5 0 3 0 0 5 5 0 17 0 0 0 0 0
P10327 2009 1 1 1 0 0 0 5 0 0 0 0 0 16 17 16 23 8 0 0 0 0 0 5 0 0 0 0 0 0 5 0 0
P10327 2009 2 6 0 9 13 0 0 6 0 4 0 0 0 0 0 0 2 0 1 0 2 0 0 0 0 12 9 0 0 -999 -999 -999
P10327 2009 3 56 65 0 29 22 0 9 41 52 0 0 0 0 21 0 0 58 37 24 16 3 0 0 21 24 69 51 84 67 52 0
P10327 2009 4 20 42 0 0 32 42 16 14 0 7 0 26 0 0 23 0 0 0 9 14 22 0 0 11 0 5 9 0 30 54 -999
P10327 2009 5 0 0 28 0 27 31 0 9 17 22 0 0 0 0 0 0 0 0 26 31 33 29 25 21 0 0 0 0 13 0 0
P10327 2009 6 0 12 0 12 18 18 0 0 0 10 0 0 8 20 0 22 0 0 0 0 0 0 0 0 0 10 0 0 0 0 -999
P10327 2009 7 0 17 0 0 0 0 0 0 0 0 0 19 0 0 0 0 7 0 0 0 0 0 0 0 8 0 0 0 0 13 0
P10327 2009 8 0 0 4 7 0 0 0 0 10 0 0 0 0 0 0 0 0 0 0 0 0 0 30 23 0 0 0 0 0 0 23
P10327 2009 9 30 0 0 0 0 0 0 0 0 0 32 16 0 0 0 0 0 0 0 18 0 0 15 0 5 0 0 0 0 0 -999
P10327 2009 10 0 0 0 0 0 0 0 0 0 0 0 19 17 17 18 27 0 0 17 0 15 8 15 0 10 0 0 0 0 0 0
P10327 2009 11 0 5 8 0 0 6 0 13 8 0 0 0 4 4 0 0 17 0 11 0 0 18 37 28 11 0 16 11 0 22 -999
P10327 2009 12 15 17 30 14 36 0 55 0 20 0 31 12 13 9 0 0 0 29 32 22 17 0 11 0 0 0 51 45 25 6 12
P10327 2010 1 0 14 36 86 62 0 15 0 22 19 12 0 22 0 14 17 12 6 0 18 16 0 8 0 0 0 0 15 23 0 24
P10327 2010 2 13 10 0 0 0 23 14 0 8 0 0 0 0 0 0 0 0 0 0 0 0 4 5 0 4 3 0 7 -999 -999 -999
P10327 2010 3 0 0 0 10 12 23 33 45 89 52 29 0 10 6 0 10 13 26 58 0 12 0 0 1 2 0 0 0 0 0 8
P10327 2010 4 12 0 0 0 0 0 27 0 38 0 0 0 21 0 59 0 13 0 0 21 0 0 0 12 27 13 0 0 0 23 -999
P10327 2010 5 0 0 23 36 33 0 0 0 0 0 0 0 0 0 19 0 0 16 0 0 0 11 0 0 0 53 0 0 0 12 0
P10327 2010 6 0 0 19 11 0 0 0 0 2 0 11 0 35 15 0 28 0 0 0 8 0 0 0 0 0 0 14 0 0 0 -999
P10327 2010 7 0 21 5 0 7 0 0 0 0 0 0 0 0 0 9 0 0 0 0 0 0 0 0 17 14 0 0 6 0 0 0
P10327 2010 8 0 0 10 0 0 8 0 0 0 0 0 11 0 0 0 17 0 0 0 0 0 0 0 0 0 0 0 0 0 0 20
P10327 2010 9 8 0 0 0 0 5 0 17 0 0 0 0 0 0 17 0 0 0 20 0 0 0 0 12 21 0 0 0 0 0 -999
P10327 2010 10 0 2 0 0 10 10 0 0 0 0 37 23 40 28 15 0 0 0 15 0 0 28 0 0 0 0 0 0 0 8 0
P10327 2010 11 0 5 0 8 0 0 0 0 0 0 0 3 0 4 0 0 9 0 0 9 13 6 5 7 12 0 0 0 0 0 -999
P10327 2010 12 5 0 0 0 0 0 12 13 20 0 0 21 26 0 0 4 0 4 0 3 0 1 0 0 0 0 0 0 0 0 0
P10327 2011 1 0 0 0 9 13 4 0 0 8 0 0 11 0 14 21 12 0 0 0 1 0 23 51 21 15 5 0 0 1 2 0
P10327 2011 2 0 0 0 19 21 28 20 7 0 0 0 11 0 0 0 7 0 0 15 15 0 30 19 8 0 0 0 61 -999 -999 -999
P10327 2011 3 55 0 27 19 0 0 0 0 12 21 27 38 27 21 36 81 0 35 22 28 25 41 64 143 50 0 46 80 15 0 0
P10327 2011 4 0 0 0 0 0 13 13 0 0 20 0 0 25 0 0 0 55 43 0 32 27 11 0 0 0 0 0 0 0 0 -999
P10327 2011 5 7 0 0 5 0 0 0 0 0 0 0 10 0 0 0 14 0 7 0 0 0 13 0 0 0 0 21 0 0 0 12
P10327 2011 6 9 0 6 0 0 0 0 0 0 0 0 23 0 16 18 0 0 0 5 5 12 0 0 0 0 0 15 12 0 0 -999
P10327 2011 7 0 5 0 0 0 7 0 0 0 0 0 0 0 0 0 0 0 0 0 0 0 0 0 0 0 0 0 0 15 0 0
P10327 2011 8 0 0 0 0 0 0 0 0 0 0 0 0 0 0 0 0 8 0 0 0 0 0 0 0 8 0 0 0 0 0 0
P10327 2011 9 0 4 0 12 0 0 0 0 27 0 0 0 0 0 0 0 0 0 0 7 0 0 0 0 10 0 0 0 0 0 -999
P10327 2011 10 0 0 0 0 10 0 0 0 0 16 15 18 17 16 0 10 0 0 5 9 18 0 0 0 0 0 0 10 20 32 0
P10327 2011 11 0 6 9 17 44 63 0 0 0 0 0 0 23 0 6 15 53 39 0 0 9 71 0 46 0 8 0 14 9 3 -999
P10327 2011 12 8 26 35 0 0 0 0 0 0 0 0 13 9 0 0 38 40 50 43 45 62 22 0 14 0 31 0 0 0 17 35
P10327 2012 1 0 0 5 0 4 0 1 0 0 0 0 0 0 0 2 0 0 0 4 0 0 7 0 0 7 0 0 13 13 15 6
P10327 2012 2 0 26 0 23 11 0 13 7 0 0 0 0 5 0 0 0 4 13 32 0 27 0 13 12 0 0 3 0 -999 -999 -999
P10327 2012 3 0 56 49 0 0 0 0 0 0 0 0 0 14 10 0 0 31 24 31 59 0 0 17 25 21 0 4 0 0 10 0
P10327 2012 4 0 0 0 0 0 0 23 24 9 0 4 0 19 82 52 0 27 0 0 15 11 0 0 45 60 47 62 50 37 0 -999
P10327 2012 5 0 0 28 16 0 0 18 18 0 20 16 23 24 32 0 0 0 0 9 0 0 0 12 12 32 0 19 0 0 0 4
P10327 2012 6 0 0 0 0 0 4 0 0 37 0 15 17 0 21 18 0 0 0 0 16 0 7 0 0 0 0 0 0 0 0 -999
P10327 2012 7 0 0 0 0 0 0 0 0 17 0 0 0 0 0 0 0 0 21 8 0 0 0 0 0 22 0 0 0 0 0 13
P10327 2012 8 0 0 0 0 0 0 0 0 0 0 0 0 0 9 0 10 11 0 0 0 0 0 0 7 0 0 0 0 7 8 6
P10327 2012 9 0 0 0 0 0 0 0 0 0 5 0 0 0 0 0 9 0 0 0 0 0 0 0 11 17 0 17 20 15 0 -999
P10327 2012 10 5 0 0 0 0 0 0 0 0 34 59 0 5 0 0 19 19 0 24 0 25 0 0 0 0 14 28 0 0 31 14
P10327 2012 11 26 0 41 0 9 12 0 0 5 25 30 0 0 0 0 0 8 0 64 38 18 6 0 0 0 0 10 0 36 0 -999
P10327 2012 12 13 0 18 0 0 88 55 46 11 15 0 0 31 85 36 0 37 22 0 0 0 0 0 0 0 4 0 0 11 0 55
P10327 2013 1 0 17 32 40 17 7 14 10 0 4 0 0 0 1 0 0 0 0 3 0 0 0 0 2 0 2 0 8 0 19 7
P10327 2013 2 0 0 0 0 0 3 2 0 0 0 0 0 0 77 35 15 22 67 77 54 36 49 39 70 0 0 0 6 -999 -999 -999
P10327 2013 3 25 36 0 0 12 6 0 64 42 71 111 89 62 17 0 0 0 0 0 0 24 64 50 23 30 0 0 45 44 38 79
P10327 2013 4 0 16 0 0 16 18 20 8 0 0 0 8 18 0 18 0 6 0 12 0 32 0 12 0 60 12 0 0 0 6 -999
P10327 2013 5 0 0 11 22 0 0 16 0 25 33 35 19 0 0 35 0 0 21 19 15 0 0 0 0 0 0 0 0 0 0 17
P10327 2013 6 0 25 0 0 0 11 0 0 40 43 35 30 0 16 0 0 0 0 0 7 9 0 0 0 0 0 0 0 25 15 -999
P10327 2013 7 11 0 0 0 0 21 0 11 0 0 0 9 11 0 0 0 0 0 0 0 0 10 0 12 0 0 0 0 0 0 0
P10327 2013 8 0 0 0 0 21 16 17 17 0 0 0 0 0 0 0 0 0 0 4 0 0 0 0 0 12 0 0 0 27 15 29
P10327 2013 9 20 0 0 0 5 0 0 0 0 0 18 0 0 0 0 0 0 0 0 0 0 0 0 0 0 0 0 6 0 0 -999
P10327 2013 10 0 0 0 0 3 0 0 0 0 0 0 0 0 0 11 16 25 0 0 0 0 0 0 0 3 0 0 0 0 0 0
P10327 2013 11 0 0 3 0 0 0 0 9 11 9 17 0 0 4 0 0 19 125 180 63 49 80 119 85 0 80 0 0 0 9 -999
P10327 2013 12 8 33 20 0 0 0 12 0 0 0 17 26 0 11 0 7 6 0 7 18 15 12 0 29 22 0 22 22 52 36 19
P10327 2014 1 28 0 4 12 17 22 0 0 0 0 11 10 0 15 19 10 1 0 0 0 0 0 0 0 30 0 57 66 112 62 39
P10327 2014 2 35 41 21 23 26 53 40 77 29 35 0 0 16 6 0 4 0 0 18 0 15 11 19 0 0 12 15 32 -999 -999 -999