precip	MIROC5	RCP60	REGRESION	decimas	1
P12765	41.500	-5.867	182	geo	2006	2100	-1
P12765 2006 1 0 8 7 0 0 17 0 0 0 7 20 0 130 24 56 71 58 48 25 0 0 11 0 9 11 0 16 17 0 28 0
P12765 2006 2 20 61 29 23 11 0 0 0 0 2 0 0 0 0 0 0 0 0 22 16 0 0 0 0 4 0 4 9 -999 -999 -999
P12765 2006 3 29 48 73 86 67 82 72 66 41 37 42 27 26 22 27 57 92 88 66 40 42 37 34 0 31 35 33 0 46 0 31
P12765 2006 4 0 38 29 0 19 0 0 14 0 0 0 0 0 0 10 0 0 0 0 0 0 0 8 0 25 0 0 27 16 0 -999
P12765 2006 5 17 20 20 30 25 0 19 12 9 0 0 15 22 0 0 12 0 10 0 0 0 0 10 0 5 0 0 0 21 0 0
P12765 2006 6 0 0 0 0 12 0 0 0 11 0 13 0 18 0 0 0 0 0 0 0 11 0 0 0 0 0 0 0 0 0 -999
P12765 2006 7 17 0 0 10 13 0 0 0 0 0 0 13 0 0 16 0 0 0 0 0 0 0 0 0 0 27 0 0 12 0 0
P12765 2006 8 0 0 0 10 0 0 0 9 0 0 0 0 19 0 0 0 0 0 0 18 0 0 0 15 15 11 9 0 15 0 0
P12765 2006 9 8 0 23 0 18 0 0 0 21 0 0 0 0 0 13 0 0 0 8 15 0 0 15 13 6 6 6 0 12 0 -999
P12765 2006 10 2 0 0 0 0 0 11 11 14 0 0 0 22 0 21 0 0 0 0 0 21 0 0 12 0 20 10 24 12 0 0
P12765 2006 11 0 0 0 14 0 0 37 24 0 0 0 0 0 0 0 0 0 0 0 0 10 12 17 20 11 7 0 0 0 0 -999
P12765 2006 12 0 0 0 0 0 0 0 49 63 33 22 22 22 0 61 60 0 0 0 0 0 44 76 0 44 40 29 0 43 28 16
P12765 2007 1 17 23 0 0 0 0 0 0 0 0 0 0 0 0 0 0 0 0 0 0 0 3 4 0 0 8 0 10 0 0 0
P12765 2007 2 0 10 13 0 5 0 0 56 115 62 21 0 0 8 9 0 0 24 0 21 21 19 29 26 41 36 0 21 -999 -999 -999
P12765 2007 3 0 0 21 43 47 20 13 11 11 8 15 21 32 57 23 0 25 15 14 0 0 14 0 0 0 0 0 0 0 0 2
P12765 2007 4 0 0 0 0 0 0 0 0 0 0 15 33 39 11 0 18 28 41 43 0 0 0 0 19 11 8 0 0 0 0 -999
P12765 2007 5 0 0 0 0 45 0 12 0 21 0 0 0 16 18 0 16 0 0 22 0 6 0 0 0 0 0 0 0 7 9 13
P12765 2007 6 0 0 0 14 15 0 14 0 0 10 0 15 0 0 0 8 0 0 0 0 0 0 0 0 0 0 0 0 0 0 -999
P12765 2007 7 14 0 17 22 16 12 0 0 22 22 27 29 0 0 0 26 0 0 18 0 0 0 0 0 0 0 0 0 12 0 0
P12765 2007 8 0 0 0 12 0 21 0 0 9 0 0 0 0 8 0 0 16 0 0 0 18 0 0 0 0 18 0 0 0 0 0
P12765 2007 9 0 0 0 0 0 0 0 0 0 16 14 0 0 0 26 0 0 6 0 0 0 0 0 0 0 0 14 0 0 0 -999
P12765 2007 10 0 0 0 0 8 0 0 0 0 0 0 0 0 0 17 0 35 56 14 8 0 39 50 36 14 0 31 0 0 0 8
P12765 2007 11 4 0 0 0 0 9 0 0 19 0 0 39 21 0 8 4 0 0 0 0 0 0 0 4 0 0 10 0 0 0 -999
P12765 2007 12 0 0 6 8 6 0 0 6 0 0 0 0 0 0 0 13 0 20 12 0 0 0 0 12 17 0 0 0 1 0 0
P12765 2008 1 0 13 20 23 8 2 1 2 0 0 0 6 10 0 14 14 10 0 0 0 47 0 15 0 27 67 56 32 33 45 0
P12765 2008 2 95 43 73 44 34 51 34 55 0 0 42 0 11 11 36 29 20 45 0 14 10 0 7 0 0 0 22 12 -999 -999 -999
P12765 2008 3 0 0 0 8 0 0 7 0 0 0 0 0 0 0 0 0 0 0 0 0 0 0 0 0 0 9 3 0 0 0 0
P12765 2008 4 0 4 0 15 0 0 0 0 0 0 0 0 18 0 39 0 21 0 0 9 9 0 0 0 0 0 0 0 0 18 -999
P12765 2008 5 0 0 0 0 0 0 0 5 12 22 40 20 0 25 0 0 7 0 20 0 19 25 35 0 0 0 0 0 0 0 0
P12765 2008 6 9 8 0 0 15 0 12 0 0 0 15 15 14 33 10 0 13 0 0 0 0 0 0 0 0 0 0 0 0 0 -999
P12765 2008 7 0 0 0 0 0 0 0 0 0 0 0 0 0 0 21 0 0 13 0 0 13 0 15 0 0 0 0 0 0 0 0
P12765 2008 8 22 12 0 0 0 0 18 0 16 18 0 0 0 0 8 12 0 0 0 0 0 0 0 0 10 14 8 0 0 0 0
P12765 2008 9 11 0 0 0 0 0 0 13 0 0 0 17 15 30 0 0 0 12 0 0 0 0 25 21 0 0 9 24 0 24 -999
P12765 2008 10 27 0 0 0 0 0 0 11 0 0 0 33 30 0 0 0 0 0 0 0 0 0 0 0 0 34 0 0 0 0 18
P12765 2008 11 0 5 20 0 0 0 0 0 0 0 0 0 0 0 0 10 0 0 0 0 0 0 0 0 0 0 2 0 0 0 -999
P12765 2008 12 0 0 0 0 0 0 0 0 0 0 0 0 0 0 4 3 0 0 6 0 0 0 0 12 28 0 17 13 0 0 0
P12765 2009 1 0 0 0 0 0 0 0 4 0 0 0 0 0 0 0 0 0 0 0 1 2 0 2 0 0 0 0 2 0 0 0
P12765 2009 2 4 0 5 6 4 3 0 0 1 3 0 0 3 3 0 1 0 0 0 3 0 0 0 0 0 2 0 0 -999 -999 -999
P12765 2009 3 28 0 28 14 11 0 11 30 0 0 4 6 0 13 15 22 51 0 34 22 0 9 0 0 24 41 0 51 53 40 0
P12765 2009 4 0 14 8 12 19 0 8 8 0 5 0 0 0 0 0 0 0 8 11 0 0 0 0 0 0 0 0 18 25 0 -999
P12765 2009 5 0 23 16 0 0 19 0 0 0 0 8 0 0 0 0 0 0 0 0 19 0 0 0 0 0 0 0 13 0 0 0
P12765 2009 6 0 0 0 14 0 0 0 0 0 0 4 0 0 0 21 0 0 0 0 0 0 0 0 0 0 0 0 0 0 0 -999
P12765 2009 7 0 0 0 0 0 0 0 0 0 0 0 0 21 0 0 0 0 10 0 17 0 12 0 0 0 0 0 0 0 18 0
P12765 2009 8 0 0 0 0 0 0 0 0 0 0 0 0 0 0 0 0 0 0 10 6 0 0 0 18 10 0 0 10 0 0 0
P12765 2009 9 25 0 0 0 0 0 0 0 0 30 23 0 0 0 0 0 0 0 0 0 0 0 0 0 0 8 0 0 0 0 -999
P12765 2009 10 0 0 4 0 6 0 0 0 0 12 0 0 13 13 14 17 0 0 0 9 0 0 0 0 7 0 0 0 9 0 0
P12765 2009 11 0 0 0 0 0 0 11 11 8 0 0 8 0 10 0 12 10 0 13 0 8 0 33 0 0 0 10 15 14 22 -999
P12765 2009 12 16 28 32 20 54 36 37 0 17 0 18 0 14 12 10 10 19 40 28 0 12 15 22 0 0 43 41 32 21 15 19
P12765 2010 1 0 17 35 64 30 0 0 0 12 0 0 0 12 6 11 12 13 8 0 20 0 0 0 0 0 0 5 0 0 0 11
P12765 2010 2 0 0 0 0 0 11 0 0 0 0 0 0 0 0 0 0 0 2 0 0 0 0 3 0 0 0 3 5 -999 -999 -999
P12765 2010 3 0 0 6 0 0 10 0 13 37 30 0 0 0 0 0 5 7 18 37 12 0 0 0 0 0 0 0 0 0 0 0
P12765 2010 4 0 0 0 0 12 0 23 0 30 24 17 0 0 16 39 0 6 5 0 17 0 0 7 13 0 0 0 0 0 0 -999
P12765 2010 5 0 6 0 19 0 0 0 0 0 0 0 0 0 0 0 0 0 0 0 0 0 10 7 0 0 0 24 14 14 0 0
P12765 2010 6 0 16 0 11 10 0 0 0 0 0 0 18 0 0 0 0 0 0 0 0 0 0 0 0 10 0 0 0 0 0 -999
P12765 2010 7 0 0 0 0 0 0 0 0 0 0 0 0 0 0 0 16 0 0 0 8 0 0 0 0 0 0 0 0 0 17 0
P12765 2010 8 29 0 0 0 0 0 0 0 0 0 0 0 0 0 0 0 0 0 0 6 0 0 0 15 0 0 0 0 0 9 18
P12765 2010 9 8 0 29 14 8 0 0 0 20 0 0 0 0 0 0 0 0 0 0 12 0 0 0 0 25 0 0 0 0 0 -999
P12765 2010 10 0 0 0 0 0 14 0 0 0 0 44 30 46 28 18 0 0 13 19 0 0 18 0 0 12 6 0 10 15 8 8
P12765 2010 11 0 0 0 0 7 0 0 0 0 0 0 0 0 0 0 0 12 0 0 0 7 0 4 0 9 0 0 0 0 0 -999
P12765 2010 12 0 2 0 0 0 9 8 5 7 0 5 15 0 18 0 4 10 0 0 0 0 0 0 0 0 0 0 0 0 0 0
P12765 2011 1 0 0 8 14 16 0 0 4 0 0 0 0 0 0 0 4 2 1 0 0 0 18 27 13 16 0 0 2 0 0 7
P12765 2011 2 12 0 7 0 35 39 29 14 0 0 0 15 0 8 0 7 4 8 10 0 0 30 15 7 0 0 12 26 -999 -999 -999
P12765 2011 3 23 17 12 0 0 0 0 0 0 11 16 0 15 0 25 43 26 18 12 0 16 29 53 115 0 14 31 63 0 0 0
P12765 2011 4 18 28 20 12 0 0 10 0 0 0 14 13 11 0 0 0 28 22 17 0 0 0 0 0 0 0 0 0 0 0 -999
P12765 2011 5 0 0 0 4 0 5 0 11 0 29 0 12 18 16 0 0 0 0 0 0 0 0 0 0 16 15 0 0 0 6 0
P12765 2011 6 10 0 0 0 0 0 0 0 0 0 0 0 0 0 15 10 0 0 0 0 0 16 0 12 0 16 0 0 11 0 -999
P12765 2011 7 0 0 0 0 0 0 0 0 0 0 0 0 0 0 0 0 0 13 13 0 26 0 6 0 0 0 0 0 17 0 0
P12765 2011 8 0 0 0 0 0 0 0 24 0 0 0 0 0 0 0 0 0 0 0 0 0 0 0 0 0 0 0 0 0 0 0
P12765 2011 9 9 0 10 0 0 0 0 0 23 0 0 0 0 0 0 3 0 0 0 0 0 0 8 0 0 0 0 0 0 0 -999
P12765 2011 10 0 0 0 0 0 0 9 0 0 0 0 0 0 22 20 0 0 0 0 0 0 18 19 15 11 9 11 0 0 16 13
P12765 2011 11 0 0 0 17 0 47 0 5 0 0 0 0 0 0 0 0 34 19 0 0 0 29 18 0 0 0 7 0 0 0 -999
P12765 2011 12 8 23 20 2 0 0 0 0 0 0 0 0 0 3 0 44 43 0 45 43 42 21 22 15 0 0 26 0 0 0 49
P12765 2012 1 35 0 3 0 0 0 0 0 0 0 0 0 0 0 0 0 0 1 0 0 0 0 0 0 0 3 0 11 0 0 3
P12765 2012 2 5 0 19 9 4 5 6 0 0 0 0 0 0 0 0 0 0 13 26 17 9 0 0 5 0 1 0 7 -999 -999 -999
P12765 2012 3 24 0 0 0 0 0 6 0 0 0 0 0 13 8 11 0 0 0 21 39 39 0 0 0 16 0 0 0 0 10 0
P12765 2012 4 9 7 0 0 4 20 0 0 5 0 3 0 0 0 35 22 0 7 0 6 0 0 0 30 28 18 27 32 25 0 -999
P12765 2012 5 15 18 0 9 6 0 10 11 15 17 0 0 20 29 23 17 16 0 9 0 0 0 9 0 0 15 0 0 0 0 0
P12765 2012 6 0 1 0 0 0 0 0 0 0 15 12 0 0 0 0 0 0 0 0 0 0 0 0 0 0 0 0 0 0 7 -999
P12765 2012 7 0 0 0 0 0 0 0 0 0 0 18 23 0 11 0 0 0 0 0 7 0 0 9 0 0 20 14 0 0 0 0
P12765 2012 8 0 0 0 0 0 0 0 0 16 0 0 9 0 0 11 0 0 0 0 0 0 0 0 0 0 0 0 0 0 0 0
P12765 2012 9 0 0 0 12 0 0 0 0 0 0 0 0 0 0 9 14 0 0 0 11 8 0 0 15 0 0 0 0 0 9 -999
P12765 2012 10 0 0 0 0 0 0 0 0 0 0 48 0 0 11 0 0 28 26 30 15 0 0 15 0 0 0 0 16 21 41 16
P12765 2012 11 37 0 30 13 14 19 6 11 11 33 0 0 0 0 0 0 11 36 49 38 0 7 0 5 0 0 0 24 32 0 -999
P12765 2012 12 9 0 0 12 17 58 52 48 12 22 19 12 22 0 32 36 0 12 0 0 17 18 9 0 0 0 4 0 12 0 31
P12765 2013 1 13 10 0 0 0 6 20 11 0 11 0 0 0 0 3 0 3 0 0 0 0 0 0 1 0 0 0 0 0 22 5
P12765 2013 2 0 0 0 0 0 5 5 0 0 0 0 0 27 0 0 0 13 50 59 47 37 0 38 49 14 0 5 6 -999 -999 -999
P12765 2013 3 13 15 16 0 0 6 17 30 0 45 81 74 51 20 0 36 27 27 31 21 17 45 37 27 27 12 0 0 0 37 44
P12765 2013 4 27 11 0 16 9 18 0 0 0 0 0 0 16 0 14 0 0 10 12 13 28 0 0 28 33 0 0 0 0 0 -999
P12765 2013 5 7 0 0 0 0 0 0 0 21 27 25 0 0 12 28 0 21 20 15 11 7 0 0 0 0 5 0 0 0 0 0
P12765 2013 6 0 0 0 0 0 0 0 32 34 39 33 28 0 0 0 0 11 0 14 12 12 0 0 0 0 0 34 32 0 17 -999
P12765 2013 7 0 0 7 0 0 22 19 9 9 0 0 0 0 17 0 0 0 0 0 13 0 0 0 0 0 0 0 0 0 0 0
P12765 2013 8 0 0 0 0 0 0 0 21 0 0 0 11 0 0 0 13 7 0 0 7 0 0 14 0 0 0 0 0 24 22 34
P12765 2013 9 0 0 0 0 0 0 0 0 0 0 24 0 6 0 0 0 10 18 0 0 0 0 0 0 0 0 0 0 0 0 -999
P12765 2013 10 0 0 0 0 4 0 10 12 0 25 0 12 9 9 9 13 15 0 8 0 0 0 3 0 2 0 0 6 0 0 0
P12765 2013 11 0 4 0 0 3 0 0 0 5 6 6 4 0 0 0 10 0 91 117 42 46 85 88 43 23 85 0 17 8 0 -999
P12765 2013 12 0 0 26 0 5 0 0 0 0 9 11 0 0 0 0 9 0 5 0 9 0 22 21 0 27 35 13 15 43 28 15
P12765 2014 1 0 0 6 17 23 0 14 27 0 6 17 0 0 25 0 12 1 0 0 1 0 0 0 12 0 23 43 51 67 42 25
P12765 2014 2 25 30 21 0 28 52 39 43 27 28 0 16 0 0 0 0 0 14 12 5 9 0 14 0 0 5 9 15 -999 -999 -999