precip	MIROC5	RCP60	REGRESION	decimas	1
P11896	41.177	-3.675	182	geo	2006	2100	-1
P11896 2006 1 0 8 9 10 0 0 0 0 0 8 18 65 153 68 45 83 64 68 43 22 10 11 28 18 0 14 0 0 26 29 12
P11896 2006 2 0 37 31 17 0 5 0 0 0 0 0 21 30 36 0 35 27 16 26 39 31 0 18 16 11 8 0 0 -999 -999 -999
P11896 2006 3 38 56 68 93 91 82 91 88 60 0 54 43 0 28 28 49 84 89 75 40 46 35 35 30 30 33 31 0 54 45 61
P11896 2006 4 36 38 0 0 0 15 0 0 16 0 0 6 0 8 9 11 15 0 0 0 4 0 10 0 0 28 50 0 38 0 -999
P11896 2006 5 29 32 0 33 30 46 24 0 8 8 10 17 25 27 20 0 17 0 20 25 12 0 0 0 6 0 10 0 19 0 0
P11896 2006 6 0 0 0 9 0 0 0 0 0 10 0 0 0 0 10 0 0 0 14 0 0 0 10 0 0 15 17 16 14 21 -999
P11896 2006 7 18 0 12 11 14 19 20 19 0 0 0 0 17 23 0 0 0 7 0 0 0 0 0 0 0 0 0 0 0 0 0
P11896 2006 8 0 0 0 0 0 0 0 0 0 0 8 0 0 15 0 0 0 0 0 0 17 0 0 0 0 15 10 11 0 0 17
P11896 2006 9 9 0 0 14 17 0 0 10 17 0 11 0 0 0 0 0 19 22 13 0 0 0 17 20 13 0 9 13 14 0 -999
P11896 2006 10 7 0 0 0 0 0 0 0 13 15 14 0 21 23 24 21 12 0 10 12 0 0 8 0 19 20 0 20 21 0 13
P11896 2006 11 16 13 8 0 0 0 0 0 0 0 4 0 0 0 0 0 0 0 5 13 22 27 31 46 22 13 6 0 0 0 -999
P11896 2006 12 0 0 0 0 0 0 23 0 0 0 0 24 27 0 45 66 22 7 0 9 21 0 79 51 44 38 25 20 21 21 0
P11896 2007 1 14 16 10 0 0 0 0 0 0 3 0 3 0 0 0 0 1 4 25 20 12 9 0 19 29 29 23 38 40 30 0
P11896 2007 2 15 20 35 41 25 19 31 80 148 115 36 26 18 16 18 10 19 35 27 26 0 0 0 28 29 27 27 30 -999 -999 -999
P11896 2007 3 0 29 27 37 46 33 0 17 0 0 26 59 66 80 50 24 24 18 0 25 0 25 10 7 0 10 14 0 0 6 0
P11896 2007 4 0 2 0 0 16 29 13 8 7 0 0 0 47 22 0 16 22 36 41 32 0 0 38 38 0 21 0 0 0 0 -999
P11896 2007 5 3 4 10 0 39 24 14 0 0 19 0 0 26 30 25 20 17 23 26 0 9 0 0 0 0 0 0 0 10 0 0
P11896 2007 6 0 20 18 19 0 21 0 9 6 0 0 0 0 0 12 9 0 7 0 0 0 13 0 14 0 13 18 19 0 19 -999
P11896 2007 7 15 0 17 21 0 0 14 10 0 26 26 24 16 9 0 18 0 19 18 0 15 0 0 8 0 0 17 0 0 0 0
P11896 2007 8 0 0 11 0 0 0 0 0 0 0 0 0 0 0 0 0 0 0 0 20 0 0 0 0 14 18 0 17 17 0 0
P11896 2007 9 0 0 5 0 0 8 0 0 0 11 9 0 0 13 0 17 0 0 0 0 0 0 0 12 0 9 7 0 0 6 -999
P11896 2007 10 0 0 0 10 0 0 0 0 0 22 24 24 38 41 17 13 16 32 13 0 18 0 39 40 19 0 28 16 12 9 12
P11896 2007 11 0 11 21 6 0 0 12 9 0 17 0 25 0 20 0 0 0 0 0 0 0 0 7 15 11 12 16 20 23 0 -999
P11896 2007 12 0 0 0 20 18 18 0 13 6 6 0 8 5 5 8 16 25 0 0 0 11 7 10 11 0 10 14 18 0 10 16
P11896 2008 1 25 35 43 48 0 0 1 1 0 7 8 9 0 20 0 25 0 10 19 30 56 60 31 0 0 0 63 44 0 43 56
P11896 2008 2 91 49 60 0 30 42 33 0 0 31 49 29 15 0 33 41 0 0 34 31 0 0 12 0 0 29 25 23 -999 -999 -999
P11896 2008 3 0 12 10 0 7 4 0 0 0 0 0 14 0 0 8 0 0 0 0 0 0 7 0 0 10 14 10 4 0 0 0
P11896 2008 4 0 0 16 0 0 14 7 4 0 0 0 11 0 0 36 41 37 0 14 11 10 8 0 0 0 0 0 0 0 24 -999
P11896 2008 5 0 0 0 0 19 20 0 13 17 28 42 22 0 0 23 0 0 0 23 38 36 28 0 21 12 14 0 10 0 0 16
P11896 2008 6 0 11 0 0 15 22 13 11 0 17 15 0 16 0 0 8 9 0 9 0 0 0 0 0 0 0 0 0 0 11 -999
P11896 2008 7 9 0 0 0 9 0 0 20 0 0 14 0 0 0 18 0 0 0 9 0 0 0 0 0 0 0 0 0 0 0 0
P11896 2008 8 23 0 0 7 0 0 0 0 0 0 15 11 0 0 0 0 0 12 0 0 0 0 0 0 0 0 15 0 0 6 6
P11896 2008 9 8 11 10 0 0 0 0 0 0 0 0 21 0 23 17 0 0 10 12 0 0 0 0 0 19 0 0 18 34 30 -999
P11896 2008 10 28 21 0 0 0 9 18 22 15 13 32 39 0 19 0 0 0 12 0 0 15 13 0 19 17 32 44 33 31 19 18
P11896 2008 11 0 11 37 19 0 4 0 0 16 16 30 0 0 5 0 0 0 25 13 8 4 0 0 4 0 0 0 0 0 0 -999
P11896 2008 12 0 0 0 3 4 7 6 0 13 34 38 16 22 25 11 0 0 12 9 5 0 8 0 7 17 26 23 0 0 0 0
P11896 2009 1 2 0 2 0 12 16 8 7 8 9 0 22 0 0 22 0 4 0 0 0 0 0 0 0 0 4 0 0 4 0 4
P11896 2009 2 0 15 16 18 15 13 14 8 5 8 12 0 11 8 0 0 0 0 0 8 7 6 8 10 9 0 10 0 -999 -999 -999
P11896 2009 3 70 65 58 29 22 18 18 42 51 28 0 15 13 0 38 43 63 48 34 25 0 8 0 27 0 56 0 71 64 54 30
P11896 2009 4 24 38 31 20 30 45 28 22 0 0 17 27 0 28 0 20 12 0 13 0 0 0 9 0 0 0 10 17 0 38 -999
P11896 2009 5 29 31 0 26 0 31 0 15 23 28 30 18 7 0 0 0 0 0 0 0 0 29 25 18 0 0 0 0 0 0 0
P11896 2009 6 0 0 11 0 0 21 19 10 11 0 0 0 0 0 0 0 12 0 0 0 0 0 11 0 0 0 0 0 0 0 -999
P11896 2009 7 0 0 16 0 0 0 0 0 0 0 0 20 19 14 0 0 0 9 0 0 17 0 0 0 0 0 0 9 0 12 22
P11896 2009 8 0 0 0 0 0 0 0 0 0 17 0 0 0 9 0 0 0 0 0 0 0 0 0 0 11 0 9 0 0 22 18
P11896 2009 9 24 19 0 0 0 0 0 0 0 0 28 19 13 6 0 10 0 0 0 0 0 23 22 19 0 0 9 8 8 0 -999
P11896 2009 10 0 7 5 0 0 6 0 0 0 0 17 20 0 16 17 22 24 24 21 0 0 0 16 34 12 0 0 0 0 0 0
P11896 2009 11 0 4 6 0 0 7 0 12 9 5 0 0 0 6 0 0 18 0 12 19 11 0 26 21 0 0 19 18 17 22 -999
P11896 2009 12 24 27 38 22 46 55 68 41 29 54 41 19 20 12 0 0 0 22 29 21 0 15 0 17 0 22 32 29 0 10 0
P11896 2010 1 0 0 0 57 60 0 14 0 15 0 9 0 16 10 13 21 0 11 0 13 9 0 4 0 0 0 0 0 0 0 16
P11896 2010 2 11 0 0 0 19 0 0 12 12 0 4 0 0 0 6 7 0 0 10 14 0 17 0 0 8 8 0 0 -999 -999 -999
P11896 2010 3 0 0 0 10 16 24 0 26 42 37 25 16 11 12 0 9 0 25 47 40 0 0 0 0 0 0 4 0 0 0 0
P11896 2010 4 0 0 26 0 0 0 0 34 35 33 0 27 28 29 47 0 23 14 0 19 0 0 0 23 39 17 13 16 36 32 -999
P11896 2010 5 23 15 25 30 27 17 0 0 0 13 0 0 0 0 0 0 22 20 14 6 9 0 0 0 21 0 37 0 19 0 12
P11896 2010 6 0 24 23 16 0 0 0 0 0 0 0 0 21 0 18 26 0 5 0 0 0 0 0 0 0 0 0 0 0 19 -999
P11896 2010 7 19 0 11 0 0 15 0 13 0 0 0 0 0 0 0 16 0 0 0 0 0 0 0 13 0 0 0 7 0 0 0
P11896 2010 8 0 0 0 0 0 9 12 0 0 0 0 16 0 11 0 0 15 0 0 0 0 0 11 14 0 13 11 0 8 0 0
P11896 2010 9 13 0 0 0 0 0 0 0 21 0 16 23 25 0 0 13 9 0 0 13 0 10 0 10 0 16 7 0 0 0 -999
P11896 2010 10 0 0 0 4 0 0 0 0 21 27 38 27 39 34 24 18 15 15 21 14 20 0 21 11 14 0 0 9 18 17 0
P11896 2010 11 0 8 0 10 0 4 0 0 0 0 0 0 0 5 8 13 18 0 0 9 0 0 4 0 0 0 0 0 0 0 -999
P11896 2010 12 9 9 10 17 18 19 20 11 13 13 0 0 0 32 0 0 8 0 13 8 3 0 0 0 0 0 5 0 0 0 0
P11896 2011 1 4 7 0 0 12 0 0 3 0 0 0 0 6 0 0 6 0 0 0 6 0 32 66 0 23 0 0 8 6 5 0
P11896 2011 2 0 0 9 20 0 0 16 9 3 0 0 18 19 14 19 16 8 10 11 11 0 0 0 0 0 0 17 35 -999 -999 -999
P11896 2011 3 40 0 0 0 0 13 0 9 0 21 25 31 0 0 39 75 0 53 35 37 39 48 64 111 58 22 31 53 0 0 10
P11896 2011 4 17 0 20 0 0 13 0 0 0 24 22 23 26 0 0 0 32 35 0 0 26 14 0 0 0 0 0 0 0 0 -999
P11896 2011 5 11 22 16 0 0 0 0 0 21 0 13 9 0 0 15 0 0 0 0 17 27 16 0 14 0 19 0 0 0 0 18
P11896 2011 6 0 13 0 0 0 0 0 0 0 0 0 0 0 0 0 0 0 0 0 5 0 18 0 14 0 17 0 15 0 12 -999
P11896 2011 7 0 10 0 14 0 0 0 0 0 0 0 0 0 0 0 0 0 0 0 0 0 0 0 6 0 0 0 0 0 0 0
P11896 2011 8 0 0 0 0 0 0 0 0 0 0 0 0 0 0 10 0 0 0 0 13 0 0 0 0 0 0 0 11 0 0 0
P11896 2011 9 0 7 0 0 0 0 0 0 30 0 15 6 0 0 0 3 0 0 0 0 0 5 7 0 0 0 7 0 0 0 -999
P11896 2011 10 0 0 0 0 0 4 6 0 0 0 11 0 15 0 11 0 0 0 0 8 0 0 19 18 16 0 11 13 23 31 0
P11896 2011 11 14 12 20 36 61 64 52 0 0 6 0 0 0 0 0 12 32 25 0 0 0 56 57 51 0 12 0 16 10 0 -999
P11896 2011 12 0 17 28 15 0 11 0 4 0 9 0 0 19 0 13 38 52 49 54 50 65 36 0 0 19 34 30 25 23 26 37
P11896 2012 1 52 30 0 0 3 0 0 0 0 0 0 0 0 0 0 0 9 10 0 0 0 0 0 3 0 0 5 9 14 0 10
P11896 2012 2 0 19 41 29 0 9 0 6 0 0 0 0 0 0 0 1 0 10 28 29 0 0 0 0 0 0 0 20 -999 -999 -999
P11896 2012 3 46 65 43 0 26 22 0 7 0 1 4 11 24 17 0 0 0 22 0 0 0 19 15 18 18 0 0 0 0 0 0
P11896 2012 4 5 10 0 0 0 0 34 37 18 10 9 16 27 72 56 35 34 29 0 21 16 0 0 37 55 46 40 38 38 39 -999
P11896 2012 5 24 24 24 17 9 0 0 17 25 21 0 23 27 35 33 25 20 18 0 12 13 0 0 14 32 32 28 0 10 0 0
P11896 2012 6 0 6 0 5 0 0 0 0 0 0 0 18 18 0 25 0 7 0 0 0 0 0 0 7 0 0 13 0 0 0 -999
P11896 2012 7 11 0 0 0 13 0 13 0 0 0 0 0 0 12 0 0 0 0 14 0 13 0 0 16 0 17 11 7 0 11 13
P11896 2012 8 0 0 0 0 0 0 0 0 0 0 0 0 0 0 0 0 0 0 0 0 0 0 9 0 0 14 0 0 0 0 0
P11896 2012 9 0 0 0 0 0 0 0 0 0 0 0 0 0 0 0 9 0 0 0 0 0 0 0 13 16 0 0 14 0 11 -999
P11896 2012 10 0 0 0 0 0 0 0 0 21 0 0 21 10 0 21 24 18 16 18 0 0 27 19 11 12 14 24 21 19 43 37
P11896 2012 11 40 59 50 27 17 18 6 7 0 32 0 10 4 0 4 5 0 0 47 36 0 0 7 0 11 14 0 0 29 24 -999
P11896 2012 12 0 9 0 0 0 41 43 40 14 15 14 0 17 60 48 50 44 29 20 19 14 24 10 18 17 12 8 6 14 20 58
P11896 2013 1 39 20 24 42 32 0 17 18 0 5 0 5 0 0 0 0 6 6 9 3 3 4 3 0 2 0 5 0 0 21 12
P11896 2013 2 0 0 0 0 0 5 5 0 0 0 0 0 0 69 50 22 21 42 65 55 46 51 45 72 0 0 0 4 -999 -999 -999
P11896 2013 3 0 0 8 13 0 0 17 39 34 0 82 72 61 28 22 28 31 27 28 26 19 38 43 18 20 0 21 33 39 44 71
P11896 2013 4 38 0 0 16 19 29 35 19 0 0 0 0 0 0 17 27 0 11 15 0 38 33 21 29 48 19 0 0 6 6 -999
P11896 2013 5 6 0 9 20 16 10 0 27 27 36 44 31 0 0 24 34 33 30 22 18 17 5 0 0 11 0 0 0 0 8 0
P11896 2013 6 0 0 26 20 14 13 0 31 35 43 39 0 28 23 17 0 0 16 15 0 9 0 0 0 0 0 0 25 27 0 -999
P11896 2013 7 15 13 9 0 0 24 0 0 0 0 0 0 9 0 0 0 17 0 8 0 0 0 0 0 11 0 0 0 10 0 15
P11896 2013 8 11 0 15 0 0 18 18 20 0 0 0 14 0 0 12 0 0 0 0 0 0 11 13 0 14 0 0 0 27 21 31
P11896 2013 9 27 18 14 7 0 10 0 0 0 0 0 0 0 0 0 0 0 0 17 0 18 16 12 0 0 0 0 0 0 0 -999
P11896 2013 10 0 0 9 0 0 0 0 0 0 15 0 0 9 10 11 18 29 0 17 0 0 0 0 0 6 6 0 0 0 0 0
P11896 2013 11 0 0 0 0 0 0 0 0 15 0 22 18 11 0 0 0 18 87 143 77 0 69 90 75 37 64 45 34 18 0 -999
P11896 2013 12 18 45 35 33 0 0 0 0 13 10 6 9 0 8 10 0 7 3 0 8 8 8 10 18 15 0 18 17 30 32 17
P11896 2014 1 20 9 5 0 18 19 13 19 15 0 0 17 0 0 20 14 0 1 0 0 3 3 0 6 15 20 36 47 80 71 38
P11896 2014 2 32 44 28 33 27 39 0 63 37 51 13 16 24 10 0 0 0 14 25 0 0 10 13 0 0 0 8 23 -999 -999 -999