precip	MIROC5	RCP60	REGRESION	decimas	1
P1497	37.450	-6.126	182	geo	2006	2100	-1
P1497 2006 1 0 0 9 0 0 18 17 0 0 0 24 186 185 27 83 149 116 98 84 0 4 0 15 0 18 24 0 0 0 44 5
P1497 2006 2 0 127 0 0 0 0 0 1 0 0 0 26 57 75 0 9 0 0 20 32 0 7 0 0 0 0 0 0 -999 -999 -999
P1497 2006 3 53 0 125 148 110 124 104 118 53 106 126 0 24 0 0 97 236 210 99 48 71 53 46 28 40 40 0 59 82 50 76
P1497 2006 4 16 0 0 35 0 11 0 66 0 0 0 0 0 6 0 0 0 0 9 1 0 0 0 0 0 0 0 32 0 0 -999
P1497 2006 5 0 0 0 0 36 0 20 0 0 0 0 0 0 0 0 6 15 6 0 16 0 0 0 0 0 0 0 14 0 0 0
P1497 2006 6 0 0 0 0 8 0 0 0 0 0 0 0 0 0 0 0 0 0 0 0 0 0 0 0 0 16 0 0 0 0 -999
P1497 2006 7 0 0 8 5 0 0 0 0 0 0 0 0 0 0 0 0 0 0 0 0 0 0 0 0 0 0 0 0 0 0 0
P1497 2006 8 0 0 0 0 0 19 0 0 0 0 0 0 0 0 0 0 0 0 0 0 0 0 0 0 0 7 0 0 0 0 0
P1497 2006 9 0 0 21 0 0 0 0 0 0 0 0 0 0 0 0 0 0 0 0 0 0 0 0 0 0 0 0 0 0 2 -999
P1497 2006 10 0 0 0 0 0 0 0 0 0 0 0 0 0 0 0 17 8 0 0 0 0 0 0 11 0 0 0 0 9 0 0
P1497 2006 11 0 0 12 0 19 0 62 0 0 0 0 0 0 0 0 0 0 2 0 12 0 6 31 34 0 0 3 0 0 0 -999
P1497 2006 12 0 0 0 0 0 0 30 161 147 95 0 58 0 32 119 169 0 0 0 0 0 58 151 54 61 64 55 50 48 0 17
P1497 2007 1 0 0 0 0 0 0 0 0 0 0 0 0 0 8 0 0 0 0 0 0 0 0 0 0 10 0 5 9 7 15 0
P1497 2007 2 0 0 0 7 4 0 38 160 246 0 22 0 0 0 0 9 38 63 0 32 52 0 0 30 42 49 44 33 -999 -999 -999
P1497 2007 3 0 0 24 109 87 0 19 16 12 0 0 45 39 62 24 0 0 0 0 43 0 16 0 0 0 0 0 3 0 0 0
P1497 2007 4 0 0 0 11 0 9 1 1 0 0 0 0 0 0 0 0 0 0 63 34 40 12 0 39 9 6 0 0 0 0 -999
P1497 2007 5 0 0 0 33 83 0 0 0 0 19 0 0 0 27 20 15 0 0 0 16 0 0 0 0 0 0 0 0 0 10 0
P1497 2007 6 25 11 11 0 19 0 0 0 0 0 0 0 0 0 5 0 0 0 0 0 9 0 27 0 0 0 0 0 0 0 -999
P1497 2007 7 0 0 0 0 0 0 0 0 0 0 0 0 0 0 0 0 0 0 0 0 0 0 0 0 0 0 0 0 0 0 0
P1497 2007 8 0 1 0 0 0 0 0 0 0 0 0 0 0 0 0 0 0 0 0 17 0 0 0 0 0 0 28 19 12 0 0
P1497 2007 9 0 0 0 0 0 0 0 0 0 0 0 0 0 0 0 0 4 0 0 0 0 0 0 0 0 0 0 0 0 0 -999
P1497 2007 10 0 0 0 0 0 0 0 0 20 14 0 0 0 54 16 0 0 74 0 0 0 54 52 44 14 0 26 0 0 0 0
P1497 2007 11 0 0 0 0 0 0 0 0 0 36 0 45 9 0 0 2 0 0 1 0 0 0 0 0 0 7 0 0 6 0 -999
P1497 2007 12 0 0 14 0 10 0 0 0 0 0 0 0 0 0 0 5 62 44 0 5 15 0 0 18 0 6 0 0 0 0 0
P1497 2008 1 9 0 9 0 10 0 0 0 0 0 0 0 18 49 49 66 0 0 20 27 105 103 39 26 60 167 230 81 70 88 132
P1497 2008 2 255 50 133 44 36 56 67 106 0 43 95 0 0 17 43 54 67 73 56 0 7 13 15 20 26 26 34 30 -999 -999 -999
P1497 2008 3 0 0 7 0 0 0 0 0 0 0 0 0 12 0 0 0 3 0 0 0 0 0 0 0 10 10 0 0 0 0 0
P1497 2008 4 0 3 0 0 0 1 3 0 0 0 0 0 0 0 85 38 29 18 0 0 0 0 0 0 0 0 0 0 0 0 -999
P1497 2008 5 10 0 0 0 13 0 0 0 13 0 48 0 0 37 0 0 10 0 27 42 27 45 61 0 0 0 0 0 0 0 0
P1497 2008 6 0 0 0 0 0 23 13 0 27 0 0 0 0 0 0 6 0 0 0 0 0 0 0 0 0 0 0 0 0 0 -999
P1497 2008 7 0 0 0 0 0 0 0 0 0 0 0 0 0 0 0 0 0 0 0 0 0 0 0 0 0 0 0 0 0 0 0
P1497 2008 8 0 0 0 0 0 0 0 0 0 0 0 0 0 0 0 0 0 0 0 0 0 0 0 0 0 0 0 6 6 0 0
P1497 2008 9 0 0 0 0 0 0 0 7 9 0 0 0 0 24 10 10 0 0 0 0 0 0 0 0 0 12 0 0 33 0 -999
P1497 2008 10 0 0 0 0 0 0 0 0 0 0 0 0 30 0 0 0 0 9 0 0 0 0 0 0 18 0 31 18 12 0 12
P1497 2008 11 0 1 0 0 0 0 0 0 0 0 0 0 1 0 0 0 0 31 0 0 0 0 0 0 3 0 0 0 0 0 -999
P1497 2008 12 0 0 0 0 0 0 0 0 0 0 0 0 0 12 0 3 0 0 0 0 0 11 8 11 23 30 26 22 1 0 0
P1497 2009 1 0 0 0 0 0 0 0 0 0 0 0 7 0 0 15 4 0 0 0 0 0 0 0 0 0 0 0 0 0 0 0
P1497 2009 2 0 0 0 12 0 0 0 0 0 1 0 0 0 3 0 0 1 0 0 0 0 0 0 0 0 7 0 0 -999 -999 -999
P1497 2009 3 32 50 52 32 0 0 0 63 49 0 0 0 12 13 21 17 0 59 0 0 0 0 0 0 25 87 81 97 112 59 24
P1497 2009 4 0 0 13 19 0 53 6 6 4 4 0 0 0 25 0 0 0 0 5 0 0 0 0 0 0 2 0 0 0 0 -999
P1497 2009 5 32 39 0 23 0 0 0 0 31 36 0 10 0 0 0 0 0 0 0 0 0 0 22 0 0 0 0 0 0 0 0
P1497 2009 6 0 0 0 0 0 0 18 0 13 0 0 0 0 0 0 0 0 0 0 0 0 0 0 0 0 0 0 0 0 0 -999
P1497 2009 7 0 0 0 0 0 0 0 0 0 0 0 30 0 0 6 0 0 0 0 0 0 0 0 0 5 0 0 0 0 0 0
P1497 2009 8 20 0 0 0 0 0 0 0 0 0 0 0 0 0 0 0 0 0 0 0 0 0 30 20 0 0 0 0 0 25 0
P1497 2009 9 30 0 0 0 0 0 0 0 0 0 0 0 8 0 0 0 0 0 5 0 0 0 0 0 0 0 0 0 0 0 -999
P1497 2009 10 0 0 0 0 0 0 0 0 0 0 0 0 16 16 0 28 0 0 10 0 15 0 0 43 0 0 0 0 0 0 0
P1497 2009 11 0 0 0 0 0 0 0 0 0 0 0 4 5 0 0 15 0 0 0 17 0 0 69 49 0 0 0 0 0 28 -999
P1497 2009 12 11 0 40 20 50 39 81 0 26 68 43 0 0 8 0 0 0 56 23 0 0 9 0 0 0 76 96 92 0 0 19
P1497 2010 1 0 25 0 116 0 20 9 0 28 14 0 0 0 7 0 0 0 15 16 0 27 0 0 0 0 0 8 0 12 0 22
P1497 2010 2 18 0 0 9 0 11 0 0 1 0 0 0 0 0 0 0 0 0 0 0 0 0 0 0 0 1 0 0 -999 -999 -999
P1497 2010 3 6 0 0 0 13 20 31 43 116 85 43 18 0 7 0 0 12 32 65 16 0 0 0 0 0 0 0 0 0 0 0
P1497 2010 4 20 0 0 0 0 17 0 0 0 0 0 0 15 17 83 0 0 0 0 37 20 0 2 0 18 6 0 0 16 0 -999
P1497 2010 5 0 0 0 0 24 0 0 0 0 0 0 0 14 0 11 23 0 0 0 0 0 0 13 0 0 50 0 12 15 14 8
P1497 2010 6 0 25 20 0 0 0 5 0 0 0 0 0 0 14 0 0 0 0 0 0 0 0 0 0 0 0 0 0 0 0 -999
P1497 2010 7 0 0 4 0 0 0 0 0 0 0 0 0 0 0 0 0 0 0 0 0 0 0 0 0 0 0 0 0 0 0 0
P1497 2010 8 0 0 0 0 0 0 0 0 0 0 0 0 0 13 0 0 0 0 0 0 0 0 0 0 36 0 0 0 0 0 0
P1497 2010 9 8 0 0 0 2 0 0 0 0 0 0 18 0 0 0 0 0 0 0 0 0 0 0 0 0 0 0 3 0 0 -999
P1497 2010 10 0 0 0 0 0 14 0 0 0 52 51 24 45 0 13 7 0 0 0 11 20 43 16 0 11 0 0 0 0 7 0
P1497 2010 11 0 0 0 0 0 0 0 0 0 0 0 0 0 0 3 0 0 0 0 0 0 0 0 0 0 0 0 0 0 0 -999
P1497 2010 12 0 0 0 0 8 0 0 0 17 0 7 0 47 32 0 0 4 0 0 0 0 0 0 0 0 0 0 0 0 0 0
P1497 2011 1 0 0 0 12 21 9 0 0 0 0 0 0 0 0 0 0 0 0 0 0 0 0 0 0 0 0 0 0 0 0 4
P1497 2011 2 12 0 0 0 28 0 27 0 0 0 0 16 0 0 0 0 0 0 0 0 0 0 25 0 0 10 25 59 -999 -999 -999
P1497 2011 3 84 57 10 0 0 4 0 3 3 0 20 0 0 0 51 122 125 27 0 29 18 35 79 227 51 14 52 114 0 0 0
P1497 2011 4 0 0 0 0 0 0 0 0 0 0 0 0 0 0 0 0 65 0 0 0 0 0 0 0 0 0 0 0 0 0 -999
P1497 2011 5 0 0 0 0 0 2 6 0 0 30 0 0 0 0 0 0 0 0 0 0 0 10 0 0 0 0 0 10 0 0 0
P1497 2011 6 0 9 0 0 0 0 0 0 0 0 0 0 0 0 0 0 0 0 0 0 0 0 0 0 0 0 0 9 7 0 -999
P1497 2011 7 0 0 0 0 0 0 0 0 0 0 0 0 0 0 0 0 0 9 0 0 0 0 0 0 0 0 0 0 0 0 0
P1497 2011 8 0 0 0 0 0 0 0 0 0 0 0 0 0 0 0 0 0 0 0 0 0 0 0 0 0 0 0 9 0 0 0
P1497 2011 9 0 0 0 0 0 0 0 0 0 31 0 0 0 0 0 0 0 0 0 0 0 0 0 0 0 0 0 0 0 0 -999
P1497 2011 10 13 0 0 0 0 0 0 0 0 0 14 0 32 0 0 0 0 0 0 0 0 22 0 0 11 0 0 0 0 0 14
P1497 2011 11 4 0 4 15 52 63 0 0 5 0 0 8 5 0 0 0 52 30 19 0 0 0 0 12 0 10 0 0 0 0 -999
P1497 2011 12 0 31 0 0 4 8 6 0 12 0 13 0 6 0 0 45 0 53 48 63 79 32 44 18 38 22 17 0 0 0 46
P1497 2012 1 108 19 2 0 0 0 0 0 0 0 0 0 0 0 0 0 0 0 1 0 7 0 0 0 0 0 0 24 38 45 0
P1497 2012 2 0 29 43 16 0 12 0 0 0 0 0 0 0 0 0 0 0 17 44 48 0 0 8 0 0 0 0 0 -999 -999 -999
P1497 2012 3 18 56 0 21 16 20 0 0 0 0 0 0 15 0 0 0 23 0 0 0 0 0 0 25 0 0 0 0 20 0 0
P1497 2012 4 0 0 0 0 0 0 0 13 1 1 0 5 11 57 61 55 0 0 5 7 6 0 0 50 43 32 0 80 62 32 -999
P1497 2012 5 0 0 0 15 0 0 0 0 0 17 0 0 24 29 23 15 15 18 0 0 0 0 11 0 0 15 0 0 5 0 0
P1497 2012 6 0 0 0 0 0 0 0 26 0 0 0 0 0 0 0 10 0 0 0 0 0 0 0 0 0 0 0 0 0 0 -999
P1497 2012 7 0 0 0 0 0 0 0 0 0 0 0 26 0 0 0 0 0 0 0 0 11 0 0 0 0 0 0 0 0 0 0
P1497 2012 8 10 0 0 0 0 0 0 0 0 0 0 0 0 0 0 0 0 0 0 2 0 0 0 0 0 0 0 0 0 0 0
P1497 2012 9 0 0 0 0 0 0 0 0 0 0 0 0 0 0 0 0 0 0 0 0 0 0 0 0 0 0 0 0 0 0 -999
P1497 2012 10 0 0 0 0 0 0 0 0 0 0 69 0 0 7 0 29 0 43 47 0 0 0 27 0 0 0 32 11 11 27 13
P1497 2012 11 22 46 35 0 0 0 0 0 3 21 0 0 0 0 0 0 0 0 87 41 0 0 0 0 0 0 0 33 59 0 -999
P1497 2012 12 12 0 0 15 39 147 95 84 0 0 23 0 45 131 0 50 47 19 0 0 0 29 0 0 0 0 0 0 0 0 0
P1497 2013 1 18 17 27 66 0 0 0 10 0 0 0 0 0 0 0 3 0 0 1 0 0 0 0 0 0 0 0 0 0 33 8
P1497 2013 2 0 0 0 0 0 0 0 0 0 6 0 0 49 72 27 0 21 0 107 75 53 0 64 92 37 6 0 0 -999 -999 -999
P1497 2013 3 0 0 0 0 0 0 23 29 0 98 160 181 83 20 28 40 0 41 44 28 24 70 61 40 37 0 0 0 49 48 77
P1497 2013 4 0 0 0 0 0 10 16 0 0 0 0 0 0 0 8 0 0 0 0 0 30 0 0 0 66 0 0 5 0 0 -999
P1497 2013 5 0 0 0 0 0 0 15 0 0 34 29 10 4 0 0 0 0 21 17 0 0 0 0 0 0 0 0 0 0 0 0
P1497 2013 6 0 35 0 25 0 0 0 0 54 46 40 31 0 9 0 0 0 0 0 0 0 6 0 0 0 0 0 0 0 13 -999
P1497 2013 7 0 0 0 0 0 16 0 0 0 0 0 0 0 0 0 0 0 0 0 0 0 0 0 0 0 0 0 0 0 0 0
P1497 2013 8 0 0 0 0 0 0 11 0 0 0 0 0 0 0 0 0 0 0 0 0 11 0 0 0 0 0 0 21 0 0 0
P1497 2013 9 0 0 0 0 0 0 0 0 0 0 0 0 0 0 0 0 0 0 0 0 0 0 7 0 0 0 0 0 0 0 -999
P1497 2013 10 0 0 0 0 0 0 0 0 0 20 0 0 0 0 0 9 25 0 0 0 0 0 0 0 0 0 0 5 0 0 0
P1497 2013 11 0 0 0 0 0 0 0 0 5 2 7 0 0 4 0 0 24 212 239 60 127 189 205 0 0 114 47 18 5 0 -999
P1497 2013 12 0 49 19 0 0 0 0 13 0 0 8 0 19 0 31 18 0 0 0 0 0 17 25 70 23 31 0 0 73 27 22
P1497 2014 1 20 0 0 0 30 33 0 33 9 0 0 0 0 0 50 0 0 0 0 0 0 0 0 0 23 43 89 96 165 123 0
P1497 2014 2 0 34 16 33 46 100 0 98 34 0 0 8 0 0 0 0 0 12 11 0 0 4 0 0 0 6 0 43 -999 -999 -999