precip	MIROC5	RCP60	REGRESION	decimas	1
P14586	42.045	-7.077	182	geo	2006	2100	-1
P14586 2006 1 0 25 0 11 12 47 0 0 30 0 76 161 297 99 227 255 189 157 62 53 28 30 70 15 0 67 73 0 88 73 0
P14586 2006 2 48 102 69 83 0 0 0 0 0 6 0 0 0 0 0 60 76 70 142 77 32 28 26 18 18 14 0 48 -999 -999 -999
P14586 2006 3 94 164 195 262 240 225 219 165 129 0 0 50 55 58 66 130 183 204 219 163 181 153 132 109 107 143 153 149 142 153 85
P14586 2006 4 115 165 88 100 67 28 0 0 0 0 9 0 0 0 0 0 20 0 13 0 0 0 0 0 41 34 44 38 24 36 -999
P14586 2006 5 47 69 67 0 77 0 37 22 0 23 24 0 72 90 79 62 53 55 95 80 34 0 0 0 0 0 0 0 30 22 0
P14586 2006 6 7 0 0 9 0 0 0 7 0 0 0 0 0 10 11 0 0 0 0 0 6 0 6 10 14 13 21 23 0 0 -999
P14586 2006 7 0 16 0 0 0 19 24 22 0 0 0 0 0 34 0 0 0 0 0 0 16 0 0 0 0 0 13 0 0 0 0
P14586 2006 8 0 0 0 0 0 0 0 0 0 0 0 8 13 0 0 0 0 2 0 0 0 7 0 0 41 32 0 12 0 0 27
P14586 2006 9 0 11 0 0 0 8 0 0 23 0 0 22 32 15 19 36 29 32 27 0 18 0 28 0 21 24 0 37 0 37 -999
P14586 2006 10 9 0 0 0 0 0 0 0 20 0 0 13 0 23 0 25 0 17 23 23 44 45 25 0 0 103 46 95 0 76 68
P14586 2006 11 63 0 0 13 0 0 58 30 0 0 0 0 0 0 4 0 0 12 0 41 0 58 0 25 36 25 0 0 0 0 -999
P14586 2006 12 0 0 0 0 0 0 0 0 0 0 0 0 32 52 125 0 32 14 0 11 0 100 187 146 163 128 71 76 127 107 65
P14586 2007 1 57 87 66 25 32 3 0 0 0 0 0 0 0 8 0 1 0 8 25 8 0 0 9 0 30 31 0 69 64 50 41
P14586 2007 2 27 57 89 68 0 24 57 97 216 115 83 47 45 52 43 0 0 41 28 33 0 25 31 61 79 83 84 62 -999 -999 -999
P14586 2007 3 35 45 0 54 82 0 0 0 0 0 40 65 97 250 116 73 124 73 46 93 81 39 6 0 0 0 17 8 9 0 0
P14586 2007 4 3 0 0 20 35 83 16 13 0 0 0 42 99 48 33 38 0 87 125 89 0 0 87 71 32 37 8 0 0 0 -999
P14586 2007 5 0 0 0 31 84 0 24 0 0 41 25 35 39 42 52 69 33 36 55 20 0 0 0 0 0 0 0 0 8 0 0
P14586 2007 6 14 0 0 18 19 14 0 5 0 0 0 0 0 0 0 4 0 10 0 0 0 0 20 0 11 0 21 23 24 25 -999
P14586 2007 7 27 23 0 0 0 0 0 0 0 54 0 0 30 0 0 0 0 0 20 0 39 0 0 0 0 0 13 0 15 0 0
P14586 2007 8 0 0 0 24 0 11 0 0 0 0 9 0 0 0 0 0 11 10 0 43 49 0 0 0 9 16 0 17 12 6 5
P14586 2007 9 0 0 1 0 0 5 0 0 0 0 0 20 0 0 0 0 0 0 0 0 0 13 0 0 28 15 0 0 0 16 -999
P14586 2007 10 0 29 0 0 0 7 15 0 17 18 0 56 75 109 73 0 0 105 58 0 28 91 161 135 59 0 110 17 49 50 55
P14586 2007 11 34 34 33 0 32 0 35 0 0 0 116 92 102 135 25 0 21 0 0 0 0 10 0 39 18 24 0 0 0 17 -999
P14586 2007 12 9 0 0 13 0 0 8 0 0 8 28 15 0 9 0 36 39 0 14 0 0 0 0 41 72 49 0 35 5 11 22
P14586 2008 1 0 79 99 105 42 0 0 0 0 2 0 0 0 0 0 0 0 0 58 57 151 131 0 0 0 135 110 60 86 118 161
P14586 2008 2 196 180 203 178 121 163 94 116 117 86 130 63 65 40 139 132 0 107 66 28 0 19 0 0 0 0 54 33 -999 -999 -999
P14586 2008 3 0 0 0 26 0 0 7 0 0 14 24 34 0 0 0 6 0 0 0 12 25 35 0 0 0 0 13 0 0 0 0
P14586 2008 4 0 6 17 0 0 14 0 4 0 0 0 0 23 0 51 47 35 22 11 0 19 11 0 0 0 0 0 0 0 0 -999
P14586 2008 5 15 8 0 10 0 15 0 13 0 66 106 88 0 69 42 26 0 0 36 49 48 55 79 44 28 0 0 0 0 18 0
P14586 2008 6 16 0 11 0 23 25 0 0 0 30 25 36 36 0 25 0 13 19 0 0 0 0 9 0 0 0 0 22 20 0 -999
P14586 2008 7 0 3 0 0 0 0 0 0 19 0 0 11 0 23 0 13 0 0 16 0 17 18 30 0 18 16 0 0 4 0 0
P14586 2008 8 21 12 0 0 0 0 0 0 0 48 39 0 0 0 12 0 0 10 0 0 0 0 6 5 0 14 0 0 8 0 0
P14586 2008 9 0 32 0 0 0 0 0 12 0 0 0 22 0 68 48 0 0 11 0 0 8 0 23 0 54 0 0 52 98 87 -999
P14586 2008 10 127 58 19 44 6 0 31 34 15 24 77 110 75 20 3 0 0 0 0 20 27 33 38 37 49 134 127 98 60 32 58
P14586 2008 11 48 29 61 0 0 0 0 0 21 28 41 0 14 14 0 0 75 146 60 51 18 0 0 0 0 0 0 0 0 4 -999
P14586 2008 12 4 3 0 0 0 2 0 0 0 84 56 20 68 46 0 8 32 31 28 20 8 0 0 64 137 129 105 37 0 0 0
P14586 2009 1 0 0 0 0 23 26 0 10 0 13 0 33 29 33 25 0 4 0 0 0 0 0 2 0 0 0 0 0 0 0 0
P14586 2009 2 7 20 28 27 14 14 8 0 0 0 9 0 14 6 0 0 0 0 11 33 8 7 0 0 1 0 0 98 -999 -999 -999
P14586 2009 3 109 100 71 35 35 39 74 110 0 8 0 0 8 32 54 136 241 236 187 134 29 0 82 98 103 87 105 116 149 116 61
P14586 2009 4 0 22 16 26 37 45 30 43 32 0 0 49 48 39 22 12 16 20 54 55 0 0 0 0 0 0 0 0 0 0 -999
P14586 2009 5 0 52 42 49 29 41 38 0 39 0 16 23 16 11 0 0 3 0 0 14 0 0 6 0 0 0 0 0 13 0 0
P14586 2009 6 0 11 0 18 15 23 0 15 17 0 12 0 0 0 18 0 8 0 0 0 0 0 13 0 0 0 0 0 0 0 -999
P14586 2009 7 19 0 0 0 0 0 0 0 0 16 0 25 30 0 0 0 0 0 10 0 0 0 0 0 0 0 0 0 5 15 0
P14586 2009 8 41 0 0 9 0 0 0 0 0 0 0 0 0 0 0 0 0 0 0 0 0 9 0 0 0 0 0 22 0 22 0
P14586 2009 9 0 66 16 0 0 0 0 20 32 28 39 31 0 0 0 0 0 8 0 0 0 26 33 37 11 0 0 0 8 11 -999
P14586 2009 10 0 0 0 0 0 0 0 3 0 0 0 0 0 0 19 0 31 26 0 23 27 25 83 115 0 0 0 0 17 0 16
P14586 2009 11 0 0 0 0 6 0 0 0 23 0 0 29 31 42 63 0 26 0 63 110 41 0 0 0 0 23 42 68 0 87 -999
P14586 2009 12 111 183 135 94 259 199 146 130 63 73 60 71 100 73 52 31 61 100 102 40 0 84 125 101 108 104 91 0 57 77 66
P14586 2010 1 0 0 92 115 46 9 0 0 29 22 0 12 29 14 0 47 67 40 63 46 0 0 0 0 0 0 0 0 0 0 0
P14586 2010 2 12 7 0 3 34 48 19 9 10 3 0 0 0 0 3 0 5 0 28 25 23 37 26 27 0 0 0 0 -999 -999 -999
P14586 2010 3 0 0 0 14 15 0 0 0 26 54 30 0 12 9 0 0 15 53 88 0 0 0 0 1 0 0 0 5 8 10 0
P14586 2010 4 27 0 38 0 0 0 41 63 67 64 35 24 21 65 0 16 0 11 0 29 0 24 0 78 35 0 13 43 61 40 -999
P14586 2010 5 26 22 0 31 23 17 0 0 0 0 9 0 0 0 18 30 0 54 26 5 4 0 0 0 0 31 40 30 31 21 5
P14586 2010 6 0 31 42 28 18 0 0 0 0 0 0 7 16 17 0 0 28 0 0 0 0 0 0 0 5 0 0 0 13 0 -999
P14586 2010 7 0 33 0 0 0 0 0 0 0 6 0 0 5 0 15 0 11 0 0 0 0 0 0 12 0 0 0 0 0 0 0
P14586 2010 8 0 0 0 0 0 0 0 0 0 0 0 0 0 0 0 23 0 0 0 0 0 0 0 0 0 0 15 0 0 0 22
P14586 2010 9 0 0 62 66 25 9 13 0 25 0 16 37 31 21 31 0 0 0 24 17 0 0 0 25 35 21 11 9 0 0 -999
P14586 2010 10 0 0 0 0 0 20 0 0 0 63 151 99 133 116 85 45 0 81 64 26 36 26 0 19 0 0 30 70 69 44 43
P14586 2010 11 22 12 43 0 0 0 0 0 0 0 0 4 0 0 0 19 72 52 37 0 11 0 0 4 0 0 0 0 0 0 -999
P14586 2010 12 0 0 18 0 18 28 36 0 8 14 10 46 115 48 20 0 68 52 28 0 0 0 0 0 0 0 0 19 14 13 13
P14586 2011 1 0 0 21 57 52 0 0 0 0 0 11 0 0 25 0 0 0 1 1 0 32 80 105 62 102 52 82 32 15 18 40
P14586 2011 2 47 40 59 135 136 135 109 68 0 11 0 96 86 47 89 39 0 0 22 27 0 0 37 0 17 13 16 0 -999 -999 -999
P14586 2011 3 25 0 14 0 0 0 16 15 0 27 35 47 34 37 62 80 49 98 65 80 84 126 198 296 106 0 58 137 19 0 0
P14586 2011 4 0 36 37 0 0 0 0 0 0 22 0 0 0 14 16 0 0 21 14 0 32 24 15 0 9 0 0 0 0 0 -999
P14586 2011 5 6 49 0 26 0 0 0 0 18 51 0 0 0 19 20 0 0 0 0 32 58 35 20 32 0 0 0 19 9 0 18
P14586 2011 6 33 35 33 15 0 0 0 0 0 11 0 0 9 11 0 0 0 2 0 0 0 15 0 0 30 39 0 23 0 18 -999
P14586 2011 7 0 0 27 0 13 7 0 0 0 0 0 0 0 16 22 0 0 0 12 0 0 0 0 6 0 15 0 5 0 0 0
P14586 2011 8 0 0 0 1 0 0 0 0 0 0 0 36 0 0 0 0 0 0 0 0 0 0 0 6 0 0 0 11 15 0 0
P14586 2011 9 0 0 0 18 11 0 0 19 42 28 5 2 0 0 0 0 0 0 0 0 0 0 0 0 0 13 0 0 8 17 -999
P14586 2011 10 0 0 0 0 2 0 0 0 0 10 0 0 0 0 0 0 0 0 0 0 0 0 0 21 15 0 0 16 0 32 0
P14586 2011 11 14 13 52 123 177 147 47 14 0 0 0 0 0 8 0 18 54 17 0 9 39 59 0 25 12 15 0 31 12 16 -999
P14586 2011 12 0 0 60 19 17 14 0 0 0 6 31 70 37 17 60 181 241 132 171 164 141 123 0 50 0 90 127 142 161 124 222
P14586 2012 1 81 33 23 0 0 10 0 0 0 1 0 3 0 0 0 0 9 6 0 0 0 0 0 0 0 4 7 26 58 29 0
P14586 2012 2 0 0 0 0 20 17 0 18 8 0 0 0 0 0 0 0 0 29 84 38 0 0 0 0 0 0 9 60 -999 -999 -999
P14586 2012 3 118 59 23 0 0 23 29 0 0 0 0 28 76 0 0 38 27 0 32 59 83 0 30 0 38 0 0 0 0 29 0
P14586 2012 4 0 24 0 1 5 44 86 89 35 0 0 25 44 88 66 37 39 26 22 21 0 12 24 75 64 50 0 40 76 46 -999
P14586 2012 5 32 26 20 10 0 0 8 0 16 34 0 27 42 79 0 53 47 34 16 0 14 26 19 0 40 51 24 13 10 0 6
P14586 2012 6 5 0 0 0 0 0 0 0 22 0 0 17 15 0 31 12 0 0 0 26 0 6 0 0 0 0 0 0 19 22 -999
P14586 2012 7 0 0 0 0 0 0 0 14 0 0 0 23 0 0 6 0 0 0 0 0 0 0 0 6 22 28 24 0 0 0 8
P14586 2012 8 0 0 0 0 13 0 0 0 14 0 0 0 0 0 0 8 0 0 0 0 0 0 0 0 0 0 0 0 0 0 0
P14586 2012 9 0 0 0 18 0 0 0 1 0 0 0 0 7 0 0 13 0 0 0 0 0 0 0 0 0 0 0 7 14 0 -999
P14586 2012 10 0 4 0 2 0 0 0 0 0 47 104 49 0 37 58 87 76 0 0 19 19 29 0 0 0 30 81 80 98 179 120
P14586 2012 11 177 174 110 68 76 85 29 52 53 147 89 17 0 23 0 0 32 89 128 146 84 33 25 0 15 0 49 59 71 0 -999
P14586 2012 12 0 17 0 14 0 0 118 134 46 0 0 0 0 78 92 78 0 39 29 69 108 84 77 122 94 74 44 38 54 0 73
P14586 2013 1 35 27 32 111 85 0 115 67 53 39 31 22 0 0 0 6 15 17 6 1 0 10 0 0 0 0 8 39 93 86 43
P14586 2013 2 6 0 5 0 0 37 50 62 67 10 0 0 53 193 61 0 0 119 190 164 132 169 143 116 39 0 0 0 -999 -999 -999
P14586 2013 3 14 0 0 0 0 0 0 26 37 87 198 172 154 108 112 103 80 83 109 81 34 61 96 60 54 0 26 48 70 104 101
P14586 2013 4 55 15 0 33 0 103 102 51 14 0 0 0 23 27 0 39 22 0 46 0 127 83 56 106 59 0 11 0 0 0 -999
P14586 2013 5 0 0 0 0 25 0 16 0 0 0 0 41 0 0 35 56 0 64 39 26 27 3 0 11 0 0 0 0 0 2 7
P14586 2013 6 0 22 38 0 17 0 0 51 53 69 90 67 41 0 20 13 13 19 0 0 0 0 0 10 0 19 47 89 81 38 -999
P14586 2013 7 18 0 0 0 0 49 40 0 0 0 0 0 0 0 15 0 33 0 0 0 0 0 0 0 0 0 8 0 0 0 21
P14586 2013 8 0 0 0 0 20 0 0 45 41 0 29 26 0 0 12 0 0 0 0 0 0 0 0 0 0 0 0 0 0 50 0
P14586 2013 9 89 39 0 12 18 25 0 3 0 15 0 12 0 0 0 0 0 0 20 0 17 0 0 0 0 2 7 0 0 0 -999
P14586 2013 10 0 0 0 0 0 0 0 15 0 0 0 0 0 0 12 19 0 21 23 0 0 0 0 0 4 3 0 0 0 0 0
P14586 2013 11 2 0 0 0 0 0 0 0 19 0 20 22 20 19 23 0 0 142 211 99 101 247 139 51 71 198 73 63 46 58 -999
P14586 2013 12 63 188 151 81 0 0 0 0 11 0 0 0 0 15 34 0 0 0 0 0 0 66 57 64 80 105 26 0 73 90 40
P14586 2014 1 57 31 21 0 102 77 60 91 34 19 91 85 140 106 94 77 0 0 0 0 0 0 0 0 22 52 0 95 0 83 48
P14586 2014 2 66 127 98 163 103 128 162 116 116 120 0 72 109 33 27 40 0 0 47 23 29 0 0 0 0 0 0 0 -999 -999 -999