precip	MIROC5	RCP60	REGRESION	decimas	1
P11332	40.964	-3.086	182	geo	2006	2100	-1
P11332 2006 1 0 0 0 0 0 15 6 0 11 0 0 71 168 0 39 96 64 70 43 17 0 8 25 15 12 0 0 15 0 28 0
P11332 2006 2 11 40 0 0 6 0 0 0 0 0 0 0 34 39 31 0 0 0 23 36 0 17 14 0 7 5 9 14 -999 -999 -999
P11332 2006 3 0 55 0 94 92 82 92 86 54 0 54 41 29 0 25 51 99 95 75 35 46 33 33 0 28 30 29 37 55 43 64
P11332 2006 4 0 35 27 0 0 0 14 33 11 0 0 0 0 0 9 0 0 0 0 0 2 3 7 14 0 0 0 51 33 0 -999
P11332 2006 5 25 28 22 31 28 47 0 11 0 0 0 14 0 25 16 0 16 0 17 22 0 0 0 8 0 4 10 0 0 0 0
P11332 2006 6 8 0 0 9 9 0 0 0 0 0 0 0 0 0 9 0 0 0 0 10 0 0 9 14 0 0 0 0 13 0 -999
P11332 2006 7 0 14 10 0 12 20 0 21 8 0 3 8 17 0 0 0 0 0 0 0 0 0 0 0 0 0 0 0 0 13 0
P11332 2006 8 0 0 0 0 0 0 0 0 7 0 0 0 0 0 0 0 0 0 9 0 0 0 0 0 0 0 0 0 0 0 18
P11332 2006 9 0 0 11 14 0 0 0 0 0 0 0 0 0 0 9 0 22 0 10 0 0 14 0 0 11 7 0 11 12 12 -999
P11332 2006 10 4 2 0 0 7 0 0 0 0 0 0 0 20 0 0 0 10 6 9 0 17 12 0 9 0 17 0 19 18 11 0
P11332 2006 11 15 0 0 11 0 0 25 0 0 0 0 0 0 0 0 0 5 0 0 12 23 21 26 44 0 10 4 0 0 0 -999
P11332 2006 12 0 0 0 0 0 0 21 47 40 0 25 0 0 22 48 76 21 0 0 0 0 46 95 48 42 0 23 19 0 22 12
P11332 2007 1 0 0 0 0 0 0 0 0 0 2 1 0 0 0 0 0 0 0 0 15 9 0 0 14 24 24 0 32 33 25 18
P11332 2007 2 0 0 31 33 0 0 26 87 167 129 30 22 14 0 14 0 17 36 24 26 28 0 44 29 0 28 26 0 -999 -999 -999
P11332 2007 3 0 0 0 38 47 30 16 0 0 0 22 54 57 79 46 0 21 0 0 26 16 25 0 0 7 0 0 5 0 0 0
P11332 2007 4 0 0 0 0 0 24 0 0 4 0 0 27 51 0 0 15 0 37 41 0 27 25 33 36 0 16 0 0 0 0 -999
P11332 2007 5 0 3 10 0 46 0 0 0 15 20 0 0 27 29 22 0 14 24 24 15 0 0 0 0 5 0 0 0 8 0 19
P11332 2007 6 0 0 15 16 0 21 0 0 3 0 0 15 0 0 0 0 0 0 0 10 9 0 24 0 9 0 0 0 21 0 -999
P11332 2007 7 13 15 17 0 0 9 0 0 0 25 25 0 0 0 0 0 26 19 17 16 0 15 0 0 0 0 0 0 0 0 0
P11332 2007 8 0 0 0 0 0 12 0 0 0 0 0 0 0 0 0 0 0 0 0 18 0 6 0 0 0 17 0 17 0 0 0
P11332 2007 9 0 0 0 0 0 5 0 0 0 0 0 0 0 0 0 18 0 0 0 0 5 7 0 0 10 0 0 0 5 0 -999
P11332 2007 10 0 0 0 0 0 0 0 0 0 23 27 0 40 41 0 0 14 0 11 6 18 38 0 40 0 0 0 0 0 0 9
P11332 2007 11 0 7 16 0 0 11 0 6 20 0 20 25 16 0 10 3 5 1 1 0 0 0 0 12 0 0 0 15 0 0 -999
P11332 2007 12 0 0 12 17 0 0 0 11 0 0 0 0 2 0 4 12 20 26 0 7 10 6 0 0 0 8 0 15 5 0 11
P11332 2008 1 19 31 0 0 19 2 1 0 0 6 7 0 0 0 0 21 20 0 18 27 56 62 29 16 27 58 71 0 31 45 60
P11332 2008 2 106 0 67 0 0 46 32 61 23 32 0 24 12 13 0 42 18 47 29 0 0 11 11 13 19 32 23 18 -999 -999 -999
P11332 2008 3 0 0 0 0 0 0 0 0 3 5 0 0 21 0 6 5 0 0 0 0 6 7 0 0 0 0 7 0 0 0 4
P11332 2008 4 5 5 0 0 21 12 0 0 0 0 0 0 20 0 39 42 39 24 0 9 7 6 0 0 6 0 0 9 19 22 -999
P11332 2008 5 17 0 4 0 16 0 12 0 12 26 0 19 18 28 0 17 0 0 0 40 33 0 36 0 0 9 10 0 0 0 0
P11332 2008 6 10 0 11 0 14 24 12 0 16 0 16 0 13 0 0 6 8 0 0 8 0 0 13 0 0 0 0 0 18 8 -999
P11332 2008 7 7 0 2 0 9 0 0 0 0 0 0 0 0 23 0 0 0 0 0 11 0 0 0 0 0 0 0 0 0 0 20
P11332 2008 8 26 0 0 0 0 0 0 0 0 0 0 0 0 0 0 0 9 11 0 0 12 0 0 0 0 0 13 0 0 4 0
P11332 2008 9 0 0 8 0 0 0 0 0 0 0 0 0 0 21 0 9 0 10 0 12 10 13 16 18 19 15 7 0 36 28 -999
P11332 2008 10 0 19 0 0 0 0 16 18 10 0 33 37 30 16 0 0 0 0 13 0 15 11 0 0 16 0 43 0 27 0 0
P11332 2008 11 17 0 34 15 0 0 0 0 13 0 27 0 0 0 0 0 9 0 10 0 0 5 0 2 0 0 0 2 0 3 -999
P11332 2008 12 0 0 0 1 0 5 5 0 11 30 0 0 18 20 0 4 0 7 0 3 5 0 5 5 14 0 19 15 9 0 0
P11332 2009 1 1 0 0 0 8 11 0 0 6 6 6 0 19 17 19 8 0 0 0 0 0 0 0 0 0 0 0 0 0 0 3
P11332 2009 2 0 0 12 14 11 10 9 4 3 5 7 5 8 5 0 1 0 0 0 0 4 0 4 6 7 6 0 35 -999 -999 -999
P11332 2009 3 63 58 57 24 0 0 14 41 0 0 0 0 10 19 36 37 66 46 0 0 0 6 0 26 0 60 46 76 64 51 26
P11332 2009 4 21 38 0 14 27 43 19 17 12 10 0 26 33 0 0 0 0 8 10 19 0 14 0 7 0 0 0 0 0 0 -999
P11332 2009 5 0 31 0 25 0 33 0 0 18 25 0 0 0 2 2 0 0 0 0 24 27 27 0 0 0 0 0 0 0 0 10
P11332 2009 6 0 0 0 13 0 0 17 8 10 0 0 0 7 15 0 0 0 8 0 0 0 0 0 0 0 0 0 0 0 0 -999
P11332 2009 7 0 0 0 12 0 0 0 0 0 0 0 0 0 11 8 0 0 0 12 0 0 0 0 0 0 0 0 0 7 0 0
P11332 2009 8 24 0 0 0 0 0 0 0 0 0 0 8 0 0 0 0 0 0 0 6 0 12 23 0 8 10 0 0 15 24 19
P11332 2009 9 0 0 0 0 0 0 6 0 0 18 31 17 11 0 0 0 13 0 0 0 15 0 19 16 0 0 0 7 0 0 -999
P11332 2009 10 8 5 4 0 0 5 0 0 0 0 0 15 14 13 0 21 0 21 17 0 14 9 14 36 0 0 0 0 0 0 10
P11332 2009 11 0 0 5 5 0 0 0 11 0 4 0 4 4 0 0 10 18 0 0 0 0 0 0 0 0 12 18 14 15 21 -999
P11332 2009 12 22 24 40 19 47 52 63 0 22 53 38 0 0 0 0 0 0 20 31 20 0 13 0 0 16 23 36 33 22 0 0
P11332 2010 1 0 0 23 63 62 18 0 0 0 15 7 0 17 9 10 17 13 8 6 0 0 0 3 0 6 8 0 8 0 0 15
P11332 2010 2 0 6 4 0 0 28 16 8 9 0 0 1 0 0 3 0 0 3 0 9 0 11 9 15 5 5 0 5 -999 -999 -999
P11332 2010 3 5 4 0 9 11 19 24 24 44 37 23 13 9 8 7 6 0 24 50 0 0 0 1 0 0 0 0 5 0 0 0
P11332 2010 4 13 0 0 17 0 18 0 0 0 34 0 25 25 22 40 49 0 0 0 16 25 0 0 19 35 12 0 12 0 26 -999
P11332 2010 5 17 10 22 0 28 0 0 0 0 0 17 0 12 0 20 29 19 17 0 0 0 0 0 9 19 38 37 16 16 13 10
P11332 2010 6 14 20 0 0 11 9 0 0 0 0 0 0 0 0 0 29 0 0 4 0 0 0 6 8 0 12 12 11 0 0 -999
P11332 2010 7 18 22 0 0 0 0 12 12 0 14 0 0 0 0 9 0 0 0 0 0 0 0 0 0 0 0 0 0 0 11 0
P11332 2010 8 25 0 0 11 0 0 0 0 0 0 0 0 10 11 0 0 0 0 0 0 0 0 0 0 0 0 0 0 6 7 0
P11332 2010 9 0 10 0 15 0 0 0 0 23 0 0 20 26 15 0 0 0 0 0 13 0 0 0 0 16 17 0 0 0 6 -999
P11332 2010 10 0 0 0 0 0 0 0 0 22 30 38 26 0 34 21 15 11 11 18 0 0 23 0 7 11 7 0 0 16 14 8
P11332 2010 11 0 5 0 0 6 0 0 0 0 0 0 0 0 4 0 9 0 9 9 7 0 0 3 3 5 0 2 0 0 0 -999
P11332 2010 12 5 0 0 13 0 0 16 8 11 11 6 16 26 29 0 3 0 0 10 0 0 0 0 0 0 0 0 0 0 0 0
P11332 2011 1 0 6 0 0 12 3 0 2 3 4 0 0 6 0 0 0 2 0 0 0 14 26 64 25 20 0 0 0 3 0 5
P11332 2011 2 6 0 6 0 0 22 17 0 2 0 0 16 15 11 0 12 0 0 11 0 0 20 0 7 6 9 16 0 -999 -999 -999
P11332 2011 3 42 22 0 0 0 0 0 0 8 20 0 0 24 0 35 75 92 46 30 34 33 44 64 125 59 17 32 55 0 7 10
P11332 2011 4 0 25 20 0 12 12 12 16 0 0 0 0 0 0 0 0 34 36 26 25 25 0 0 0 4 0 0 0 0 0 -999
P11332 2011 5 7 17 13 0 0 0 8 0 0 0 0 0 14 0 0 0 5 0 0 0 29 16 0 13 16 19 0 20 17 18 0
P11332 2011 6 0 12 8 5 0 0 0 0 0 15 0 0 0 0 16 0 0 0 0 0 10 19 16 13 17 15 0 0 11 0 -999
P11332 2011 7 0 0 0 0 0 0 6 5 0 0 0 0 0 0 0 0 5 0 0 12 26 0 0 0 0 0 0 0 0 0 0
P11332 2011 8 0 0 16 0 0 0 0 0 0 0 0 0 0 0 0 0 0 0 0 0 0 0 0 0 0 0 0 0 12 17 0
P11332 2011 9 10 4 0 13 11 0 0 0 31 39 12 0 0 0 0 0 0 0 0 0 0 4 7 0 0 0 0 0 0 0 -999
P11332 2011 10 0 0 0 0 5 0 0 0 0 11 10 15 0 13 10 0 6 0 0 0 0 18 20 16 0 7 9 10 0 0 0
P11332 2011 11 8 7 16 31 0 65 50 0 5 0 0 0 0 0 0 0 34 24 0 0 0 66 60 55 0 0 0 12 0 0 -999
P11332 2011 12 0 16 31 0 0 0 0 0 0 8 11 17 14 7 11 38 0 49 0 49 0 31 30 0 16 33 25 0 20 0 36
P11332 2012 1 57 0 6 2 0 0 0 0 0 0 2 0 0 0 0 0 0 6 0 0 8 5 0 0 0 0 0 0 14 0 7
P11332 2012 2 7 18 40 24 10 7 7 6 0 0 0 3 0 0 0 0 0 9 29 0 19 10 7 8 16 0 0 17 -999 -999 -999
P11332 2012 3 0 64 37 0 21 18 11 4 0 0 0 7 0 13 12 24 26 0 23 38 33 0 0 17 19 0 0 0 0 0 0
P11332 2012 4 4 10 0 0 0 0 33 32 0 0 0 0 22 74 53 0 31 24 0 0 0 0 0 39 61 50 41 37 38 0 -999
P11332 2012 5 0 0 24 0 7 7 0 0 25 0 16 0 25 33 0 22 17 15 0 0 0 15 12 11 0 30 25 0 0 0 5
P11332 2012 6 0 0 0 0 0 0 0 15 33 0 0 15 0 20 19 13 0 0 0 18 13 0 0 0 0 0 0 0 0 10 -999
P11332 2012 7 0 0 3 0 0 0 0 0 0 0 0 19 15 10 0 0 0 18 13 0 0 0 0 0 21 0 0 0 0 0 0
P11332 2012 8 0 0 0 9 0 0 0 0 0 16 0 0 0 0 11 0 0 0 0 6 0 0 0 7 0 13 12 0 0 0 6
P11332 2012 9 6 0 0 0 0 0 19 0 0 0 0 0 0 0 0 0 0 0 0 7 0 0 0 0 0 0 0 16 0 0 -999
P11332 2012 10 0 4 0 0 3 0 0 13 21 30 50 0 0 0 20 22 16 0 20 11 18 30 0 0 0 0 0 19 0 0 31
P11332 2012 11 35 55 47 20 12 16 0 6 0 32 40 0 3 3 0 0 0 0 55 38 0 6 0 7 9 12 0 19 0 24 -999
P11332 2012 12 0 0 12 0 15 49 46 41 11 12 12 0 0 70 43 47 0 25 16 0 10 25 0 17 15 9 0 0 12 0 57
P11332 2013 1 32 13 22 45 27 0 14 0 0 0 0 0 0 0 2 2 0 0 0 0 0 0 0 0 0 0 0 0 0 0 10
P11332 2013 2 0 0 2 0 0 4 3 0 0 0 0 6 23 73 44 16 20 47 72 53 42 51 43 75 0 11 2 0 -999 -999 -999
P11332 2013 3 11 18 8 16 10 0 13 39 30 52 92 74 61 22 18 27 32 0 0 0 17 40 44 16 21 14 0 36 37 38 74
P11332 2013 4 0 14 0 15 18 0 30 0 0 0 0 0 0 0 16 29 0 0 14 12 37 28 0 27 54 17 0 0 0 5 -999
P11332 2013 5 0 9 0 0 15 7 0 0 26 35 41 27 0 0 25 36 0 27 0 15 13 3 0 0 0 0 0 0 0 0 0
P11332 2013 6 0 23 0 19 0 0 0 0 36 0 0 33 0 0 12 0 0 0 0 0 0 0 9 0 0 0 0 24 25 17 -999
P11332 2013 7 12 0 7 0 0 0 0 0 7 0 0 0 0 0 11 0 0 0 0 0 0 0 0 0 0 0 0 0 0 0 0
P11332 2013 8 0 0 0 0 0 0 0 0 17 15 12 0 0 0 0 0 0 0 4 0 8 0 13 0 0 0 0 15 0 0 0
P11332 2013 9 24 15 0 0 0 0 0 0 0 0 0 0 0 0 0 8 7 0 0 0 0 0 10 4 0 1 0 0 0 0 -999
P11332 2013 10 0 0 0 0 0 0 0 9 9 15 16 12 8 0 10 0 29 0 0 7 8 6 0 5 0 3 0 0 0 0 0
P11332 2013 11 3 0 0 0 0 3 0 0 13 13 0 0 7 7 10 0 15 92 154 76 43 0 99 80 0 66 47 0 13 14 -999
P11332 2013 12 0 44 0 28 0 0 0 11 0 0 0 0 10 0 0 6 0 0 0 0 8 0 8 17 14 23 19 17 30 0 0
P11332 2014 1 22 0 4 0 0 0 0 18 13 7 0 14 18 16 20 0 0 0 0 0 2 0 0 7 17 0 37 0 79 66 32
P11332 2014 2 30 44 22 30 27 42 41 70 0 49 9 14 22 0 4 0 0 0 24 6 12 0 0 0 0 5 0 0 -999 -999 -999