precip	MIROC5	RCP60	REGRESION	decimas	1
P11221	40.839	-0.908	182	geo	2006	2100	-1
P11221 2006 1 0 0 10 9 0 0 0 0 0 9 0 19 39 37 0 16 15 14 24 12 7 0 13 16 0 4 0 0 18 0 11
P11221 2006 2 0 0 0 0 0 0 0 0 0 0 0 0 0 20 26 32 0 0 0 0 26 0 0 16 8 0 0 7 -999 -999 -999
P11221 2006 3 0 0 23 24 25 29 33 43 32 0 44 43 29 0 19 23 0 26 19 0 14 13 15 0 20 12 0 14 21 0 30
P11221 2006 4 0 9 12 0 0 0 16 41 35 7 0 0 0 0 0 11 0 14 0 0 0 0 0 0 17 24 42 47 44 34 -999
P11221 2006 5 25 21 17 0 0 0 0 14 0 0 0 0 16 0 20 0 17 16 0 10 0 6 0 0 0 0 12 0 0 0 0
P11221 2006 6 0 0 0 0 0 0 0 18 22 24 0 24 0 0 16 18 22 0 0 0 16 0 0 0 0 25 0 0 18 25 -999
P11221 2006 7 27 21 0 0 21 27 26 0 15 0 0 0 21 0 15 13 0 0 0 0 22 0 0 21 0 19 18 0 0 20 0
P11221 2006 8 0 0 0 0 13 0 29 21 0 0 0 19 0 0 0 0 0 0 14 0 0 0 0 0 0 0 14 0 0 17 0
P11221 2006 9 0 0 0 0 0 0 0 0 17 0 0 0 0 0 0 0 0 0 20 10 0 0 0 27 0 13 0 0 0 0 -999
P11221 2006 10 0 0 12 0 0 0 0 0 0 0 16 0 0 0 0 28 0 0 0 0 0 0 0 0 0 10 0 8 7 0 0
P11221 2006 11 0 0 0 0 0 0 14 0 0 0 0 0 0 0 7 6 0 6 0 6 12 0 19 41 22 0 0 0 0 0 -999
P11221 2006 12 0 0 0 0 0 13 16 0 0 20 22 0 29 0 0 17 18 0 0 12 13 17 26 28 13 15 11 0 0 7 0
P11221 2007 1 8 0 0 0 0 0 0 0 0 0 0 7 0 0 0 0 0 0 19 28 22 13 0 12 22 30 26 16 19 0 12
P11221 2007 2 0 7 10 19 17 18 16 38 61 40 28 20 0 11 11 11 12 18 23 0 28 23 26 0 0 0 0 0 -999 -999 -999
P11221 2007 3 18 0 0 0 25 23 19 15 0 12 13 31 48 29 20 18 10 7 0 14 11 0 23 0 0 0 11 0 0 8 0
P11221 2007 4 0 0 7 10 19 0 14 7 0 0 0 0 24 0 0 0 0 0 21 17 22 36 26 0 21 22 27 17 0 0 -999
P11221 2007 5 0 0 9 0 0 18 0 0 0 16 18 0 33 29 0 13 0 23 0 25 18 0 0 12 13 11 0 0 0 16 0
P11221 2007 6 31 0 24 24 0 30 38 21 0 0 0 0 0 0 0 27 0 0 17 21 0 16 0 18 16 0 21 23 25 25 -999
P11221 2007 7 0 20 23 33 0 18 19 0 0 24 0 0 21 0 0 0 0 0 0 0 15 21 0 20 0 0 21 24 19 0 0
P11221 2007 8 0 0 15 22 0 0 0 0 0 0 0 23 21 0 0 0 0 0 24 0 20 9 0 0 24 25 19 19 23 24 0
P11221 2007 9 0 9 0 12 0 0 0 0 0 16 0 17 0 18 22 0 0 10 0 0 10 0 0 0 0 0 0 0 0 0 -999
P11221 2007 10 0 0 0 0 0 0 0 0 16 22 25 0 24 16 0 0 0 19 0 0 0 0 0 9 8 7 0 0 0 0 0
P11221 2007 11 7 0 11 6 6 0 0 6 9 0 0 0 0 0 0 0 0 0 0 0 0 0 9 6 0 0 15 22 23 25 -999
P11221 2007 12 19 0 0 20 29 33 0 0 0 0 0 4 0 6 0 12 0 20 18 0 0 0 0 0 0 0 4 0 10 6 6
P11221 2008 1 11 11 22 19 15 0 0 0 0 0 15 0 14 13 22 0 0 0 8 0 12 12 12 0 9 13 13 13 11 0 0
P11221 2008 2 21 14 12 15 0 0 0 0 13 25 21 20 0 0 0 10 0 20 34 13 11 10 11 0 0 25 0 35 -999 -999 -999
P11221 2008 3 0 0 10 0 10 0 0 0 0 0 0 0 0 15 0 0 0 0 0 0 0 0 5 0 0 0 0 0 0 0 8
P11221 2008 4 0 0 14 0 0 0 0 0 0 10 10 0 0 0 26 0 22 0 21 14 0 0 0 0 0 0 7 11 0 29 -999
P11221 2008 5 0 17 16 11 19 34 0 15 0 0 27 11 0 0 16 23 19 0 19 31 31 0 19 0 17 0 0 0 0 0 21
P11221 2008 6 21 14 14 0 0 0 0 0 0 17 0 19 0 21 0 0 0 20 14 0 0 16 0 0 0 19 22 0 24 0 -999
P11221 2008 7 0 8 0 0 0 19 0 0 29 23 26 0 0 35 25 18 0 0 0 0 22 0 0 17 18 0 0 0 0 0 0
P11221 2008 8 0 27 0 0 0 0 24 18 0 21 16 0 0 0 0 0 0 19 0 0 0 0 16 0 12 0 0 12 0 0 12
P11221 2008 9 0 9 0 0 23 0 0 0 0 0 0 19 0 16 0 0 0 0 0 16 0 0 0 0 0 17 0 0 0 18 -999
P11221 2008 10 13 0 0 13 0 0 15 21 0 0 0 20 18 0 17 16 0 0 0 17 0 0 0 0 16 0 18 12 0 17 0
P11221 2008 11 15 21 25 0 13 0 0 0 16 15 16 23 0 7 0 0 5 4 0 0 0 0 0 0 6 0 0 0 7 0 -999
P11221 2008 12 0 4 0 0 8 0 17 0 0 0 21 13 7 0 15 10 0 6 0 0 0 0 0 0 0 0 0 7 0 0 0
P11221 2009 1 0 0 0 0 0 9 9 8 0 8 0 0 23 12 12 11 0 0 0 0 0 0 0 0 6 0 0 0 7 0 0
P11221 2009 2 0 0 0 13 19 13 18 8 8 0 0 0 10 0 4 0 0 0 0 0 0 6 0 15 0 0 8 15 -999 -999 -999
P11221 2009 3 32 44 32 19 0 0 0 0 32 35 22 0 0 0 29 18 0 0 0 0 7 0 10 0 13 0 19 31 19 23 16
P11221 2009 4 15 0 51 21 0 35 0 0 12 0 10 22 28 20 19 0 16 15 0 18 0 30 0 14 0 0 8 12 0 0 -999
P11221 2009 5 31 23 14 0 24 0 13 15 0 28 31 15 7 0 0 0 12 15 24 27 41 40 0 0 23 0 0 0 0 19 0
P11221 2009 6 19 19 0 0 0 25 21 14 0 15 0 0 0 0 0 0 28 0 13 0 0 0 0 0 0 0 0 0 0 0 -999
P11221 2009 7 24 0 0 0 0 0 26 0 0 0 29 0 0 0 16 0 0 0 0 0 0 0 22 24 22 0 20 18 0 0 0
P11221 2009 8 0 0 0 0 16 17 0 18 0 25 23 0 15 0 0 0 0 11 0 0 10 17 27 0 0 16 0 0 21 24 0
P11221 2009 9 0 0 6 0 10 0 0 0 0 0 0 19 0 0 0 0 21 0 18 0 0 0 19 18 11 0 0 0 0 12 -999
P11221 2009 10 0 18 0 0 0 0 0 9 0 0 18 0 0 13 0 0 0 0 28 0 0 10 0 8 11 0 0 0 0 0 0
P11221 2009 11 0 0 0 7 0 9 11 11 0 6 0 0 0 0 0 0 13 0 0 0 0 0 9 11 0 23 16 0 0 9 -999
P11221 2009 12 7 0 4 0 0 15 37 25 17 0 23 8 0 0 0 0 0 0 16 0 0 0 0 0 0 14 0 12 11 0 0
P11221 2010 1 5 0 0 26 19 20 15 9 8 0 0 11 0 0 9 0 0 0 0 0 0 8 5 0 0 0 0 6 0 0 0
P11221 2010 2 10 10 0 0 8 0 24 0 12 0 11 9 0 0 9 0 0 7 0 9 5 9 10 18 10 0 8 0 -999 -999 -999
P11221 2010 3 0 0 0 0 10 19 32 32 29 23 0 0 8 0 0 0 0 10 19 44 0 0 0 8 0 8 0 0 0 8 0
P11221 2010 4 0 12 14 16 0 16 0 29 24 22 28 32 33 30 32 40 29 22 13 0 25 0 0 8 27 24 11 0 26 31 -999
P11221 2010 5 0 0 20 28 28 22 17 16 0 18 27 35 23 0 0 26 0 0 12 0 0 0 18 0 0 35 0 0 19 17 0
P11221 2010 6 0 0 22 18 15 16 12 12 0 0 0 29 38 23 0 0 14 0 0 0 0 0 0 0 20 0 0 23 29 0 -999
P11221 2010 7 17 0 0 0 23 21 0 0 0 0 0 0 18 0 0 0 0 0 0 0 0 21 0 24 0 0 22 18 0 0 19
P11221 2010 8 0 0 0 0 0 0 18 0 21 26 28 0 0 18 0 0 0 0 19 0 0 0 0 22 0 19 0 0 0 0 18
P11221 2010 9 14 0 19 16 12 0 0 17 22 33 25 21 30 0 14 0 0 14 0 0 14 0 0 0 16 17 13 0 0 9 -999
P11221 2010 10 9 0 0 0 10 0 0 15 0 14 0 0 13 15 10 0 0 0 0 13 0 24 27 16 0 0 6 0 0 0 0
P11221 2010 11 0 0 9 0 0 0 7 0 9 0 0 0 8 0 0 0 0 0 6 0 0 0 0 0 0 0 0 0 0 0 -999
P11221 2010 12 0 11 0 0 17 0 11 0 0 0 0 6 11 27 0 0 0 0 7 0 0 0 0 0 0 0 0 0 0 0 0
P11221 2011 1 4 0 0 0 0 0 0 7 0 0 0 7 0 0 7 0 0 0 0 0 11 12 0 19 0 0 0 3 0 4 0
P11221 2011 2 0 0 5 0 7 8 0 0 2 0 0 0 5 0 0 0 0 0 0 7 0 0 0 0 0 0 0 27 -999 -999 -999
P11221 2011 3 0 19 0 0 23 0 11 8 7 0 16 19 0 19 24 39 59 22 14 14 18 22 17 22 19 0 0 0 19 0 0
P11221 2011 4 0 0 21 0 0 0 0 0 0 24 0 22 0 25 0 0 30 32 28 25 24 16 0 6 0 0 0 0 0 15 -999
P11221 2011 5 0 16 0 12 14 0 0 0 0 30 0 0 0 0 16 0 0 0 0 20 0 24 12 12 16 0 25 24 0 28 21
P11221 2011 6 13 10 0 0 0 0 0 0 0 0 0 0 28 29 0 0 13 9 0 14 0 23 0 0 25 21 0 20 0 18 -999
P11221 2011 7 0 10 0 0 0 19 16 0 8 0 0 0 22 0 22 14 0 17 15 0 0 18 0 0 0 0 0 0 0 25 0
P11221 2011 8 0 0 0 0 0 0 0 0 0 15 0 0 16 15 0 0 0 0 18 0 0 19 0 16 16 0 0 0 0 0 0
P11221 2011 9 28 0 0 0 16 17 0 0 0 29 17 15 0 0 0 7 0 0 0 0 0 0 14 0 0 0 0 0 10 0 -999
P11221 2011 10 0 0 18 0 0 0 0 0 0 0 0 15 0 0 0 0 0 0 0 0 0 0 21 0 0 0 8 0 23 30 40
P11221 2011 11 0 16 0 9 0 21 55 42 19 0 0 0 0 10 0 0 19 18 0 0 6 24 31 34 30 10 0 0 0 0 -999
P11221 2011 12 0 0 14 35 17 0 0 0 0 0 0 0 10 0 3 0 11 11 14 0 20 10 15 11 0 16 0 0 0 0 4
P11221 2012 1 12 25 0 0 0 3 0 0 0 4 0 0 0 5 0 0 0 0 14 13 15 11 0 0 0 0 0 0 0 8 0
P11221 2012 2 0 0 0 25 0 0 0 0 0 0 0 0 0 0 0 0 5 0 0 14 25 0 0 5 11 0 7 0 -999 -999 -999
P11221 2012 3 15 27 38 46 28 15 9 0 0 0 0 6 7 10 0 0 23 22 0 22 25 20 15 15 0 0 8 0 0 0 0
P11221 2012 4 0 0 14 0 0 0 0 0 13 13 0 16 28 38 25 22 0 23 26 0 0 0 15 0 25 27 32 0 0 0 -999
P11221 2012 5 21 27 0 22 0 0 0 0 23 0 0 22 0 23 0 17 0 0 14 0 0 16 0 16 0 23 17 0 0 10 0
P11221 2012 6 11 14 0 9 8 0 0 0 30 0 25 25 23 29 27 0 0 0 0 19 0 0 0 0 0 0 0 20 26 22 -999
P11221 2012 7 12 0 11 0 23 0 24 0 0 25 0 0 22 0 16 19 0 0 23 0 0 0 20 0 0 25 0 0 0 20 0
P11221 2012 8 0 0 0 19 0 0 0 0 0 0 0 16 13 0 0 0 21 0 16 0 0 0 15 0 13 0 0 0 0 16 0
P11221 2012 9 0 12 0 0 0 17 22 0 12 0 15 0 19 15 11 0 0 0 0 0 14 9 0 0 18 0 0 0 0 0 -999
P11221 2012 10 0 13 0 0 0 0 0 14 0 17 27 14 8 7 0 0 0 13 0 9 0 23 0 0 0 0 0 0 0 0 10
P11221 2012 11 0 16 25 29 8 0 0 0 0 6 15 19 0 0 0 0 5 0 0 0 10 0 0 0 0 0 10 15 16 0 -999
P11221 2012 12 0 0 0 0 0 27 29 13 0 0 11 0 0 26 18 24 20 23 13 0 0 0 0 0 0 0 0 0 0 0 28
P11221 2013 1 27 16 13 12 0 0 0 5 0 0 0 0 0 0 0 0 0 0 0 0 0 0 0 5 0 0 0 4 0 0 0
P11221 2013 2 0 4 0 0 0 0 0 0 0 0 0 0 0 26 0 0 0 15 18 15 18 16 0 19 21 0 0 0 -999 -999 -999
P11221 2013 3 0 0 0 0 9 0 15 0 31 22 0 0 25 18 9 15 0 0 0 13 15 0 0 16 0 16 0 29 37 39 38
P11221 2013 4 45 0 15 0 0 13 0 0 0 0 0 0 0 0 0 21 0 0 14 11 16 18 0 0 0 24 0 0 0 0 -999
P11221 2013 5 11 15 0 16 16 0 15 28 25 23 0 20 0 0 0 0 29 18 0 20 0 0 0 0 0 0 0 0 0 0 22
P11221 2013 6 0 27 21 17 0 20 0 25 35 27 0 0 0 26 17 0 16 0 15 0 11 0 0 0 0 0 48 23 22 24 -999
P11221 2013 7 0 18 0 0 0 0 27 0 0 0 0 22 20 0 0 0 18 0 0 0 0 22 0 0 0 20 21 0 0 22 0
P11221 2013 8 0 0 22 0 30 30 24 0 19 18 18 0 0 0 17 27 0 0 0 0 0 14 21 0 0 0 0 0 0 0 24
P11221 2013 9 15 0 0 0 0 0 0 0 14 0 18 0 0 0 0 0 0 0 20 0 26 31 0 0 0 0 0 8 0 0 -999
P11221 2013 10 0 0 0 0 0 0 0 12 0 0 0 0 15 18 0 16 20 27 13 0 7 5 0 0 0 0 12 11 0 0 0
P11221 2013 11 0 0 0 0 9 0 7 0 0 9 21 15 0 8 8 11 0 36 55 47 15 15 23 0 27 14 19 25 11 0 -999
P11221 2013 12 0 0 0 13 7 0 0 0 0 0 0 10 0 7 0 6 0 0 0 0 0 0 0 10 9 9 14 14 0 20 0
P11221 2014 1 0 0 5 0 0 0 7 7 0 0 0 4 3 0 0 5 0 0 0 0 0 0 0 7 11 0 0 0 63 45 27
P11221 2014 2 17 15 14 0 0 0 10 21 14 0 0 5 0 0 0 0 0 0 14 0 0 0 0 0 0 0 0 0 -999 -999 -999