precip	MIROC5	RCP60	REGRESION	decimas	1
P13896	41.842	-7.409	182	geo	2006	2100	-1
P13896 2006 1 0 0 8 9 10 28 11 0 0 16 39 91 167 66 113 125 103 85 43 32 18 20 41 14 18 31 34 32 48 40 0
P13896 2006 2 26 60 38 38 26 15 16 0 0 0 11 27 25 27 31 40 43 35 62 45 25 21 19 15 13 10 15 0 -999 -999 -999
P13896 2006 3 55 87 106 139 126 122 120 101 77 42 41 39 37 36 39 73 104 115 114 79 90 77 68 56 58 70 70 71 77 79 56
P13896 2006 4 61 76 46 51 37 0 0 0 10 3 5 0 0 7 11 0 0 0 0 0 0 0 0 0 25 23 0 33 24 26 -999
P13896 2006 5 31 42 41 54 43 48 0 13 0 0 0 31 0 48 41 31 0 30 47 41 19 0 12 0 0 0 0 0 17 0 0
P13896 2006 6 0 0 0 0 0 0 0 0 0 0 0 17 14 7 0 0 0 0 0 0 0 0 0 0 12 11 14 0 0 15 -999
P13896 2006 7 0 0 9 0 0 0 17 15 0 3 0 0 0 0 0 0 0 0 0 0 11 12 8 0 0 0 9 0 0 0 0
P13896 2006 8 0 0 0 0 0 0 0 3 0 0 0 0 0 13 0 0 0 0 0 0 0 0 7 0 22 18 0 8 0 0 16
P13896 2006 9 8 0 0 0 12 7 0 0 15 0 0 0 0 0 0 0 17 0 17 23 0 14 0 0 15 0 0 18 25 20 -999
P13896 2006 10 0 0 0 0 13 10 0 0 0 0 0 0 0 18 20 0 0 11 14 0 24 0 13 0 31 48 23 44 0 34 31
P13896 2006 11 0 0 0 0 11 14 31 18 0 7 0 0 0 0 0 5 0 0 0 21 0 37 0 0 26 17 6 5 3 0 -999
P13896 2006 12 0 0 0 0 0 0 0 40 46 0 0 0 0 33 0 59 21 0 0 0 23 56 101 80 84 64 39 38 60 49 31
P13896 2007 1 29 41 28 12 14 0 0 0 0 0 0 0 0 6 0 1 0 5 0 11 0 0 8 20 25 26 21 42 44 35 28
P13896 2007 2 19 32 47 44 23 21 39 67 138 82 50 32 28 30 27 0 0 0 0 25 23 0 23 35 44 46 47 38 -999 -999 -999
P13896 2007 3 25 0 33 39 52 0 0 0 0 13 27 49 69 130 66 42 60 36 25 47 41 25 0 0 0 0 0 7 7 0 4
P13896 2007 4 0 0 0 0 22 45 0 10 6 0 0 29 55 29 19 21 0 51 67 49 24 21 52 45 23 23 0 0 0 0 -999
P13896 2007 5 0 0 0 0 46 25 0 0 0 23 0 21 27 30 0 35 20 25 32 0 0 0 0 0 0 0 0 0 0 9 0
P13896 2007 6 0 11 15 15 16 0 0 0 0 9 0 10 0 0 0 0 7 0 0 0 0 0 0 0 0 0 14 0 18 17 -999
P13896 2007 7 18 0 0 0 0 9 0 0 0 32 0 0 18 0 0 0 0 13 0 26 0 0 6 0 0 0 9 0 0 0 0
P13896 2007 8 0 0 16 0 0 0 0 0 0 0 0 0 9 0 0 0 0 0 0 25 0 0 0 0 0 14 15 13 0 0 0
P13896 2007 9 0 0 0 0 4 0 0 0 0 0 7 0 0 0 0 0 0 0 0 0 0 9 9 18 15 9 0 0 0 0 -999
P13896 2007 10 0 0 0 14 0 0 0 0 0 0 14 33 45 59 37 25 30 52 29 0 0 49 77 62 29 23 51 0 22 22 24
P13896 2007 11 18 0 19 0 15 0 19 11 33 0 52 45 43 54 15 0 10 0 0 0 3 0 9 22 13 17 0 8 0 0 -999
P13896 2007 12 0 0 0 0 0 0 10 0 0 6 14 9 0 7 11 25 0 0 0 6 0 0 0 0 35 24 30 0 0 0 0
P13896 2008 1 34 44 59 64 31 9 3 2 0 0 0 5 8 0 0 17 0 0 0 36 81 74 32 31 41 73 65 40 50 62 83
P13896 2008 2 106 88 100 85 57 77 50 65 57 49 69 38 33 23 62 65 0 63 0 0 0 14 0 0 0 25 37 26 -999 -999 -999
P13896 2008 3 11 0 14 15 0 0 5 0 0 0 17 22 22 12 0 0 0 0 0 0 0 17 0 14 0 23 0 0 0 0 0
P13896 2008 4 0 0 13 16 17 0 0 0 0 0 0 0 18 29 37 35 27 18 0 13 13 8 0 0 0 0 0 0 14 20 -999
P13896 2008 5 0 0 0 8 0 14 14 0 23 39 61 45 33 41 0 0 12 0 0 0 34 36 46 27 19 0 12 0 9 0 15
P13896 2008 6 0 0 0 0 16 18 0 0 0 18 0 0 22 33 17 0 9 0 6 0 5 5 0 0 0 5 7 15 0 0 -999
P13896 2008 7 0 0 3 0 0 11 0 0 14 0 0 0 0 0 0 0 0 0 10 0 0 0 0 0 0 0 0 0 0 3 0
P13896 2008 8 0 0 0 0 0 6 0 0 0 25 21 0 0 0 0 0 0 0 0 0 0 0 0 0 0 0 0 0 0 0 0
P13896 2008 9 10 15 0 0 5 0 0 0 0 12 0 16 18 36 23 0 0 8 0 0 0 9 0 19 29 17 0 0 49 46 -999
P13896 2008 10 58 31 0 23 6 8 18 0 10 14 41 56 43 15 3 0 5 0 0 13 0 18 20 21 27 64 67 52 35 21 31
P13896 2008 11 28 20 40 11 6 0 0 0 0 19 28 9 0 0 0 0 32 60 26 21 9 0 10 0 0 0 0 0 0 4 -999
P13896 2008 12 3 0 0 0 2 0 0 0 13 49 0 0 36 31 10 7 17 20 17 11 0 0 18 28 58 58 49 0 0 0 0
P13896 2009 1 0 0 0 0 14 16 7 7 9 0 8 24 24 25 0 11 4 1 1 0 0 0 0 0 0 0 0 0 0 0 0
P13896 2009 2 6 15 20 0 14 12 0 0 5 9 0 6 12 0 0 0 0 0 0 16 6 6 0 0 3 4 11 55 -999 -999 -999
P13896 2009 3 75 70 54 29 24 23 37 60 0 0 0 0 0 21 37 72 116 107 82 61 0 12 39 0 54 55 63 73 87 69 37
P13896 2009 4 29 0 19 21 27 0 24 0 0 19 21 0 0 28 0 12 0 0 0 0 0 0 4 0 5 0 0 21 22 26 -999
P13896 2009 5 25 33 26 29 22 0 24 0 26 0 0 0 10 7 0 3 0 0 0 0 19 0 9 0 0 6 0 0 0 0 11
P13896 2009 6 0 0 0 14 0 17 17 10 0 14 0 0 0 14 0 0 0 0 0 0 0 0 0 0 0 0 0 6 0 0 -999
P13896 2009 7 13 0 0 0 0 0 0 0 0 0 11 0 18 11 0 0 0 0 8 0 0 0 0 0 0 0 0 0 0 0 0
P13896 2009 8 0 0 0 0 0 0 0 0 0 0 0 0 0 0 0 0 0 0 0 0 0 0 14 0 0 0 0 14 0 16 0
P13896 2009 9 21 32 0 0 2 0 0 0 0 0 24 0 12 4 0 0 0 0 0 0 0 0 20 0 0 0 0 0 0 0 -999
P13896 2009 10 0 0 0 2 0 0 0 0 0 0 15 0 15 14 0 20 23 0 0 0 0 16 38 54 11 0 0 0 9 9 10
P13896 2009 11 0 0 0 4 0 0 0 10 0 0 0 14 0 18 27 0 0 14 28 46 0 12 28 8 0 17 25 34 29 43 -999
P13896 2009 12 53 75 62 43 107 99 85 71 40 50 0 38 46 34 0 17 30 49 52 24 19 38 51 43 49 53 46 38 30 35 29
P13896 2010 1 25 23 48 66 35 0 0 9 0 16 8 0 18 11 20 29 34 0 27 23 0 0 0 0 0 0 0 0 0 0 11
P13896 2010 2 0 0 0 0 20 0 0 10 9 0 0 1 1 0 4 0 0 6 14 16 13 22 16 20 8 15 0 0 -999 -999 -999
P13896 2010 3 0 5 6 0 0 16 0 13 25 40 25 14 11 9 7 7 0 31 52 23 0 4 0 1 0 0 0 0 0 0 11
P13896 2010 4 17 16 24 0 0 18 27 0 0 39 0 0 0 41 42 0 0 0 9 21 16 18 16 40 0 11 9 24 0 29 -999
P13896 2010 5 20 16 24 25 19 14 0 0 0 0 0 0 0 12 16 23 0 30 0 0 0 9 0 7 0 25 30 20 21 0 0
P13896 2010 6 0 23 26 0 12 0 14 0 0 0 0 0 0 0 15 0 16 0 3 0 0 0 7 0 0 0 0 0 0 0 -999
P13896 2010 7 18 20 7 0 0 0 12 0 0 0 0 0 0 0 10 0 0 0 0 0 0 0 0 0 0 0 0 0 0 10 0
P13896 2010 8 0 0 0 0 0 7 9 0 0 0 0 0 0 0 13 0 0 0 0 0 0 0 0 0 0 0 9 0 0 0 15
P13896 2010 9 0 0 0 31 14 0 0 0 17 0 12 0 23 0 18 0 0 13 0 0 0 0 0 0 20 13 0 0 0 0 -999
P13896 2010 10 4 0 0 0 0 0 8 0 0 35 72 47 64 0 42 0 20 35 32 16 23 0 12 0 0 0 0 28 33 24 0
P13896 2010 11 0 8 22 10 0 0 6 6 0 0 0 0 0 3 0 12 34 25 20 0 7 0 0 0 4 0 0 0 0 0 -999
P13896 2010 12 0 5 13 0 15 18 24 0 8 11 8 25 57 0 0 0 31 26 17 6 0 0 1 0 0 4 0 11 8 6 0
P13896 2011 1 0 0 12 28 26 0 0 0 0 0 7 0 0 13 22 0 2 0 0 0 21 47 66 39 48 24 33 17 9 10 19
P13896 2011 2 22 19 29 57 58 56 45 27 0 0 0 44 41 26 40 21 0 12 0 16 0 34 21 0 0 11 14 23 -999 -999 -999
P13896 2011 3 24 0 0 0 0 12 0 11 16 0 26 33 25 0 43 63 50 64 42 48 52 72 104 153 63 40 35 74 0 0 7
P13896 2011 4 0 0 23 17 0 0 0 13 0 0 0 0 0 0 12 0 20 20 0 21 0 0 8 0 0 0 0 0 0 0 -999
P13896 2011 5 6 29 22 0 0 0 0 0 0 33 0 0 15 0 0 0 0 0 0 0 32 21 0 0 0 0 14 15 0 0 14
P13896 2011 6 20 19 0 0 0 0 0 0 10 0 0 10 0 0 0 0 0 0 5 0 0 0 9 0 19 22 17 15 16 12 -999
P13896 2011 7 0 11 14 0 0 0 0 0 0 0 0 0 0 11 0 0 3 7 0 0 0 18 0 0 5 0 0 0 0 0 0
P13896 2011 8 0 4 0 0 0 0 0 0 0 8 0 0 0 0 0 0 0 0 0 0 0 0 0 0 0 0 0 0 10 0 21
P13896 2011 9 0 0 0 0 0 0 0 14 28 22 0 0 0 0 0 0 0 0 0 0 0 0 0 5 0 8 0 5 0 0 -999
P13896 2011 10 0 0 0 0 3 0 2 6 6 8 8 0 0 18 19 15 0 0 0 0 0 14 17 16 12 0 0 12 0 0 0
P13896 2011 11 13 11 28 61 91 82 38 0 7 0 0 0 0 6 7 14 0 0 8 0 20 40 45 24 0 12 15 21 10 9 -999
P13896 2011 12 0 23 33 14 14 0 0 0 4 0 0 36 23 0 29 83 110 71 86 83 79 64 0 0 35 48 59 60 66 56 94
P13896 2012 1 0 26 0 0 0 0 7 0 5 0 0 0 0 0 0 0 0 7 6 4 0 3 0 0 0 0 5 15 30 19 0
P13896 2012 2 0 0 0 24 0 12 7 10 0 0 2 0 0 0 0 0 0 18 46 29 0 5 0 7 0 0 0 31 -999 -999 -999
P13896 2012 3 66 49 0 0 0 0 0 0 0 0 0 15 0 22 0 25 0 18 22 36 46 0 18 0 22 0 0 0 21 16 0
P13896 2012 4 0 14 0 0 0 0 47 51 23 10 12 0 31 63 48 29 29 22 19 18 0 11 0 44 42 37 0 0 44 0 -999
P13896 2012 5 22 0 17 0 0 0 9 13 0 22 17 0 29 48 43 32 27 0 12 9 11 0 0 0 27 33 18 11 0 0 0
P13896 2012 6 0 0 0 0 3 0 0 0 18 0 0 14 0 17 23 11 0 0 0 0 11 0 0 4 0 0 0 0 0 0 -999
P13896 2012 7 0 1 0 0 0 0 0 0 0 0 0 17 0 0 0 0 0 9 4 0 5 0 0 7 0 18 0 0 0 0 8
P13896 2012 8 0 0 6 9 0 0 0 0 0 0 0 0 0 0 0 0 0 0 0 0 0 0 0 0 0 0 0 0 0 0 0
P13896 2012 9 0 0 0 11 0 0 0 0 0 0 0 0 0 0 5 9 9 0 0 0 0 0 0 0 0 0 0 7 11 0 -999
P13896 2012 10 8 0 0 0 0 0 0 0 0 29 55 0 18 0 30 43 39 0 28 0 14 21 14 0 11 0 40 38 42 78 59
P13896 2012 11 81 89 64 40 38 38 13 20 23 64 51 0 11 11 0 0 15 44 67 73 40 18 14 0 0 22 0 34 39 20 -999
P13896 2012 12 0 0 0 0 0 40 65 68 26 40 26 0 19 51 58 55 36 0 20 37 48 42 36 52 40 31 21 18 27 23 53
P13896 2013 1 30 0 23 63 47 23 53 35 24 17 13 11 0 3 4 0 8 9 6 0 0 7 0 3 4 0 0 18 40 40 22
P13896 2013 2 0 0 0 8 8 15 20 24 29 0 3 0 31 103 44 0 26 65 98 86 72 85 73 73 0 14 7 7 -999 -999 -999
P13896 2013 3 0 0 17 17 17 9 13 0 29 54 106 97 86 57 55 54 45 0 57 44 22 39 0 35 31 0 20 32 44 65 66
P13896 2013 4 38 14 11 20 0 51 54 28 0 0 0 0 0 0 12 24 13 0 24 0 63 45 32 54 0 18 0 0 9 0 -999
P13896 2013 5 0 0 5 0 15 0 11 0 29 47 50 27 0 0 24 33 38 37 25 17 16 0 0 8 0 0 0 0 0 0 0
P13896 2013 6 0 0 0 22 0 0 0 33 37 43 50 0 27 18 14 0 10 14 0 0 8 0 5 0 0 0 29 45 41 23 -999
P13896 2013 7 12 0 0 0 19 0 24 9 0 0 0 0 0 0 0 0 0 12 0 0 0 0 0 0 0 0 0 0 7 0 13
P13896 2013 8 0 0 0 0 0 15 19 27 24 22 17 16 0 0 0 0 0 0 0 0 0 0 0 0 0 0 0 0 19 28 45
P13896 2013 9 44 22 0 8 0 12 0 0 8 0 0 0 0 0 0 0 0 10 0 0 12 0 0 0 0 0 0 5 0 0 -999
P13896 2013 10 0 0 0 0 0 0 0 0 20 27 9 0 0 8 0 14 0 19 0 0 0 8 0 7 4 0 0 5 0 0 0
P13896 2013 11 0 0 0 1 0 0 0 0 13 0 0 18 15 13 16 0 0 95 133 65 60 129 88 41 43 96 44 41 28 31 -999
P13896 2013 12 33 90 70 45 0 0 0 9 9 0 0 0 8 11 20 0 14 12 0 5 0 33 28 37 39 49 0 18 44 49 24
P13896 2014 1 31 17 11 22 45 0 29 44 0 11 39 39 56 47 44 35 0 2 1 0 0 0 0 5 0 32 49 60 62 64 36
P13896 2014 2 39 67 53 73 0 63 77 67 65 66 0 35 50 17 12 0 0 0 27 15 0 0 15 0 0 2 0 24 -999 -999 -999