precip	MIROC5	RCP60	REGRESION	decimas	1
P13774	41.788	-4.324	182	geo	2006	2100	-1
P13774 2006 1 0 0 0 0 0 12 6 10 0 6 0 54 123 0 37 68 49 52 25 12 0 7 17 9 8 11 0 0 0 24 0
P13774 2006 2 0 38 28 18 0 0 0 0 0 0 0 0 0 21 0 17 16 0 21 22 14 10 8 0 5 0 6 10 -999 -999 -999
P13774 2006 3 26 0 56 75 68 68 69 62 42 30 40 29 25 0 23 42 73 72 61 35 39 29 28 0 25 28 29 0 43 34 36
P13774 2006 4 24 32 25 27 17 0 9 16 0 0 0 5 0 0 10 0 0 0 7 0 0 3 7 0 20 0 42 34 21 20 -999
P13774 2006 5 19 0 18 27 0 36 0 0 9 7 0 14 21 21 0 11 13 11 16 0 0 0 0 0 0 0 0 19 0 0 0
P13774 2006 6 0 0 10 0 0 0 0 0 0 0 12 20 0 9 10 0 0 0 0 0 10 0 0 15 19 0 21 0 0 0 -999
P13774 2006 7 19 0 0 0 0 0 0 0 0 0 0 0 0 37 0 0 0 0 14 0 0 13 0 0 0 0 0 8 0 0 0
P13774 2006 8 0 0 0 0 0 0 13 9 0 12 0 0 0 0 0 0 0 0 0 18 0 0 0 0 17 13 0 11 14 22 16
P13774 2006 9 0 0 18 0 0 0 0 0 19 15 0 7 11 11 0 0 0 0 0 14 0 0 16 16 0 0 0 0 13 0 -999
P13774 2006 10 0 0 0 0 0 9 0 0 0 0 0 0 20 0 20 0 0 8 0 0 18 0 0 0 19 19 0 0 16 13 13
P13774 2006 11 17 0 0 0 9 11 0 24 11 0 0 0 0 0 0 0 0 0 0 10 0 0 17 24 0 8 0 0 0 0 -999
P13774 2006 12 0 0 0 0 0 0 0 33 37 0 0 19 20 20 41 58 13 0 0 6 0 36 68 35 37 34 0 20 25 21 0
P13774 2007 1 12 16 0 4 0 0 0 0 0 0 0 0 0 0 0 0 0 2 11 0 0 0 0 0 12 12 9 17 0 15 0
P13774 2007 2 7 12 0 18 10 8 17 53 109 71 0 16 0 10 0 0 0 22 0 0 19 18 31 24 28 25 25 21 -999 -999 -999
P13774 2007 3 0 18 19 30 37 20 0 0 0 7 15 30 34 58 30 15 20 0 11 25 0 17 0 0 0 0 0 4 0 0 0
P13774 2007 4 0 0 0 0 0 0 5 0 3 0 0 26 40 13 0 0 23 0 35 26 0 16 25 0 0 0 0 3 0 0 -999
P13774 2007 5 0 0 0 0 0 0 0 9 19 22 0 0 0 0 0 16 13 20 0 12 0 0 0 0 0 0 0 0 0 8 0
P13774 2007 6 17 0 0 14 0 17 0 0 0 0 0 14 24 0 0 0 0 0 0 0 0 0 0 0 0 0 0 17 0 0 -999
P13774 2007 7 0 15 17 0 0 0 0 0 20 0 0 25 0 0 0 24 26 17 18 0 18 16 0 0 0 0 0 0 0 0 0
P13774 2007 8 0 0 0 0 0 0 0 0 0 0 0 0 0 0 0 0 15 0 0 21 0 0 0 0 12 0 17 16 0 0 0
P13774 2007 9 0 0 0 0 0 6 0 0 0 14 12 0 0 15 0 0 0 0 6 0 0 0 0 15 0 13 0 0 0 0 -999
P13774 2007 10 0 0 0 0 0 0 0 0 17 19 0 0 33 34 15 14 21 39 0 7 20 35 39 36 15 12 27 10 0 8 0
P13774 2007 11 8 6 0 0 0 0 0 0 15 0 30 31 16 0 0 0 5 0 2 0 0 0 4 0 4 0 8 0 0 0 -999
P13774 2007 12 6 0 0 9 0 0 9 0 0 0 5 0 2 0 0 11 0 16 0 0 6 4 7 8 12 9 12 0 3 0 0
P13774 2008 1 0 19 25 27 0 0 0 0 0 0 0 0 7 12 0 12 0 0 14 21 0 45 18 11 21 49 49 31 26 36 52
P13774 2008 2 80 39 55 34 27 42 28 46 21 25 37 0 0 10 28 31 0 35 21 14 9 0 6 5 8 18 0 0 -999 -999 -999
P13774 2008 3 0 0 9 0 0 0 0 4 0 6 0 0 18 11 0 0 0 0 0 5 0 9 0 0 12 0 5 2 0 0 0
P13774 2008 4 0 0 10 15 0 8 3 0 1 0 5 0 17 21 0 31 26 17 0 0 8 6 0 0 5 2 3 0 0 0 -999
P13774 2008 5 13 7 0 0 11 0 0 0 12 22 36 0 17 23 0 0 0 0 0 0 0 0 32 13 0 9 0 0 0 0 0
P13774 2008 6 0 0 0 0 13 20 12 0 21 0 0 0 13 30 0 0 11 0 0 11 0 12 0 0 0 0 0 0 0 0 -999
P13774 2008 7 8 0 0 0 0 0 0 28 0 0 0 11 0 0 0 0 0 0 0 0 0 0 0 17 15 0 0 0 0 0 26
P13774 2008 8 27 0 0 0 0 0 0 14 0 0 0 0 0 0 0 0 11 0 0 0 0 0 0 0 0 0 0 0 0 0 0
P13774 2008 9 0 0 0 11 0 0 0 12 0 14 19 19 0 24 16 10 13 0 12 11 0 0 19 0 20 15 0 0 0 24 -999
P13774 2008 10 26 0 0 14 0 7 0 0 0 11 0 34 0 13 0 0 0 10 0 0 16 16 0 0 15 31 35 22 20 0 0
P13774 2008 11 0 6 25 0 4 0 0 0 0 0 20 7 6 0 0 0 0 27 0 0 0 0 7 3 0 0 0 0 0 3 -999
P13774 2008 12 0 0 0 0 0 0 0 3 7 19 0 0 12 12 0 0 0 6 0 0 0 7 6 8 19 21 17 0 7 2 0
P13774 2009 1 0 0 0 0 0 7 0 0 5 0 0 9 9 0 10 0 1 0 0 0 0 0 0 0 0 1 0 0 0 0 0
P13774 2009 2 0 6 7 0 5 5 4 2 0 0 4 0 5 0 2 1 0 0 0 0 0 0 0 2 0 0 0 19 -999 -999 -999
P13774 2009 3 34 36 31 15 0 0 12 29 0 0 6 0 0 13 19 26 47 40 31 21 0 7 0 22 22 41 32 51 46 39 0
P13774 2009 4 0 0 0 11 18 24 11 10 7 6 10 0 16 15 14 0 0 7 10 0 0 0 0 0 6 0 8 0 23 0 -999
P13774 2009 5 0 22 21 20 0 23 0 0 15 0 0 0 4 0 0 0 5 9 0 0 0 0 18 0 13 9 0 10 0 0 0
P13774 2009 6 0 11 0 14 16 0 15 0 0 0 0 0 8 0 0 0 0 0 0 0 0 0 0 0 0 0 0 0 0 18 -999
P13774 2009 7 24 0 0 0 0 20 0 0 0 0 0 0 0 0 0 0 0 0 0 0 0 0 0 0 0 0 0 0 0 15 0
P13774 2009 8 0 0 0 0 0 0 15 12 0 0 0 0 0 0 0 3 0 8 9 0 0 0 20 0 0 0 0 0 0 0 0
P13774 2009 9 26 19 0 2 0 5 0 0 0 27 29 15 0 0 0 0 0 0 11 0 0 22 20 16 0 0 0 0 0 0 -999
P13774 2009 10 10 0 0 5 0 0 0 0 0 0 12 0 12 0 12 15 18 17 0 0 0 8 15 32 0 0 0 6 7 8 0
P13774 2009 11 0 0 0 6 5 0 10 11 8 0 4 0 6 7 0 11 12 0 0 21 9 9 24 0 7 0 12 15 14 0 -999
P13774 2009 12 18 24 33 18 48 41 42 24 0 35 22 12 15 0 9 0 0 0 26 0 11 13 18 18 0 25 35 0 18 0 12
P13774 2010 1 14 0 0 49 39 11 6 6 10 0 0 0 11 0 9 13 0 7 8 13 0 0 0 2 0 0 4 4 0 10 0
P13774 2010 2 6 0 0 0 0 16 8 0 5 0 0 0 1 0 2 0 0 2 0 0 0 0 6 9 3 5 0 5 -999 -999 -999
P13774 2010 3 0 0 0 0 8 11 0 12 27 0 15 0 5 5 4 0 0 17 34 0 0 0 0 0 0 0 0 0 0 0 7
P13774 2010 4 0 0 0 0 10 17 0 32 28 0 0 15 0 0 31 25 0 0 6 0 0 0 10 16 18 0 7 11 21 0 -999
P13774 2010 5 0 0 0 19 0 0 0 0 0 7 0 0 0 0 0 20 0 17 0 0 0 0 0 7 0 0 26 0 0 0 0
P13774 2010 6 0 17 17 0 0 0 0 0 3 0 0 0 0 0 0 0 0 0 0 0 0 12 0 0 0 0 0 0 0 0 -999
P13774 2010 7 0 23 7 0 0 0 0 0 0 0 12 0 0 6 12 0 0 0 0 0 11 0 0 0 0 0 0 0 0 0 0
P13774 2010 8 0 0 10 0 0 0 0 0 0 0 0 0 0 0 0 0 0 0 0 0 0 5 13 0 0 0 0 0 0 0 18
P13774 2010 9 0 0 27 17 0 0 0 0 0 0 0 0 16 0 20 9 0 0 17 13 0 0 0 13 21 0 0 0 0 0 -999
P13774 2010 10 0 0 0 5 0 0 0 0 0 0 37 26 40 28 20 0 11 0 19 0 15 16 0 0 0 0 0 0 17 11 8
P13774 2010 11 8 5 11 0 0 0 0 0 0 6 5 0 0 0 0 7 0 0 8 0 6 0 3 0 0 0 0 2 0 0 -999
P13774 2010 12 0 0 0 9 0 11 0 5 6 6 0 12 0 20 6 0 7 8 0 0 0 0 0 0 0 0 0 0 0 0 0
P13774 2011 1 0 6 0 8 12 0 0 2 0 0 0 0 0 7 11 0 0 0 0 0 0 18 38 0 17 0 10 3 0 0 6
P13774 2011 2 0 7 7 20 21 26 0 11 0 0 0 15 12 0 0 10 0 7 8 10 12 0 0 0 0 6 0 0 -999 -999 -999
P13774 2011 3 23 0 10 0 8 0 7 5 7 12 15 0 16 0 23 0 35 23 17 20 0 30 47 97 37 13 0 52 0 0 0
P13774 2011 4 15 23 18 13 9 0 9 13 0 15 14 0 15 0 6 0 0 24 0 0 20 12 0 0 0 0 0 0 0 0 -999
P13774 2011 5 6 0 0 0 0 0 0 11 18 29 0 0 15 0 0 0 0 0 0 0 30 0 8 0 0 0 0 0 0 9 10
P13774 2011 6 10 0 0 7 0 10 0 0 0 19 0 0 0 0 0 0 6 0 7 0 14 0 13 12 0 0 15 0 11 0 -999
P13774 2011 7 0 0 11 15 0 0 0 6 0 0 0 0 0 15 0 5 0 0 0 0 0 0 0 0 0 0 0 0 18 0 0
P13774 2011 8 0 0 0 0 0 0 14 0 0 0 0 16 0 0 0 0 0 0 12 0 0 0 0 0 9 0 0 0 0 0 0
P13774 2011 9 0 0 9 15 0 0 0 0 0 32 0 0 0 0 0 0 0 0 0 5 6 0 0 0 0 0 0 8 9 16 -999
P13774 2011 10 0 0 8 6 5 0 0 0 0 0 12 0 15 15 0 13 9 0 0 0 0 16 16 0 0 0 0 9 13 18 0
P13774 2011 11 6 5 0 24 44 47 29 0 0 0 0 0 0 0 5 0 23 17 6 0 9 38 28 24 0 0 6 0 6 0 -999
P13774 2011 12 0 0 22 0 0 0 0 0 0 0 9 15 10 4 9 34 43 38 43 40 45 23 21 14 17 0 25 0 23 0 37
P13774 2012 1 37 15 0 2 0 3 0 0 0 0 0 0 0 0 0 0 3 0 0 0 0 0 0 0 0 0 0 7 0 12 4
P13774 2012 2 0 0 22 12 5 0 5 0 0 3 0 0 0 0 0 0 3 0 22 16 0 5 0 4 0 0 0 0 -999 -999 -999
P13774 2012 3 0 33 19 0 11 11 0 0 0 0 0 0 15 9 0 0 19 0 19 33 31 16 15 0 17 0 0 9 15 0 5
P13774 2012 4 0 0 0 0 0 0 21 21 0 0 0 8 0 50 0 22 18 0 0 9 6 0 0 30 38 26 0 26 27 28 -999
P13774 2012 5 16 17 15 0 0 0 0 11 18 0 14 0 0 27 0 18 15 0 0 0 9 13 10 9 0 19 16 0 0 0 0
P13774 2012 6 0 0 0 0 0 6 0 0 0 0 0 12 0 0 0 0 0 0 0 17 0 0 0 0 0 0 0 16 0 0 -999
P13774 2012 7 9 4 0 0 0 0 0 0 0 0 0 0 0 12 0 0 0 0 10 0 0 0 0 13 0 20 12 0 0 0 0
P13774 2012 8 0 0 10 14 0 0 0 0 0 0 0 9 0 0 0 0 0 0 8 9 9 0 9 0 0 11 0 9 0 0 0
P13774 2012 9 9 0 0 0 0 0 0 0 0 0 0 0 0 0 0 0 0 0 0 0 0 0 0 0 0 0 0 14 0 10 -999
P13774 2012 10 8 5 0 0 0 5 0 11 0 27 42 17 0 0 21 23 19 0 23 0 0 24 0 0 0 13 25 0 18 41 24
P13774 2012 11 35 0 34 0 13 0 0 0 0 31 29 0 0 0 0 0 0 0 44 0 0 6 0 0 0 10 0 0 25 0 -999
P13774 2012 12 0 0 0 0 0 41 40 0 11 14 13 0 0 44 31 34 26 0 0 11 12 19 0 18 12 9 0 0 11 11 34
P13774 2013 1 0 9 14 28 0 0 15 12 0 0 0 0 0 0 2 3 0 0 3 0 1 0 0 0 1 0 0 0 11 0 0
P13774 2013 2 1 0 2 0 0 4 4 6 0 4 2 0 20 56 0 10 12 0 55 42 34 43 35 51 16 0 0 0 -999 -999 -999
P13774 2013 3 9 13 0 13 0 0 0 25 22 0 70 59 47 19 19 26 24 21 24 20 15 35 0 17 21 0 17 28 31 33 49
P13774 2013 4 26 0 9 14 11 20 21 0 5 0 6 0 0 0 0 24 0 9 0 0 30 21 14 0 36 0 4 0 7 0 -999
P13774 2013 5 0 0 0 18 9 6 0 0 0 0 0 19 8 0 25 33 0 21 0 13 0 0 0 10 0 0 0 0 9 9 11
P13774 2013 6 15 21 0 19 0 0 0 31 29 38 32 30 22 0 0 0 0 12 0 0 0 0 0 0 0 0 36 26 27 0 -999
P13774 2013 7 0 0 0 0 20 0 20 0 8 0 9 0 0 0 0 0 0 9 0 0 0 0 0 0 0 0 0 0 0 0 0
P13774 2013 8 0 0 0 0 0 0 0 0 0 0 0 12 8 8 0 0 0 0 0 0 0 0 0 0 0 0 7 0 0 0 0
P13774 2013 9 26 15 9 0 0 0 0 0 0 0 22 0 0 0 8 0 0 0 0 0 18 0 0 0 0 0 5 0 0 0 -999
P13774 2013 10 0 0 0 0 0 0 7 11 13 19 0 0 8 9 0 0 0 0 10 0 7 0 0 3 0 0 0 0 0 0 0
P13774 2013 11 0 0 0 0 0 0 0 5 0 8 9 7 0 0 0 0 12 69 108 52 36 63 72 0 25 64 0 20 0 13 -999
P13774 2013 12 14 0 26 23 0 0 0 11 0 8 6 0 0 0 0 7 6 0 0 7 9 0 12 20 16 23 13 13 27 26 13
P13774 2014 1 16 0 5 11 0 17 11 18 10 6 13 14 20 18 18 11 0 0 0 0 1 0 0 0 15 0 29 0 55 40 0
P13774 2014 2 0 31 19 28 23 39 34 46 24 34 0 13 0 0 0 0 0 12 0 0 9 7 0 7 0 0 0 15 -999 -999 -999