precip	MIROC5	RCP60	REGRESION	decimas	1
P14638	42.025	-3.577	182	geo	2006	2100	-1
P14638 2006 1 0 0 5 6 0 0 0 0 0 7 17 52 132 56 39 77 59 73 30 21 10 0 0 0 8 0 17 14 24 26 12
P14638 2006 2 0 27 25 17 0 0 0 0 0 0 0 0 21 26 26 26 26 19 33 39 26 16 13 0 10 0 11 0 -999 -999 -999
P14638 2006 3 0 55 61 90 91 73 84 74 57 32 37 32 28 25 0 42 68 79 74 44 51 36 33 31 27 34 38 0 53 46 48
P14638 2006 4 38 0 0 33 21 15 0 17 9 0 0 0 0 0 0 12 0 7 0 7 0 0 0 0 0 0 0 0 31 28 -999
P14638 2006 5 0 29 24 32 0 40 0 0 0 0 0 0 27 28 20 0 16 18 21 0 16 7 0 0 0 0 0 0 0 18 13
P14638 2006 6 0 0 0 12 0 0 0 0 0 0 10 0 22 0 0 0 0 0 0 14 0 0 0 14 0 0 0 20 16 0 -999
P14638 2006 7 23 0 0 0 14 0 23 23 14 0 0 0 21 0 0 0 0 0 0 0 0 0 0 0 0 0 0 0 0 0 0
P14638 2006 8 0 0 0 0 0 0 0 0 0 0 0 0 0 0 0 0 0 0 0 0 20 0 10 22 0 20 0 0 0 23 0
P14638 2006 9 0 0 0 17 24 0 0 0 0 0 10 0 15 13 0 23 0 0 15 0 16 0 0 18 12 0 0 16 21 19 -999
P14638 2006 10 10 0 4 0 0 0 0 8 0 0 11 0 0 19 20 0 13 0 0 14 19 0 0 0 0 24 17 23 28 22 20
P14638 2006 11 0 0 0 7 0 0 0 0 0 0 3 0 0 4 0 4 0 0 0 0 17 22 22 26 17 0 5 0 0 0 -999
P14638 2006 12 0 0 0 0 0 0 13 0 23 0 14 0 19 21 0 61 0 0 0 5 0 33 60 46 0 39 0 20 25 22 15
P14638 2007 1 13 18 17 0 0 0 0 0 0 0 0 0 3 4 2 0 0 4 22 11 4 3 7 19 21 17 13 34 35 23 18
P14638 2007 2 0 18 38 39 20 14 21 49 105 88 34 21 15 16 15 6 0 23 17 15 16 0 0 0 18 0 0 27 -999 -999 -999
P14638 2007 3 18 18 19 0 31 26 14 0 0 8 20 50 47 74 48 19 23 20 12 0 18 21 7 0 6 6 10 0 0 6 0
P14638 2007 4 3 0 0 0 13 27 11 7 5 0 10 0 43 21 11 0 0 0 39 33 0 24 32 34 0 21 10 5 0 0 -999
P14638 2007 5 2 0 11 0 0 0 0 0 0 0 20 0 0 0 23 21 0 0 27 15 9 0 0 0 0 0 0 0 0 10 0
P14638 2007 6 18 0 15 15 17 16 13 9 0 0 0 0 0 0 0 0 0 0 11 0 9 12 21 16 0 0 0 20 0 0 -999
P14638 2007 7 0 0 18 0 0 0 17 11 0 31 28 29 19 0 0 22 0 22 20 0 0 19 0 0 0 24 26 0 0 0 0
P14638 2007 8 0 0 0 16 0 0 0 0 0 0 0 0 0 0 0 0 0 0 0 25 24 13 5 0 0 16 18 0 0 0 10
P14638 2007 9 9 0 0 6 0 0 0 0 0 0 0 0 11 0 0 20 0 0 5 0 0 0 9 0 0 12 0 0 0 0 -999
P14638 2007 10 10 0 0 0 10 0 0 14 0 0 0 0 0 42 21 0 0 0 0 0 0 33 43 49 24 0 35 15 14 19 22
P14638 2007 11 21 13 0 0 0 18 16 0 0 0 24 0 20 0 11 0 0 0 0 3 0 0 0 18 11 11 0 11 13 12 -999
P14638 2007 12 0 0 0 0 0 9 0 5 0 0 16 12 0 5 8 14 20 14 0 0 5 0 0 0 14 11 19 21 0 10 16
P14638 2008 1 24 32 39 40 17 2 0 0 2 0 0 0 0 11 0 12 11 8 17 27 58 60 25 14 0 51 57 0 29 42 0
P14638 2008 2 81 52 0 39 32 47 33 46 27 0 43 26 16 0 32 44 0 34 28 23 0 9 0 5 0 19 0 18 -999 -999 -999
P14638 2008 3 0 8 10 0 0 3 0 0 0 7 0 0 14 0 0 4 3 0 0 0 7 0 0 6 13 17 10 4 2 0 3
P14638 2008 4 5 0 11 0 0 0 0 5 3 0 0 8 14 19 0 28 0 20 0 10 0 0 0 0 0 0 0 7 13 0 -999
P14638 2008 5 14 0 4 0 0 15 14 0 17 27 40 24 0 0 23 0 13 10 0 33 33 26 34 22 13 13 12 9 0 0 0
P14638 2008 6 13 0 0 0 13 19 14 12 0 21 0 0 0 30 25 8 9 0 0 0 0 0 0 0 0 0 0 0 24 14 -999
P14638 2008 7 0 0 0 0 0 0 0 27 31 19 0 0 0 26 0 0 0 24 13 0 0 0 19 0 0 0 19 0 0 10 0
P14638 2008 8 0 0 0 0 0 0 0 0 0 23 20 13 21 0 0 16 0 0 0 0 0 0 8 0 9 0 0 12 10 9 0
P14638 2008 9 0 0 0 0 0 0 0 0 0 0 0 0 0 0 25 11 0 0 0 0 0 12 0 0 0 0 0 0 0 32 -999
P14638 2008 10 35 27 0 0 9 0 0 26 20 0 36 44 31 19 5 0 0 0 14 15 0 15 0 0 0 40 47 36 29 20 16
P14638 2008 11 21 0 30 0 8 4 5 0 13 14 28 12 0 0 0 0 0 0 20 15 0 0 0 0 0 0 0 0 0 4 -999
P14638 2008 12 3 0 1 2 0 3 0 0 9 31 28 11 25 24 0 0 10 11 7 0 0 7 6 0 23 34 29 17 0 0 2
P14638 2009 1 0 0 0 0 15 19 7 0 0 7 0 14 13 0 13 0 2 0 0 0 0 0 0 1 0 2 0 0 0 2 0
P14638 2009 2 6 13 12 11 7 0 9 3 3 9 11 0 8 4 0 0 0 2 5 12 7 7 6 4 0 0 12 45 -999 -999 -999
P14638 2009 3 53 42 0 0 17 18 22 38 30 13 0 7 8 18 28 41 63 56 44 32 11 0 24 30 28 44 38 56 56 47 29
P14638 2009 4 20 0 0 15 21 31 21 17 13 12 15 0 22 0 24 0 10 10 14 23 0 0 5 0 7 0 8 19 0 0 -999
P14638 2009 5 26 0 0 23 18 26 17 15 0 18 18 16 8 5 3 0 5 0 0 0 23 23 0 0 12 10 0 0 11 12 0
P14638 2009 6 0 0 12 16 17 21 19 0 0 15 7 5 0 0 0 20 14 0 7 0 0 0 0 0 16 0 0 0 0 0 -999
P14638 2009 7 0 0 0 0 0 0 0 10 0 0 0 24 23 0 0 0 0 0 14 18 25 0 0 0 0 0 0 0 0 0 31
P14638 2009 8 31 0 0 0 0 0 0 0 0 0 13 0 0 0 0 0 0 0 0 0 0 0 0 20 14 0 10 17 15 0 18
P14638 2009 9 25 24 13 0 0 0 0 0 0 0 30 18 0 0 5 8 0 0 0 0 0 0 27 23 10 7 0 0 0 0 -999
P14638 2009 10 0 0 3 0 0 0 0 0 0 12 0 0 0 0 0 0 18 20 16 14 14 0 17 39 0 0 0 0 0 0 0
P14638 2009 11 0 0 4 0 5 0 0 11 0 7 0 0 0 0 0 0 0 0 15 27 14 0 0 0 0 9 0 21 19 0 -999
P14638 2009 12 28 0 0 27 65 63 60 47 27 0 35 20 0 0 13 0 0 23 29 17 12 18 26 24 0 0 29 0 0 12 11
P14638 2010 1 0 10 18 41 47 13 7 5 0 9 0 5 0 0 0 16 0 12 8 12 0 0 0 0 0 0 0 0 4 0 8
P14638 2010 2 0 0 2 3 0 25 14 7 8 7 0 1 0 0 0 5 5 6 13 16 14 20 12 17 0 9 7 6 -999 -999 -999
P14638 2010 3 0 0 0 0 13 13 0 0 18 24 0 0 0 0 5 0 0 20 0 27 10 0 0 2 0 0 0 0 0 0 8
P14638 2010 4 0 0 27 17 0 0 18 0 0 30 21 18 21 26 31 30 19 0 9 14 18 0 15 0 29 11 0 17 30 25 -999
P14638 2010 5 21 14 19 0 0 14 0 0 0 0 0 0 10 0 0 0 0 21 15 0 6 11 0 9 0 25 34 22 17 14 9
P14638 2010 6 12 0 22 0 0 0 0 10 0 0 0 0 0 0 0 31 20 7 0 0 0 0 0 0 0 12 12 0 0 0 -999
P14638 2010 7 24 26 15 9 0 0 0 0 21 0 0 12 0 0 13 0 0 0 0 0 10 0 0 0 17 0 0 0 0 0 0
P14638 2010 8 29 0 0 0 0 0 0 0 0 0 17 0 0 0 0 0 20 0 0 0 0 0 0 0 0 13 13 0 9 10 18
P14638 2010 9 0 0 29 25 0 0 10 19 24 0 16 23 0 18 36 16 0 0 20 0 0 0 0 0 0 17 0 8 8 0 -999
P14638 2010 10 0 0 0 0 0 14 0 11 21 0 43 34 46 37 30 21 16 26 28 0 0 17 0 10 14 0 0 16 28 20 14
P14638 2010 11 0 0 0 10 0 5 0 6 0 0 0 0 0 0 9 13 25 19 13 4 0 0 0 0 0 0 0 0 0 0 -999
P14638 2010 12 5 5 10 18 14 16 17 6 0 10 0 0 29 27 11 0 0 14 16 5 0 0 1 2 0 0 0 0 0 4 0
P14638 2011 1 0 0 0 8 0 0 0 0 0 2 4 0 0 0 10 0 0 0 0 9 20 28 55 26 27 12 20 9 6 0 0
P14638 2011 2 0 11 0 24 21 23 0 0 0 0 0 0 25 0 0 19 0 0 0 0 0 18 0 0 0 0 9 0 -999 -999 -999
P14638 2011 3 0 0 0 0 0 10 0 0 7 0 0 0 0 0 0 46 49 42 29 32 32 39 59 100 54 19 0 0 0 0 0
P14638 2011 4 0 0 16 0 0 0 0 12 18 0 0 16 19 12 9 0 21 0 20 20 23 15 9 9 0 0 0 0 0 0 -999
P14638 2011 5 0 20 18 12 0 0 7 0 0 30 15 9 0 16 16 0 0 0 0 20 0 16 0 17 0 0 0 0 13 0 17
P14638 2011 6 14 14 0 8 0 9 0 0 0 0 0 0 15 15 15 0 0 0 0 0 0 20 16 0 19 18 18 0 14 12 -999
P14638 2011 7 0 0 17 18 16 10 8 0 0 0 0 0 0 0 0 8 7 0 0 0 29 0 12 0 0 16 0 0 0 0 0
P14638 2011 8 0 0 0 6 0 0 12 0 21 19 0 22 0 0 0 0 0 0 0 0 0 3 0 9 0 0 0 0 17 0 20
P14638 2011 9 0 0 0 16 14 0 0 15 0 40 16 0 0 0 0 0 0 0 0 0 0 6 0 0 0 0 0 0 0 0 -999
P14638 2011 10 0 0 0 0 4 0 0 0 0 10 0 13 0 0 14 0 0 13 0 0 0 0 14 14 14 9 0 0 0 22 0
P14638 2011 11 11 10 25 45 66 59 37 15 0 0 0 0 0 3 4 8 21 15 0 0 11 45 51 34 0 9 0 12 0 5 -999
P14638 2011 12 0 0 23 13 9 7 2 0 0 0 0 25 19 8 12 41 60 47 58 0 60 38 0 19 16 33 35 38 36 33 0
P14638 2012 1 47 22 8 0 0 0 0 0 0 0 0 0 0 0 0 0 9 0 4 0 3 0 1 0 1 0 3 6 15 0 7
P14638 2012 2 0 11 0 0 7 5 0 0 0 0 0 0 0 0 0 0 0 0 25 23 0 4 0 4 0 0 0 21 -999 -999 -999
P14638 2012 3 40 46 0 14 13 15 15 6 0 0 4 15 28 0 0 0 0 16 0 26 27 19 0 0 18 0 0 7 15 0 0
P14638 2012 4 5 0 3 0 0 16 36 34 17 9 9 15 0 52 45 28 28 22 14 13 11 10 0 31 46 35 0 26 34 33 -999
P14638 2012 5 21 19 0 11 0 0 0 11 19 20 17 20 26 33 0 25 19 17 0 10 0 18 14 11 26 30 27 13 10 0 0
P14638 2012 6 0 5 0 5 0 0 0 0 0 20 0 0 13 16 22 17 8 0 13 19 16 10 0 7 0 0 0 19 0 0 -999
P14638 2012 7 14 0 0 9 15 0 0 0 0 20 0 26 21 15 0 12 0 0 14 0 0 0 12 16 23 22 0 0 0 0 0
P14638 2012 8 0 0 0 0 17 14 0 0 0 0 0 0 0 0 13 0 0 0 0 0 0 9 0 0 0 0 0 0 0 10 0
P14638 2012 9 0 0 0 0 0 0 0 8 0 0 0 0 0 0 0 0 0 0 0 10 0 0 0 0 0 0 0 0 0 0 -999
P14638 2012 10 0 5 0 0 0 0 0 0 19 0 40 24 0 14 0 30 0 0 21 0 0 27 19 0 0 14 26 28 25 58 50
P14638 2012 11 51 72 48 29 21 25 0 0 15 43 46 10 0 5 0 0 0 28 0 35 22 0 9 0 0 0 17 0 25 0 -999
P14638 2012 12 0 0 7 10 8 0 37 37 14 14 12 0 12 0 47 41 0 21 15 0 0 24 11 0 23 19 0 10 17 18 39
P14638 2013 1 23 0 0 35 35 12 19 20 13 0 8 0 5 0 0 0 6 9 7 0 2 4 0 0 0 2 4 8 0 25 13
P14638 2013 2 0 0 1 4 0 7 8 13 19 0 0 0 16 59 43 15 0 0 59 53 47 53 47 63 22 10 0 0 -999 -999 -999
P14638 2013 3 0 0 0 0 0 7 0 21 22 34 68 62 55 29 21 25 29 0 28 26 15 0 35 16 18 13 0 0 34 40 56
P14638 2013 4 32 0 10 0 15 30 36 20 8 7 0 0 0 0 14 0 0 9 0 16 40 0 21 28 40 16 0 0 0 0 -999
P14638 2013 5 0 0 0 0 0 0 0 21 28 34 40 32 0 0 21 34 31 31 0 16 19 0 0 0 0 0 3 0 0 0 0
P14638 2013 6 0 0 29 22 15 0 23 0 32 44 40 38 29 22 18 13 13 0 15 0 0 0 0 0 23 0 33 28 31 22 -999
P14638 2013 7 0 13 10 11 26 27 0 0 0 8 0 0 9 0 0 0 24 0 0 0 0 17 0 0 0 0 0 19 17 0 0
P14638 2013 8 0 0 0 0 22 0 20 22 21 0 17 16 12 0 11 0 0 0 0 0 0 0 15 0 17 0 0 0 0 26 36
P14638 2013 9 36 21 13 0 0 0 0 0 0 17 0 15 0 0 0 0 0 0 0 21 20 17 0 0 0 0 0 0 6 0 -999
P14638 2013 10 0 0 0 0 0 2 0 0 12 16 12 0 0 9 0 0 26 19 18 9 0 10 0 8 0 0 7 7 0 5 0
P14638 2013 11 0 0 0 0 0 0 0 7 0 16 14 12 8 11 0 0 0 0 115 68 40 67 74 60 34 66 42 28 18 19 -999
P14638 2013 12 23 52 46 33 0 0 0 0 8 0 0 4 0 0 10 0 0 0 0 0 0 0 0 15 0 0 14 0 0 0 13
P14638 2014 1 0 9 0 0 0 17 14 17 0 7 15 21 34 21 23 16 4 1 0 0 1 1 0 0 0 0 25 33 53 53 26
P14638 2014 2 23 42 27 40 29 37 40 50 33 54 10 15 31 11 0 0 11 0 27 9 10 0 11 6 0 0 0 0 -999 -999 -999