precip	MIROC5	RCP60	REGRESION	decimas	1
P1273	37.350	-6.000	182	geo	2006	2100	-1
P1273 2006 1 0 0 0 5 6 0 16 20 12 0 22 170 174 29 0 144 112 97 83 0 5 14 0 0 0 23 0 19 32 42 0
P1273 2006 2 23 113 27 0 0 0 0 0 0 0 6 0 54 71 41 11 0 0 20 34 7 8 7 5 0 0 4 12 -999 -999 -999
P1273 2006 3 0 0 116 141 109 118 100 113 53 96 117 23 0 0 40 88 213 196 97 47 70 51 44 26 38 39 0 58 79 48 76
P1273 2006 4 17 41 49 0 0 0 0 70 2 0 0 0 10 6 0 0 0 0 0 0 0 0 0 0 0 0 0 34 32 19 -999
P1273 2006 5 0 24 25 38 0 58 20 0 0 0 0 0 0 23 0 0 0 7 0 0 3 5 0 0 0 0 0 0 0 0 0
P1273 2006 6 0 0 0 0 0 0 0 0 0 0 0 0 0 8 0 0 0 0 0 0 0 0 0 0 0 16 16 11 0 0 -999
P1273 2006 7 0 0 9 0 0 16 0 20 0 0 0 0 0 0 0 0 0 0 0 0 0 0 0 0 0 0 0 0 0 0 0
P1273 2006 8 0 0 0 0 0 0 0 0 0 0 0 0 0 0 0 0 0 0 0 0 0 8 0 0 0 0 0 0 0 0 0
P1273 2006 9 0 0 0 0 24 0 0 0 0 0 0 0 6 0 0 0 0 0 0 0 0 0 0 0 0 0 0 0 0 0 -999
P1273 2006 10 0 0 0 0 0 0 0 0 0 0 0 0 37 0 0 0 8 7 0 0 25 0 0 0 19 0 0 0 0 0 0
P1273 2006 11 0 0 0 0 0 22 0 50 18 0 0 0 0 0 0 0 0 0 0 12 0 8 31 0 0 0 3 0 0 0 -999
P1273 2006 12 0 0 0 0 0 0 0 142 127 86 0 52 0 31 108 158 0 0 0 0 19 53 140 54 60 63 52 0 0 40 17
P1273 2007 1 0 0 0 0 0 0 0 0 0 0 0 0 0 0 3 0 0 0 0 0 0 0 0 5 0 0 0 0 0 0 0
P1273 2007 2 0 8 0 9 5 7 35 148 230 141 23 25 0 6 11 0 0 60 0 30 51 53 0 0 37 45 41 32 -999 -999 -999
P1273 2007 3 0 43 23 96 81 35 0 0 0 7 14 0 40 60 25 0 18 0 0 0 0 0 0 0 0 0 0 0 0 0 0
P1273 2007 4 0 0 0 0 0 10 0 1 0 0 19 0 54 0 0 16 0 54 59 33 40 14 0 39 11 8 1 0 0 0 -999
P1273 2007 5 0 0 0 31 79 0 0 0 0 0 0 0 19 27 20 15 13 0 0 17 3 0 0 0 0 0 0 0 0 0 0
P1273 2007 6 0 0 12 15 0 0 0 0 0 9 0 0 26 0 0 0 0 0 0 0 0 0 27 0 0 0 0 0 0 15 -999
P1273 2007 7 13 0 0 0 0 0 0 0 0 0 0 27 0 4 0 0 0 0 0 0 0 0 0 0 0 0 0 0 0 0 0
P1273 2007 8 0 0 0 0 0 0 0 0 0 0 0 0 0 0 0 0 0 10 0 0 0 0 0 0 0 21 0 0 13 0 2
P1273 2007 9 0 0 0 2 0 0 0 0 0 0 0 0 0 0 0 0 0 0 0 0 0 0 0 0 0 0 0 0 0 0 -999
P1273 2007 10 0 0 0 0 0 0 0 0 0 0 0 0 52 53 17 25 0 68 0 0 0 52 49 44 15 0 26 0 0 2 0
P1273 2007 11 0 0 0 2 0 0 0 0 0 35 0 42 0 0 0 0 0 0 0 0 0 0 0 3 0 7 33 0 0 0 -999
P1273 2007 12 5 0 0 18 0 0 20 0 0 0 0 0 0 0 0 5 56 0 13 0 13 0 14 17 0 0 0 0 0 0 0
P1273 2008 1 0 0 0 34 0 0 0 0 0 0 0 7 18 45 0 65 22 0 0 0 102 100 0 25 0 150 209 80 66 83 120
P1273 2008 2 235 48 122 43 34 53 0 101 18 0 94 0 0 0 41 53 0 66 52 106 0 0 0 0 26 25 32 0 -999 -999 -999
P1273 2008 3 0 0 0 0 3 0 0 0 0 0 0 0 0 0 3 0 0 0 0 0 7 0 0 0 10 0 0 0 0 0 0
P1273 2008 4 0 0 0 0 0 2 0 0 0 0 0 0 0 24 78 0 29 0 0 5 8 0 0 0 0 0 0 0 0 0 -999
P1273 2008 5 11 9 0 0 0 0 2 0 0 0 46 0 0 36 20 21 0 0 27 41 28 43 59 0 6 0 6 0 0 0 0
P1273 2008 6 0 6 12 10 0 22 13 0 0 0 0 14 0 41 11 0 0 0 0 0 0 0 0 0 0 0 0 0 10 0 -999
P1273 2008 7 0 0 0 0 0 0 0 0 17 0 0 0 0 0 0 0 0 0 0 0 0 0 0 0 0 0 0 0 0 0 0
P1273 2008 8 0 10 0 0 0 10 14 0 0 0 0 0 0 0 0 0 0 0 0 0 0 0 0 0 0 0 0 0 0 0 0
P1273 2008 9 0 0 0 0 0 0 0 0 0 0 0 0 0 24 0 0 0 0 0 0 0 0 0 0 20 0 0 0 32 26 -999
P1273 2008 10 15 0 8 0 0 0 0 0 0 0 0 0 0 11 0 0 0 0 11 0 0 14 0 0 18 28 33 19 13 0 0
P1273 2008 11 0 2 17 0 1 0 1 0 0 0 0 0 0 0 0 0 16 0 0 0 0 0 0 0 0 0 0 0 0 0 -999
P1273 2008 12 0 0 0 0 0 0 0 0 4 21 0 0 0 14 0 0 10 0 0 0 0 0 7 0 22 30 26 23 0 0 0
P1273 2009 1 0 0 0 0 0 3 0 0 0 0 0 8 0 0 0 0 0 0 0 0 3 0 0 0 0 0 0 0 0 0 4
P1273 2009 2 0 0 0 0 0 0 0 0 1 1 0 0 0 0 0 0 0 0 0 1 0 0 0 0 7 7 0 0 -999 -999 -999
P1273 2009 3 0 49 53 32 0 0 0 60 50 0 0 0 0 14 22 17 67 57 31 0 0 0 0 0 24 82 76 92 107 58 25
P1273 2009 4 37 82 15 19 37 54 0 0 5 0 0 0 0 25 0 0 0 8 0 0 10 0 0 0 0 0 9 0 52 0 -999
P1273 2009 5 32 39 15 0 0 30 21 21 30 0 23 11 0 0 0 0 0 0 0 0 0 0 23 0 0 0 0 0 0 0 0
P1273 2009 6 0 0 0 0 0 0 19 0 0 0 0 0 0 0 0 18 0 0 0 4 0 0 0 0 0 0 0 0 0 0 -999
P1273 2009 7 0 0 0 0 19 0 0 0 0 0 0 0 20 0 0 0 0 0 7 0 0 0 0 0 0 0 0 0 0 0 0
P1273 2009 8 21 0 0 0 0 0 0 0 0 0 0 0 0 0 0 0 0 0 0 0 0 0 29 21 0 0 0 0 0 0 25
P1273 2009 9 28 0 0 0 0 2 0 0 0 34 0 0 9 0 0 0 0 0 0 0 0 0 0 0 0 0 0 0 0 0 -999
P1273 2009 10 0 3 0 0 0 0 0 0 0 0 23 0 17 0 0 0 0 0 11 0 0 0 0 0 0 0 0 0 0 0 0
P1273 2009 11 0 0 5 0 0 0 7 0 0 0 0 0 5 8 0 15 0 0 0 0 0 0 64 49 0 0 0 0 18 28 -999
P1273 2009 12 12 0 39 20 49 42 83 0 27 69 45 10 14 0 0 0 16 50 22 0 0 0 0 18 38 66 90 83 19 0 0
P1273 2010 1 26 24 0 110 45 21 10 15 0 0 0 0 0 0 0 11 13 15 0 26 27 0 0 0 0 0 0 0 0 0 21
P1273 2010 2 0 0 0 9 0 0 6 0 1 0 0 0 0 0 0 0 0 0 0 0 0 0 0 3 0 0 2 8 -999 -999 -999
P1273 2010 3 0 0 0 0 0 21 33 43 106 77 38 18 0 0 0 0 12 0 61 0 0 0 0 0 0 0 0 0 0 0 0
P1273 2010 4 0 47 0 0 0 0 0 0 0 34 18 25 0 18 80 0 0 0 0 36 21 10 3 9 20 7 0 4 18 14 -999
P1273 2010 5 0 0 0 37 25 10 0 0 0 0 0 16 0 0 0 24 10 0 0 0 0 0 0 0 0 48 35 0 0 0 9
P1273 2010 6 11 26 21 0 9 7 0 0 0 0 0 0 0 0 0 0 0 0 0 0 0 0 0 0 0 0 0 0 0 0 -999
P1273 2010 7 0 25 0 0 0 0 0 0 0 12 0 0 0 0 0 0 0 0 0 0 0 0 0 0 0 0 0 0 0 9 0
P1273 2010 8 0 0 0 0 0 0 0 0 0 0 13 0 0 0 0 0 0 0 0 0 0 0 0 0 0 0 0 5 0 0 0
P1273 2010 9 0 0 0 0 0 0 0 0 16 9 0 0 11 8 0 4 0 0 0 0 0 0 0 0 25 0 0 0 0 0 -999
P1273 2010 10 0 0 0 0 0 0 0 0 0 0 50 0 44 39 0 0 0 0 16 0 20 42 0 0 11 0 7 4 8 0 0
P1273 2010 11 0 0 6 0 0 0 0 0 0 0 0 0 0 0 0 0 0 0 0 0 0 0 0 0 5 0 4 0 0 0 -999
P1273 2010 12 0 0 1 0 0 10 14 15 0 10 0 0 46 34 0 0 0 0 5 0 0 0 0 0 0 0 0 7 0 0 0
P1273 2011 1 0 0 0 11 20 9 4 0 0 0 0 0 7 0 25 18 0 0 0 0 0 0 0 0 10 5 0 0 0 0 0
P1273 2011 2 0 0 3 0 26 31 25 0 0 0 0 0 0 3 8 0 0 0 0 0 0 49 0 6 0 10 0 0 -999 -999 -999
P1273 2011 3 78 0 0 9 10 0 0 0 4 0 0 31 12 14 49 117 130 0 0 29 19 0 72 209 52 0 0 106 0 0 0
P1273 2011 4 0 0 0 0 0 0 0 20 17 19 0 0 0 0 0 0 60 0 26 30 25 0 0 0 0 0 0 0 0 0 -999
P1273 2011 5 0 11 3 2 0 0 0 0 0 30 0 0 0 12 18 0 0 0 0 0 0 11 0 0 0 0 0 0 13 14 9
P1273 2011 6 0 10 0 0 0 0 0 0 0 0 0 18 13 0 0 13 0 0 0 0 3 0 0 0 6 0 0 0 0 0 -999
P1273 2011 7 0 0 0 0 0 0 0 0 0 0 0 0 0 0 0 0 0 0 0 0 0 0 0 0 0 0 0 0 0 0 0
P1273 2011 8 0 0 0 0 0 0 0 0 0 0 0 0 0 0 0 0 0 0 0 0 0 0 0 0 0 0 0 0 11 0 0
P1273 2011 9 0 0 6 0 0 0 0 0 0 33 0 0 0 0 0 0 0 0 0 0 0 0 0 0 0 0 0 0 0 0 -999
P1273 2011 10 0 0 0 0 0 0 0 0 0 0 0 20 30 0 0 7 0 0 0 0 24 20 9 16 0 9 12 0 0 31 15
P1273 2011 11 5 0 0 17 54 61 0 0 0 5 10 0 0 0 0 0 49 30 19 0 14 57 46 14 0 11 0 21 2 0 -999
P1273 2011 12 0 28 31 0 4 8 6 0 0 0 13 24 0 0 0 45 41 51 48 63 79 32 46 0 0 0 18 13 0 22 43
P1273 2012 1 106 21 0 0 0 0 0 0 0 0 0 0 0 1 0 0 0 0 1 0 0 0 0 0 0 7 0 22 35 44 0
P1273 2012 2 0 0 43 0 0 0 0 0 0 0 0 0 0 4 0 0 3 0 43 47 0 12 0 0 0 0 0 0 -999 -999 -999
P1273 2012 3 0 59 0 21 16 0 0 0 0 0 0 0 16 0 12 0 0 22 25 41 0 15 0 0 0 0 0 0 0 0 0
P1273 2012 4 0 0 0 0 0 0 19 14 2 0 0 0 0 58 60 53 38 0 0 8 7 0 8 47 44 32 97 73 61 32 -999
P1273 2012 5 0 0 0 15 0 0 0 0 0 17 0 0 0 29 24 15 0 0 0 11 0 0 0 16 0 16 0 0 0 0 0
P1273 2012 6 0 0 0 3 0 0 0 0 0 0 0 0 0 22 32 0 0 0 0 21 0 0 0 0 0 0 0 0 0 0 -999
P1273 2012 7 0 0 0 0 0 0 0 0 0 0 0 0 0 0 0 0 18 15 0 0 0 0 0 0 0 13 7 0 0 0 0
P1273 2012 8 0 0 0 0 0 0 0 0 0 0 0 0 0 0 0 0 0 0 0 0 0 0 0 0 0 0 0 0 7 0 0
P1273 2012 9 0 0 0 0 0 34 18 0 0 0 0 0 0 0 0 0 0 0 0 0 0 0 0 22 0 0 0 0 33 0 -999
P1273 2012 10 5 0 0 0 0 0 0 0 18 39 64 17 0 0 28 0 30 40 43 0 0 29 28 0 0 11 30 0 0 28 15
P1273 2012 11 23 48 0 0 9 19 0 0 0 22 0 0 0 0 1 0 0 53 83 39 0 0 0 0 0 0 12 0 0 0 -999
P1273 2012 12 0 0 0 15 0 130 88 80 0 0 22 0 0 127 80 0 48 20 0 7 0 28 0 17 10 0 0 0 0 15 40
P1273 2013 1 0 17 0 66 19 0 0 11 0 0 0 0 0 0 0 0 0 0 0 0 0 0 0 0 0 0 0 0 0 32 0
P1273 2013 2 0 0 0 0 0 0 0 4 0 6 0 0 0 71 30 0 20 82 101 74 0 57 62 91 0 0 0 0 -999 -999 -999
P1273 2013 3 0 0 0 0 0 0 0 0 24 87 148 167 82 0 0 38 40 40 41 28 23 64 60 35 34 19 0 0 48 47 75
P1273 2013 4 0 7 0 0 0 11 0 0 0 0 0 0 0 0 0 0 0 0 0 0 0 13 0 26 63 0 0 0 0 0 -999
P1273 2013 5 0 0 0 13 0 0 0 0 21 34 31 11 0 9 0 0 27 22 18 11 0 0 0 0 9 4 0 0 0 0 0
P1273 2013 6 0 0 0 24 0 0 0 0 51 0 39 32 17 10 0 10 11 0 0 0 0 0 0 0 0 0 23 0 21 14 -999
P1273 2013 7 8 0 0 0 13 0 0 0 0 0 0 0 0 0 14 0 0 0 0 0 0 0 0 0 0 0 0 0 0 0 0
P1273 2013 8 0 0 0 0 0 16 12 0 0 0 0 0 0 0 0 0 0 0 0 0 0 0 0 0 0 0 0 0 0 0 0
P1273 2013 9 0 0 0 4 0 0 0 0 0 0 0 0 0 0 0 0 0 0 0 0 14 11 0 0 0 1 0 0 0 0 -999
P1273 2013 10 0 0 0 0 0 0 0 0 0 19 38 16 0 0 0 0 25 0 0 0 0 0 0 0 0 1 0 0 0 0 0
P1273 2013 11 0 0 0 0 0 0 0 0 0 3 0 0 0 5 0 0 24 196 226 63 119 174 195 73 0 0 50 0 5 10 -999
P1273 2013 12 16 49 20 0 0 0 0 13 0 0 0 0 0 0 28 0 0 0 0 0 0 15 0 61 21 28 33 20 0 0 0
P1273 2014 1 19 0 0 22 29 32 0 31 0 0 0 11 12 20 50 0 0 0 0 0 0 0 0 0 21 0 0 86 156 118 38
P1273 2014 2 17 0 17 33 44 92 38 94 35 50 0 0 0 0 0 0 0 0 0 0 0 5 14 0 0 0 15 41 -999 -999 -999