precip	MIROC5	RCP60	REGRESION	decimas	1
P14277	41.942	-4.589	182	geo	2006	2100	-1
P14277 2006 1 0 0 0 0 0 13 7 0 7 0 15 54 120 30 39 66 48 49 23 0 5 7 17 0 8 0 12 13 0 24 0
P14277 2006 2 13 0 28 19 0 0 7 2 0 0 0 15 0 0 19 16 15 0 22 0 0 0 7 0 0 0 5 0 -999 -999 -999
P14277 2006 3 0 41 55 73 65 67 66 0 0 0 38 27 23 0 0 41 70 70 59 0 38 29 28 23 25 28 0 36 42 33 32
P14277 2006 4 23 0 24 26 0 0 9 14 0 0 0 5 9 8 0 12 0 0 0 0 0 3 0 13 20 26 40 0 18 0 -999
P14277 2006 5 18 0 0 27 0 35 17 0 0 0 0 0 0 20 15 12 13 10 0 17 7 0 0 0 0 0 0 0 20 0 11
P14277 2006 6 0 0 10 0 0 10 0 0 0 0 11 19 19 0 0 0 0 0 0 11 0 0 0 0 18 0 20 0 0 0 -999
P14277 2006 7 0 13 10 9 0 0 19 0 0 0 0 0 23 0 0 0 0 0 13 20 0 0 0 13 0 0 0 0 11 0 0
P14277 2006 8 13 0 0 0 0 0 0 0 0 0 0 0 0 20 0 0 0 0 0 0 0 0 0 16 0 0 8 0 0 0 0
P14277 2006 9 8 0 0 18 0 0 0 0 0 13 0 0 11 0 0 22 0 18 0 14 0 0 15 14 0 7 0 0 13 0 -999
P14277 2006 10 0 0 0 0 0 0 0 0 13 0 11 0 19 0 19 0 11 0 0 0 0 0 0 10 0 0 11 0 15 13 14
P14277 2006 11 0 0 0 0 0 12 28 0 11 7 0 0 0 0 0 0 0 0 0 10 12 14 16 0 0 7 5 0 0 0 -999
P14277 2006 12 0 0 0 0 0 0 12 33 39 0 0 0 19 0 0 55 0 4 0 0 15 36 67 0 36 33 23 0 27 21 0
P14277 2007 1 13 17 10 0 0 0 0 0 0 0 0 1 0 0 0 2 0 0 0 0 0 3 4 7 0 0 8 0 16 0 10
P14277 2007 2 0 11 18 16 0 0 17 51 103 64 23 15 10 0 0 5 10 21 15 17 0 17 0 24 29 0 26 20 -999 -999 -999
P14277 2007 3 0 0 0 0 36 19 0 0 0 0 14 26 31 56 28 14 20 0 0 26 16 16 3 0 0 0 8 0 0 0 0
P14277 2007 4 0 0 0 0 7 16 4 0 0 0 0 26 0 12 0 15 0 35 35 25 0 14 24 0 0 11 0 3 0 0 -999
P14277 2007 5 1 0 11 0 39 16 0 0 19 0 19 0 0 18 17 16 0 19 21 0 0 0 0 0 0 0 2 0 6 0 0
P14277 2007 6 15 0 12 13 15 0 0 6 0 0 8 0 22 0 0 8 0 0 10 0 7 10 0 0 10 16 0 0 18 0 -999
P14277 2007 7 13 0 16 0 0 0 0 0 19 21 24 24 0 0 0 23 0 0 16 0 0 15 0 0 0 25 0 0 0 0 0
P14277 2007 8 0 0 12 0 0 0 0 0 9 0 0 13 0 0 0 0 14 0 0 0 17 7 0 0 11 0 0 15 14 0 5
P14277 2007 9 0 0 0 0 6 0 0 0 11 0 12 16 0 0 0 0 0 0 0 7 8 9 0 15 0 0 11 0 0 0 -999
P14277 2007 10 0 13 12 11 0 0 0 0 0 18 0 19 31 33 15 0 0 40 0 7 0 34 40 0 0 12 27 0 10 0 0
P14277 2007 11 0 6 0 0 8 0 7 6 16 19 0 32 17 26 8 0 0 2 0 0 0 6 3 7 0 0 8 0 0 0 -999
P14277 2007 12 0 5 6 0 7 0 0 0 0 0 0 0 0 0 0 0 17 16 0 0 0 0 7 0 13 9 0 0 0 0 6
P14277 2008 1 11 18 23 0 10 0 0 1 0 0 0 0 7 12 11 12 0 5 14 0 0 43 0 0 21 48 47 0 25 0 51
P14277 2008 2 78 38 55 34 28 42 0 45 22 24 37 0 10 10 29 30 0 33 19 13 0 6 6 5 7 17 0 11 -999 -999 -999
P14277 2008 3 0 0 9 0 5 0 0 0 0 0 0 0 18 0 0 0 0 0 0 0 8 10 0 0 0 0 4 0 0 0 0
P14277 2008 4 0 3 10 14 0 0 0 0 0 0 0 8 0 0 31 30 24 0 9 0 0 0 0 0 0 0 0 0 0 16 -999
P14277 2008 5 12 0 0 5 0 0 0 0 12 21 0 18 16 0 16 0 8 0 18 27 0 21 31 0 0 0 0 0 0 12 12
P14277 2008 6 0 0 8 0 13 19 0 0 21 0 0 13 13 29 0 0 0 16 0 0 0 0 0 0 8 0 0 21 0 0 -999
P14277 2008 7 0 5 0 0 13 18 0 0 0 0 13 0 0 0 19 0 0 15 0 12 0 0 15 0 14 0 0 0 0 0 0
P14277 2008 8 25 0 0 0 0 0 0 0 0 17 13 0 19 11 0 0 11 0 0 0 0 0 0 0 0 0 0 0 0 0 0
P14277 2008 9 0 11 0 0 0 0 9 11 0 13 0 0 13 24 0 10 0 0 0 10 10 0 0 19 20 14 0 20 0 23 -999
P14277 2008 10 26 0 9 0 0 0 0 0 8 0 29 33 26 0 0 0 0 0 0 0 16 0 0 0 0 31 33 0 19 9 15
P14277 2008 11 13 0 0 10 0 0 0 0 0 9 0 0 6 0 3 0 0 27 0 0 0 0 0 0 0 0 2 0 2 0 -999
P14277 2008 12 0 2 1 0 1 0 0 0 6 0 18 0 0 0 4 0 6 5 5 0 0 0 0 0 20 21 17 12 7 0 0
P14277 2009 1 0 0 0 0 0 6 0 0 0 0 0 8 0 0 0 0 0 1 0 0 0 0 0 0 0 1 0 0 0 0 0
P14277 2009 2 0 6 6 7 5 4 3 2 2 0 0 2 4 3 2 0 1 0 0 0 2 0 0 2 0 2 0 17 -999 -999 -999
P14277 2009 3 31 34 29 14 11 0 11 28 18 7 0 0 0 13 0 25 0 40 31 21 0 0 0 21 0 39 31 48 44 37 18
P14277 2009 4 13 0 10 10 0 0 0 0 6 6 10 15 14 14 0 0 5 7 0 0 0 0 4 0 0 0 0 0 22 31 -999
P14277 2009 5 19 0 20 19 16 21 0 0 0 11 0 6 0 0 0 0 0 0 0 0 0 0 0 14 0 0 6 10 0 0 0
P14277 2009 6 0 0 0 0 0 0 0 0 12 0 0 0 8 18 0 0 0 0 4 0 0 0 0 0 0 0 0 0 0 0 -999
P14277 2009 7 0 0 19 0 0 0 0 11 0 0 0 20 0 0 0 9 7 0 0 0 21 0 0 0 0 0 0 0 0 0 29
P14277 2009 8 0 0 0 0 0 0 0 0 0 0 0 0 0 0 0 0 0 0 8 0 0 0 0 0 0 0 6 11 0 0 0
P14277 2009 9 25 0 0 0 0 0 0 14 0 27 27 15 0 0 0 0 13 0 0 0 14 0 0 0 6 7 0 0 0 9 -999
P14277 2009 10 0 0 0 0 0 6 0 0 0 0 0 0 11 11 0 15 0 0 0 0 11 0 16 31 0 0 0 0 0 0 9
P14277 2009 11 0 0 0 0 0 0 10 10 0 0 0 0 7 0 0 0 0 7 0 22 9 9 0 14 0 6 12 15 14 18 -999
P14277 2009 12 0 25 32 18 48 39 39 0 0 33 0 12 15 10 9 9 0 26 26 14 0 0 0 19 24 26 35 24 0 0 13
P14277 2010 1 14 12 22 49 36 0 0 0 10 8 5 7 10 0 9 13 0 0 0 14 0 1 0 2 6 0 0 0 0 10 0
P14277 2010 2 0 0 0 0 0 15 0 4 0 0 0 0 0 0 0 0 0 2 5 4 4 0 5 0 0 0 0 5 -999 -999 -999
P14277 2010 3 0 0 4 0 8 10 0 0 26 23 14 0 0 4 4 4 6 16 33 16 5 0 0 0 0 0 3 0 4 4 7
P14277 2010 4 0 0 0 0 0 17 19 0 27 23 16 0 12 0 30 21 0 6 5 13 14 0 0 15 0 0 0 11 20 15 -999
P14277 2010 5 0 7 0 0 0 0 0 0 0 0 0 12 0 0 0 0 0 0 0 3 0 0 7 0 0 0 23 0 13 0 0
P14277 2010 6 9 15 16 0 9 0 0 7 2 0 0 0 22 16 0 27 0 0 0 5 0 0 0 0 9 0 0 0 0 0 -999
P14277 2010 7 0 0 0 0 0 0 16 0 0 0 11 0 0 0 12 0 9 0 0 0 11 0 0 0 18 15 0 0 0 0 0
P14277 2010 8 0 0 0 0 0 0 0 0 0 0 0 0 0 0 0 21 0 0 0 0 0 0 0 0 0 0 0 7 0 0 0
P14277 2010 9 0 10 0 0 0 0 0 20 0 0 0 0 0 10 0 0 0 0 0 0 0 0 0 0 21 12 0 0 0 0 -999
P14277 2010 10 0 0 0 0 0 0 10 0 0 26 38 26 0 27 0 0 0 15 19 0 0 0 0 0 0 6 0 0 17 0 8
P14277 2010 11 0 0 11 7 0 0 0 0 0 0 0 0 0 0 5 0 0 0 8 0 6 0 0 4 6 0 0 0 0 0 -999
P14277 2010 12 3 0 0 0 0 10 9 0 0 6 0 12 24 18 0 0 0 0 8 0 0 0 0 0 0 0 3 0 0 2 0
P14277 2011 1 3 6 0 9 0 0 0 0 0 0 0 0 5 0 0 0 1 0 0 0 7 0 34 15 17 0 10 3 0 0 0
P14277 2011 2 0 7 0 21 0 28 21 12 0 0 0 15 12 0 15 9 4 0 8 10 0 21 14 0 0 0 10 20 -999 -999 -999
P14277 2011 3 20 14 10 0 0 0 0 5 7 12 0 19 15 0 22 37 29 20 15 19 19 29 46 96 34 0 25 52 0 0 0
P14277 2011 4 0 0 18 0 0 8 0 0 0 0 0 13 13 7 0 0 25 22 16 19 19 11 0 6 0 0 0 1 0 0 -999
P14277 2011 5 0 0 9 5 0 0 0 10 0 28 10 9 0 15 0 15 0 0 11 22 0 0 8 15 0 0 0 12 8 0 0
P14277 2011 6 0 10 0 7 6 0 0 0 17 0 0 0 0 0 0 0 0 4 0 0 0 0 0 0 0 0 0 0 11 0 -999
P14277 2011 7 0 0 0 0 0 0 0 0 0 0 0 0 0 0 0 0 0 0 0 0 26 17 0 0 0 0 0 0 0 0 0
P14277 2011 8 0 0 0 0 0 0 0 0 0 0 0 0 0 0 0 0 0 0 0 0 0 0 0 9 0 0 0 0 0 0 0
P14277 2011 9 0 0 0 0 0 0 0 14 23 29 0 0 0 0 0 0 0 0 0 5 0 0 0 0 0 8 6 7 9 0 -999
P14277 2011 10 0 0 0 0 0 0 0 0 0 0 0 0 14 15 0 13 9 0 0 0 0 15 16 14 0 0 9 0 0 0 0
P14277 2011 11 6 0 0 22 42 45 27 0 0 0 0 0 9 0 0 0 23 0 6 0 9 34 0 21 0 0 0 0 0 0 -999
P14277 2011 12 0 0 21 0 5 5 0 0 0 0 0 15 0 4 9 35 42 37 0 39 43 22 20 0 17 0 25 22 23 21 38
P14277 2012 1 34 13 0 0 3 0 0 0 0 0 0 0 0 0 1 0 0 0 2 0 0 0 0 0 0 3 0 0 11 11 0
P14277 2012 2 0 10 0 11 0 4 5 0 0 0 0 0 0 0 0 0 0 9 22 0 9 5 4 0 7 0 0 10 -999 -999 -999
P14277 2012 3 27 29 17 0 0 0 0 0 0 0 0 7 15 0 10 0 18 14 19 33 31 16 0 21 16 0 3 9 0 0 0
P14277 2012 4 0 8 0 0 0 0 20 0 0 4 0 0 0 47 33 0 16 0 0 8 0 6 8 0 35 23 0 25 25 26 -999
P14277 2012 5 0 0 0 0 0 0 0 0 0 17 0 17 0 0 22 17 0 0 0 0 0 0 9 0 21 0 0 0 0 0 3
P14277 2012 6 0 0 0 0 0 0 9 0 0 0 0 11 12 13 17 0 3 0 11 16 0 0 0 0 0 0 0 0 17 0 -999
P14277 2012 7 0 0 0 0 0 0 0 0 20 0 0 0 16 0 0 0 20 0 0 0 0 0 0 0 21 0 0 0 0 0 0
P14277 2012 8 0 0 0 0 0 0 0 0 0 17 0 0 0 0 0 0 11 11 8 0 0 0 0 0 0 0 0 0 8 0 0
P14277 2012 9 0 0 0 0 0 18 0 0 0 0 0 0 10 7 0 0 0 10 0 0 0 9 0 0 0 10 11 13 0 0 -999
P14277 2012 10 0 5 0 0 0 0 0 11 0 26 41 0 0 0 0 23 20 19 0 12 18 22 0 0 11 13 25 18 0 40 22
P14277 2012 11 34 40 0 0 13 18 6 0 0 31 27 0 0 0 0 0 9 28 43 31 0 0 0 0 0 0 11 18 25 0 -999
P14277 2012 12 9 0 9 0 13 42 39 38 0 15 14 0 16 41 29 32 24 0 10 0 13 18 7 19 12 9 0 0 0 0 31
P14277 2013 1 14 0 14 27 0 0 0 11 0 0 0 0 0 0 0 0 0 3 0 0 0 0 0 2 0 0 0 0 12 19 7
P14277 2013 2 0 0 2 0 0 0 0 0 11 3 0 0 20 55 0 9 12 36 0 40 0 42 34 47 15 7 0 4 -999 -999 -999
P14277 2013 3 9 13 0 14 8 0 11 0 21 35 69 57 45 19 19 26 23 0 24 19 0 35 0 18 21 0 16 0 30 31 46
P14277 2013 4 25 0 0 14 10 19 20 9 5 5 0 0 15 16 13 23 0 9 12 0 29 0 13 24 33 8 0 0 0 8 -999
P14277 2013 5 0 0 0 0 0 6 0 0 0 26 0 17 0 0 24 0 0 20 16 12 0 3 0 10 0 0 3 0 0 0 0
P14277 2013 6 0 0 0 0 13 0 0 29 0 37 31 28 0 0 0 0 0 0 12 0 0 0 0 0 0 0 35 26 0 0 -999
P14277 2013 7 12 0 0 0 20 0 18 0 0 0 8 0 0 0 0 26 0 0 0 12 0 0 0 0 0 0 0 0 0 0 0
P14277 2013 8 0 8 0 15 16 0 0 18 0 0 0 0 7 0 0 13 0 0 0 0 8 0 0 0 0 0 0 0 0 0 29
P14277 2013 9 0 0 0 0 0 0 0 0 0 16 0 0 0 0 0 0 0 15 20 0 16 0 0 0 0 0 0 6 0 0 -999
P14277 2013 10 0 0 12 0 0 0 0 11 13 20 15 0 0 0 0 12 17 12 0 6 0 0 0 0 0 0 0 0 6 0 0
P14277 2013 11 0 0 0 0 2 0 0 0 0 7 0 0 0 4 6 8 0 67 102 47 35 63 69 45 23 66 27 18 0 0 -999
P14277 2013 12 0 35 26 21 0 0 6 11 0 0 0 10 0 7 0 0 0 0 0 8 0 12 13 21 18 24 12 13 28 26 13
P14277 2014 1 0 0 0 0 0 17 0 19 0 6 0 0 0 18 0 12 0 0 0 0 0 0 2 7 15 17 29 35 0 36 21
P14277 2014 2 22 0 19 28 23 40 35 43 23 31 6 14 20 0 0 0 0 12 15 5 9 7 0 7 0 4 8 14 -999 -999 -999