precip	MIROC5	RCP60	REGRESION	decimas	1
P10391	40.482	0.250	182	geo	2006	2100	-1
P10391 2006 1 0 0 0 0 0 17 0 14 0 0 0 0 43 0 0 10 0 0 25 0 0 0 14 26 0 0 0 0 29 0 0
P10391 2006 2 0 0 0 15 4 0 0 0 0 0 0 8 0 0 0 43 7 0 0 0 37 0 15 21 0 0 2 0 -999 -999 -999
P10391 2006 3 9 11 0 0 0 34 37 0 0 28 0 0 46 0 26 0 47 19 0 0 0 8 11 0 33 0 0 10 0 0 0
P10391 2006 4 0 0 7 0 20 8 18 83 0 0 0 0 0 0 0 0 0 0 0 0 0 0 0 17 28 39 96 99 80 0 -999
P10391 2006 5 0 0 0 17 0 24 0 0 0 0 0 0 0 28 0 0 0 0 0 0 0 0 0 0 0 0 0 25 22 0 17
P10391 2006 6 16 0 0 30 0 0 0 0 40 49 0 51 0 0 0 27 39 0 34 0 0 0 0 0 55 64 41 0 0 0 -999
P10391 2006 7 56 0 0 0 0 45 0 0 0 0 0 0 0 0 23 0 0 0 0 0 0 0 37 0 0 0 0 0 0 0 0
P10391 2006 8 0 41 0 0 0 0 0 0 0 37 0 0 58 39 21 0 0 0 0 34 27 0 0 0 0 19 0 0 0 0 0
P10391 2006 9 25 37 35 0 0 28 0 0 17 0 0 0 0 0 0 0 0 34 0 0 0 0 0 57 31 13 0 0 0 12 -999
P10391 2006 10 0 0 0 23 0 0 0 0 0 0 0 0 40 57 66 65 25 7 0 0 12 0 0 0 0 0 0 0 0 0 0
P10391 2006 11 0 0 0 0 0 0 0 0 0 0 0 0 0 0 0 0 0 0 0 0 14 21 21 86 0 0 0 0 5 0 -999
P10391 2006 12 0 0 0 0 0 0 0 0 45 41 54 63 0 25 22 0 0 13 0 0 0 0 0 0 8 0 0 6 0 0 0
P10391 2007 1 0 0 0 0 0 0 0 0 0 0 0 0 0 0 0 0 0 0 19 48 59 0 18 9 0 46 36 0 0 13 10
P10391 2007 2 0 0 0 0 0 0 0 72 112 43 46 25 0 0 0 0 0 21 36 45 72 44 56 107 93 25 0 21 -999 -999 -999
P10391 2007 3 0 0 0 31 44 30 27 21 25 0 11 35 73 29 14 21 0 0 0 22 0 0 54 0 0 18 0 13 0 0 0
P10391 2007 4 0 0 0 0 18 0 0 0 0 0 12 0 0 21 0 0 31 42 29 17 0 62 0 12 0 36 48 0 10 0 -999
P10391 2007 5 0 0 0 0 22 0 41 0 0 0 0 0 72 0 15 14 18 42 0 45 0 0 0 18 21 0 0 0 10 25 0
P10391 2007 6 71 0 0 38 39 0 105 37 0 0 0 0 0 0 54 0 0 0 0 0 38 0 0 0 23 21 30 0 0 42 -999
P10391 2007 7 0 31 39 67 0 21 27 0 0 33 0 0 0 20 14 0 55 52 59 26 0 36 36 0 0 0 0 0 0 0 0
P10391 2007 8 0 30 0 37 0 0 0 0 0 0 0 0 0 0 0 0 0 0 0 33 0 0 0 0 54 0 24 0 37 35 0
P10391 2007 9 0 0 11 0 0 7 0 0 0 0 0 0 0 0 0 0 0 0 0 0 0 0 0 0 0 20 0 0 0 0 -999
P10391 2007 10 0 0 0 0 0 0 0 0 0 39 69 59 47 14 0 0 0 0 17 0 0 0 0 0 0 0 0 0 0 0 0
P10391 2007 11 0 2 0 0 0 0 0 0 0 12 0 0 0 0 0 0 0 0 8 0 0 0 0 0 0 0 0 29 0 46 -999
P10391 2007 12 0 0 17 0 0 83 62 18 0 0 0 0 0 0 0 0 18 44 0 30 19 0 0 0 0 0 0 2 9 0 0
P10391 2008 1 0 0 0 0 0 0 0 28 0 67 43 54 0 0 32 25 0 0 0 0 0 0 0 0 0 9 0 0 0 0 0
P10391 2008 2 17 0 0 17 0 0 0 12 0 45 0 0 0 0 0 0 11 27 77 0 0 0 21 81 0 0 65 88 -999 -999 -999
P10391 2008 3 165 0 0 0 0 0 0 0 0 6 12 0 0 0 0 0 0 0 0 0 0 0 0 0 0 0 0 0 0 0 0
P10391 2008 4 0 0 19 35 78 50 0 0 0 0 0 0 0 0 56 47 0 0 38 0 0 0 0 0 0 0 0 0 0 60 -999
P10391 2008 5 41 0 0 0 0 71 0 0 0 23 40 0 0 26 12 0 0 13 0 54 0 0 0 0 0 24 23 15 0 0 0
P10391 2008 6 0 0 0 0 0 0 25 17 19 0 0 0 0 0 12 0 0 0 0 0 0 0 0 0 0 0 51 46 46 0 -999
P10391 2008 7 0 0 0 32 0 0 45 48 0 0 0 34 36 0 0 24 21 0 16 14 0 0 0 22 0 0 0 0 0 0 0
P10391 2008 8 0 0 0 0 36 0 46 0 0 0 15 0 27 0 0 0 0 0 0 0 23 31 0 0 0 40 31 0 0 0 0
P10391 2008 9 0 0 0 33 0 28 23 22 25 30 0 31 15 0 0 0 0 21 0 0 0 0 22 0 0 24 0 0 21 21 -999
P10391 2008 10 0 0 0 0 0 0 17 27 0 0 0 0 0 22 0 35 0 0 0 0 0 0 0 26 0 0 14 0 0 25 22
P10391 2008 11 0 30 35 0 0 0 14 0 0 0 0 0 0 0 0 0 0 0 0 0 0 0 0 0 0 9 8 0 0 0 -999
P10391 2008 12 0 0 0 0 12 30 61 46 28 5 0 0 0 0 0 0 0 2 5 0 0 0 0 0 0 0 0 0 0 0 0
P10391 2009 1 0 0 0 0 0 0 0 0 8 0 0 21 36 9 0 0 0 0 0 0 0 0 0 0 0 0 0 0 0 0 0
P10391 2009 2 0 8 0 15 36 16 0 0 0 0 0 0 8 0 0 0 0 0 0 0 0 3 0 0 0 0 0 0 -999 -999 -999
P10391 2009 3 29 0 42 0 0 0 0 0 0 59 32 0 16 0 43 16 0 0 0 1 0 5 0 0 0 0 0 40 12 0 0
P10391 2009 4 0 76 103 25 0 54 52 0 10 0 0 35 49 0 0 0 18 21 0 29 68 80 0 0 20 8 0 12 0 31 -999
P10391 2009 5 0 30 0 0 0 57 9 11 0 0 39 0 2 3 0 13 18 27 47 0 0 89 59 0 0 0 0 0 0 31 0
P10391 2009 6 0 0 0 24 44 48 34 0 18 0 21 0 0 0 41 0 0 0 18 0 0 34 0 0 0 0 0 33 0 31 -999
P10391 2009 7 0 0 0 0 0 48 0 0 0 0 70 0 41 0 0 0 15 0 0 0 0 27 44 0 52 0 0 32 0 0 51
P10391 2009 8 31 0 0 11 0 0 0 29 29 47 41 25 0 0 0 0 13 0 18 0 0 0 0 0 0 0 21 0 0 51 38
P10391 2009 9 0 16 0 0 0 0 0 0 0 0 55 0 0 0 36 0 0 0 0 0 48 76 0 0 0 0 0 0 0 0 -999
P10391 2009 10 17 0 56 43 0 21 0 0 0 0 24 0 0 0 0 26 35 47 45 0 0 0 0 0 0 12 0 0 0 10 0
P10391 2009 11 0 0 0 8 0 0 0 0 0 0 0 1 0 0 4 0 0 0 0 0 0 0 0 0 0 43 33 0 0 0 -999
P10391 2009 12 0 0 0 0 0 0 0 18 0 20 0 0 1 0 0 0 6 0 32 0 24 0 0 0 0 0 0 0 19 0 0
P10391 2010 1 5 0 0 0 0 0 27 13 0 22 0 0 0 20 0 12 0 0 0 0 12 0 0 0 0 0 15 0 0 0 29
P10391 2010 2 0 0 0 10 0 0 35 0 0 0 0 12 0 0 7 0 0 5 0 0 0 0 0 0 0 0 6 0 -999 -999 -999
P10391 2010 3 0 0 0 5 0 23 0 0 61 0 0 0 0 0 10 6 0 0 24 119 114 18 0 0 12 0 0 0 0 0 0
P10391 2010 4 0 0 0 0 0 28 0 0 0 32 53 65 53 54 48 69 49 31 0 0 0 0 0 0 29 34 0 0 0 44 -999
P10391 2010 5 0 13 23 0 53 0 0 0 0 0 51 78 32 0 38 0 0 0 10 0 0 0 30 0 26 0 39 21 0 0 0
P10391 2010 6 0 25 31 0 0 21 0 0 12 20 0 71 116 0 0 0 0 0 14 0 38 0 0 0 0 43 0 0 61 44 -999
P10391 2010 7 0 0 14 21 34 0 0 0 44 40 41 27 0 0 0 22 0 0 0 0 0 0 0 0 0 0 40 0 37 36 0
P10391 2010 8 0 0 0 0 0 21 0 45 0 0 49 0 31 0 0 0 0 42 0 0 0 0 0 0 43 0 13 0 0 0 0
P10391 2010 9 15 0 29 0 0 0 0 24 0 81 53 0 55 0 14 13 0 0 0 0 26 0 38 0 0 0 0 8 0 0 -999
P10391 2010 10 0 0 10 0 0 16 0 21 0 0 0 4 0 11 6 11 0 0 0 0 32 39 35 0 0 0 0 0 0 0 0
P10391 2010 11 0 0 0 0 3 0 0 0 0 0 7 0 0 0 0 11 0 0 0 0 0 0 0 0 0 14 0 3 7 0 -999
P10391 2010 12 0 0 0 7 19 0 0 0 11 0 0 0 11 43 27 0 0 0 0 0 0 0 0 0 0 0 0 0 0 0 0
P10391 2011 1 0 0 0 0 0 0 0 0 15 12 0 0 0 0 0 0 0 0 0 1 0 0 16 0 4 0 0 0 0 0 0
P10391 2011 2 0 0 0 0 0 0 0 0 0 0 0 0 0 0 0 0 0 0 0 0 0 0 16 0 6 0 0 57 -999 -999 -999
P10391 2011 3 55 26 51 0 62 0 0 0 0 0 0 0 30 24 36 53 58 0 0 8 0 29 0 0 0 8 28 0 0 0 29
P10391 2011 4 0 0 0 0 0 0 0 18 0 42 0 0 45 0 16 0 66 74 47 0 39 0 0 0 0 0 0 0 0 0 -999
P10391 2011 5 0 0 0 15 19 0 0 23 48 61 11 18 0 0 0 0 0 0 0 0 42 0 0 0 18 0 45 0 46 0 0
P10391 2011 6 0 0 0 0 0 0 0 21 32 72 71 0 0 0 0 32 0 0 0 0 35 49 0 51 0 0 41 26 0 0 -999
P10391 2011 7 0 0 0 0 0 27 0 0 0 0 0 0 0 0 31 0 0 21 0 0 0 18 0 0 0 0 0 0 0 0 28
P10391 2011 8 0 0 28 0 0 0 0 0 0 0 0 0 22 0 23 0 0 0 0 0 52 0 0 0 26 0 0 0 0 0 0
P10391 2011 9 59 0 0 0 20 30 11 0 36 0 0 0 10 0 8 0 0 0 13 0 0 0 0 0 0 0 0 0 0 0 -999
P10391 2011 10 0 28 0 0 0 0 20 0 34 0 26 0 29 0 0 0 9 0 0 0 0 32 0 28 22 0 0 0 34 0 86
P10391 2011 11 19 0 0 1 0 0 114 91 0 0 0 38 119 22 0 0 0 0 0 0 0 0 0 64 0 0 0 0 0 0 -999
P10391 2011 12 0 0 0 106 0 0 0 0 0 0 0 3 0 0 0 0 0 5 0 0 0 0 11 0 0 0 0 0 0 0 0
P10391 2012 1 0 19 0 0 0 0 0 0 0 0 20 0 0 0 0 0 3 9 22 0 35 0 0 0 0 0 11 0 0 0 0
P10391 2012 2 2 0 51 32 0 0 0 0 0 0 0 0 0 0 0 0 0 0 11 5 0 22 0 0 0 37 0 0 -999 -999 -999
P10391 2012 3 0 18 58 136 50 14 0 0 0 0 0 0 0 8 0 20 0 42 0 43 0 0 0 0 0 0 0 0 0 0 0
P10391 2012 4 0 0 29 0 0 0 0 7 0 0 10 19 53 57 23 0 0 0 33 0 17 19 0 38 36 43 61 0 0 24 -999
P10391 2012 5 26 51 77 0 0 0 96 88 33 0 0 30 0 0 0 0 0 14 0 0 0 0 0 29 40 28 0 0 11 7 0
P10391 2012 6 8 0 0 0 0 0 0 0 0 39 41 0 0 0 0 0 0 0 15 0 27 0 0 0 0 0 0 0 0 0 -999
P10391 2012 7 0 0 0 0 0 0 0 0 58 41 0 0 0 0 0 27 0 114 0 34 29 0 0 51 44 0 15 0 0 36 0
P10391 2012 8 0 21 0 0 31 30 0 0 0 0 17 0 0 17 27 0 0 0 0 0 0 23 0 0 0 24 0 0 0 0 0
P10391 2012 9 0 0 0 0 0 0 41 0 0 0 0 0 0 29 0 0 0 0 0 0 0 0 0 12 0 0 30 0 34 51 -999
P10391 2012 10 0 20 18 0 0 0 0 0 25 0 60 0 0 0 0 8 0 0 0 0 0 33 30 0 25 0 0 0 0 0 0
P10391 2012 11 0 3 26 0 0 0 0 3 0 0 0 0 0 0 0 0 0 0 23 24 0 0 0 0 7 2 0 0 0 0 -999
P10391 2012 12 0 0 0 27 0 71 79 12 0 0 0 0 0 33 0 21 0 28 12 0 0 0 4 2 0 0 0 0 0 0 32
P10391 2013 1 0 19 0 11 0 0 0 0 0 0 0 0 0 0 0 0 0 0 0 0 0 0 0 0 0 0 0 0 0 0 0
P10391 2013 2 0 0 0 0 0 0 0 0 0 0 0 0 0 26 0 7 10 19 0 0 0 0 0 8 0 0 0 0 -999 -999 -999
P10391 2013 3 0 0 0 0 0 0 0 91 59 37 0 0 0 0 0 0 26 0 0 0 20 53 48 23 22 0 0 64 94 65 58
P10391 2013 4 122 95 19 0 0 0 11 0 0 0 0 0 19 27 0 0 0 0 21 0 0 15 22 0 70 37 15 0 0 0 -999
P10391 2013 5 0 27 0 0 0 10 0 60 38 24 0 0 0 21 0 60 39 14 0 29 11 0 0 0 0 0 0 0 0 0 0
P10391 2013 6 0 50 23 0 0 0 0 0 71 0 0 0 39 37 0 0 0 0 16 0 0 0 0 0 30 0 152 43 40 36 -999
P10391 2013 7 28 23 26 20 0 0 58 0 41 0 0 0 0 36 0 25 0 0 0 0 0 0 48 0 39 0 0 0 0 0 0
P10391 2013 8 0 0 0 0 58 67 36 0 21 20 19 0 0 8 19 57 0 0 0 0 10 17 0 0 31 0 0 19 44 0 37
P10391 2013 9 0 0 43 0 0 0 0 22 0 0 36 44 19 0 0 24 25 27 0 28 53 50 0 25 0 0 4 7 0 0 -999
P10391 2013 10 0 0 0 0 10 0 0 26 18 26 43 39 0 0 25 18 25 34 0 0 0 0 0 18 0 0 0 13 0 0 0
P10391 2013 11 0 0 0 0 0 0 0 0 9 0 26 0 12 0 3 0 11 57 70 59 0 4 17 0 0 0 14 0 0 0 -999
P10391 2013 12 0 0 0 0 0 0 21 16 19 0 0 0 0 0 0 0 0 0 0 0 0 0 0 0 0 14 0 20 0 0 22
P10391 2014 1 0 0 0 0 0 0 0 0 0 14 0 0 0 0 0 0 0 0 0 0 0 0 0 0 14 0 0 44 161 0 0
P10391 2014 2 0 15 14 0 0 5 0 31 0 0 0 0 0 0 0 0 0 0 0 0 0 0 0 0 15 11 0 52 -999 -999 -999