precip	MIROC5	RCP60	REGRESION	decimas	1
P14487	41.934	-2.034	182	geo	2006	2100	-1
P14487 2006 1 0 7 0 0 0 0 0 0 10 0 0 30 69 56 0 34 31 33 35 0 8 6 0 13 4 0 0 0 21 20 0
P14487 2006 2 0 0 22 9 0 0 0 0 0 0 6 13 20 26 34 34 0 8 9 24 30 20 0 0 8 0 7 8 -999 -999 -999
P14487 2006 3 19 30 38 46 49 0 53 59 44 30 0 45 33 26 0 30 45 48 39 21 27 20 22 0 23 17 15 22 37 24 48
P14487 2006 4 26 17 0 0 20 0 0 36 27 4 0 0 0 0 0 0 0 0 0 14 5 0 8 0 19 0 44 53 0 36 -999
P14487 2006 5 0 0 24 0 20 0 24 0 0 0 0 10 21 0 0 0 19 20 0 16 0 0 0 0 0 0 0 17 19 17 0
P14487 2006 6 0 0 0 0 0 0 0 0 22 19 18 0 21 0 0 18 21 0 17 0 15 0 14 17 0 0 21 0 0 0 -999
P14487 2006 7 0 0 0 0 0 0 0 0 0 0 0 0 0 0 0 0 0 0 0 0 0 0 23 0 0 0 24 0 0 21 0
P14487 2006 8 0 0 0 0 0 0 0 0 0 0 0 0 20 0 0 16 0 11 0 0 23 0 0 0 21 17 12 12 0 19 0
P14487 2006 9 0 0 0 19 19 0 0 13 0 0 23 0 10 0 0 17 0 0 0 11 0 0 20 30 26 14 0 8 10 14 -999
P14487 2006 10 0 6 0 0 0 0 0 0 0 0 0 0 0 0 28 27 0 0 0 0 0 15 8 0 12 0 0 12 0 0 0
P14487 2006 11 0 0 0 0 0 0 16 0 0 0 0 0 0 0 0 0 0 7 0 7 0 0 22 38 22 10 0 0 0 0 -999
P14487 2006 12 0 0 0 0 0 12 17 0 0 0 18 0 26 21 23 29 0 0 0 0 13 18 35 38 22 0 14 0 0 10 8
P14487 2007 1 0 9 0 0 0 0 0 0 0 0 0 0 5 0 0 0 0 0 22 0 0 0 10 14 27 0 0 22 28 0 0
P14487 2007 2 11 9 0 31 23 19 21 42 88 68 32 23 20 13 14 10 0 22 24 18 22 0 24 25 19 0 17 24 -999 -999 -999
P14487 2007 3 20 18 0 20 28 28 18 0 13 9 14 41 53 43 30 17 12 0 0 0 0 0 17 0 10 11 11 8 0 0 7
P14487 2007 4 0 0 5 0 21 18 0 6 0 5 10 0 33 23 0 11 0 0 0 0 27 0 33 30 22 22 21 12 0 0 -999
P14487 2007 5 0 0 0 0 28 23 0 0 0 0 0 0 0 36 22 0 15 0 26 0 0 0 6 0 0 0 0 0 9 0 21
P14487 2007 6 29 0 0 0 25 27 27 0 10 0 13 18 32 0 0 19 0 0 0 0 0 16 0 0 0 18 25 26 0 29 -999
P14487 2007 7 24 0 0 34 0 0 24 0 20 32 35 0 26 14 0 0 0 0 0 0 0 0 0 0 0 0 0 0 24 0 0
P14487 2007 8 0 0 0 0 19 0 0 0 0 0 0 0 30 23 0 14 17 0 25 29 0 10 0 9 0 0 0 23 0 23 9
P14487 2007 9 7 0 0 0 0 0 0 8 0 0 0 0 0 0 27 0 11 8 0 0 0 0 0 0 0 0 0 10 0 0 -999
P14487 2007 10 0 0 0 0 0 0 0 0 18 0 23 0 29 0 0 9 0 0 0 7 0 28 22 20 12 8 15 17 7 6 0
P14487 2007 11 10 8 0 0 0 11 9 5 0 0 0 0 10 0 13 0 4 0 0 0 0 0 9 10 10 7 13 20 20 0 -999
P14487 2007 12 0 0 0 18 0 25 0 0 5 5 0 0 5 5 8 0 0 17 14 0 0 0 0 0 7 6 0 11 0 0 8
P14487 2008 1 16 15 27 29 17 3 0 3 0 0 9 0 0 14 0 16 11 5 0 17 27 28 21 10 0 0 28 27 0 22 26
P14487 2008 2 43 26 0 0 0 16 21 0 17 25 30 25 7 8 12 21 14 0 40 22 13 0 9 17 21 0 27 35 -999 -999 -999
P14487 2008 3 39 0 9 0 0 5 0 0 0 0 13 12 0 15 0 5 0 0 0 0 0 0 0 0 0 0 7 4 0 0 0
P14487 2008 4 0 0 13 20 24 0 0 4 6 0 0 0 0 0 28 32 29 25 18 12 0 8 0 0 0 0 0 0 20 26 -999
P14487 2008 5 0 15 0 0 19 29 21 0 14 0 36 0 0 0 20 0 0 12 0 35 0 27 29 0 0 0 17 0 0 16 0
P14487 2008 6 0 0 0 16 15 0 0 0 0 0 0 0 20 0 21 11 0 0 0 0 13 0 0 0 12 0 0 23 26 19 -999
P14487 2008 7 0 0 0 14 0 0 0 0 0 0 0 0 0 0 0 0 0 0 0 0 0 0 0 20 0 0 0 0 0 0 0
P14487 2008 8 0 0 0 14 0 19 0 19 0 0 20 0 20 0 0 0 16 22 12 9 0 0 0 7 12 0 0 16 0 0 0
P14487 2008 9 10 0 0 0 19 0 0 15 0 0 0 0 0 0 0 0 0 14 0 0 0 0 0 0 0 19 0 0 0 27 -999
P14487 2008 10 18 0 11 15 0 0 0 23 0 11 24 29 24 23 11 0 0 13 0 0 0 0 0 0 18 0 29 20 23 19 12
P14487 2008 11 20 20 30 0 11 0 0 9 15 0 21 19 8 0 3 0 0 9 0 0 0 0 6 0 0 0 0 0 4 4 -999
P14487 2008 12 4 3 2 3 5 0 0 0 9 19 27 13 11 18 12 7 0 0 0 3 0 0 0 0 0 11 0 9 0 2 0
P14487 2009 1 3 3 0 0 10 11 0 0 0 8 13 17 22 15 0 11 4 2 0 0 0 0 0 0 4 0 0 5 5 0 0
P14487 2009 2 7 13 10 14 14 0 13 0 0 6 9 6 9 5 0 3 0 1 0 5 5 5 6 12 9 0 7 26 -999 -999 -999
P14487 2009 3 45 49 39 20 11 11 10 0 46 33 21 0 13 15 35 24 22 20 0 13 7 0 0 0 17 0 27 44 34 35 23
P14487 2009 4 0 43 48 23 23 41 32 16 12 0 0 23 33 24 23 27 16 13 12 21 0 0 12 0 0 0 0 15 0 32 -999
P14487 2009 5 0 32 21 0 24 30 0 17 21 36 38 19 0 0 0 7 0 0 0 0 36 40 34 26 0 0 13 17 0 0 17
P14487 2009 6 17 16 16 19 0 0 25 0 0 0 0 0 0 18 0 0 0 0 0 8 8 0 0 0 0 0 0 14 0 0 -999
P14487 2009 7 0 0 0 0 0 0 0 0 0 0 0 0 0 21 0 0 11 0 0 0 0 0 22 0 0 0 0 0 0 17 27
P14487 2009 8 0 13 0 0 0 0 0 18 18 0 0 0 0 15 5 6 0 0 0 0 0 0 0 0 0 0 11 0 0 0 0
P14487 2009 9 0 19 7 0 0 0 0 0 16 19 32 0 0 0 14 0 0 0 17 0 0 29 25 20 0 0 0 0 0 0 -999
P14487 2009 10 14 14 11 0 0 0 0 7 0 0 17 0 0 13 0 0 23 0 28 22 17 11 0 15 0 0 5 0 0 0 0
P14487 2009 11 5 0 0 0 0 0 0 0 0 0 0 4 0 0 0 14 0 0 0 0 0 9 0 0 11 21 14 12 0 0 -999
P14487 2009 12 0 0 14 0 0 0 45 33 0 34 35 11 0 5 0 0 0 0 18 0 0 0 8 0 0 0 19 16 0 0 7
P14487 2010 1 0 0 16 33 33 22 12 0 8 12 10 0 10 0 0 0 8 0 0 0 8 4 3 0 0 0 7 0 0 0 0
P14487 2010 2 0 7 0 0 10 26 23 15 10 10 0 5 3 5 0 0 6 6 0 0 5 12 9 20 0 0 0 0 -999 -999 -999
P14487 2010 3 0 0 0 0 11 19 27 23 0 26 22 14 0 9 7 0 8 12 26 42 21 0 0 0 0 0 0 0 5 0 8
P14487 2010 4 11 14 0 0 0 0 0 32 29 27 30 31 36 33 38 0 29 18 11 17 25 0 16 13 39 0 9 14 0 31 -999
P14487 2010 5 0 0 23 30 27 0 0 13 13 0 22 29 0 20 26 0 26 0 15 0 0 0 0 14 20 0 36 24 22 0 16
P14487 2010 6 21 25 24 17 0 15 0 0 0 0 0 0 29 0 23 30 0 9 0 0 17 0 0 0 0 0 20 0 0 0 -999
P14487 2010 7 25 0 0 16 0 0 0 0 0 23 0 0 0 11 0 0 0 0 0 0 0 0 0 22 0 0 20 0 15 17 19
P14487 2010 8 0 26 0 0 17 0 0 0 22 0 27 22 18 0 21 0 0 24 16 0 0 0 0 20 0 21 0 11 0 9 0
P14487 2010 9 0 0 0 0 0 7 0 18 0 0 24 27 36 25 21 18 0 0 18 13 0 0 0 15 0 0 10 8 0 0 -999
P14487 2010 10 0 0 0 0 0 13 0 0 0 0 0 14 22 0 0 14 0 0 14 16 22 28 29 14 9 10 0 0 11 0 0
P14487 2010 11 8 5 10 9 0 0 0 0 0 6 0 0 6 0 0 10 9 7 9 6 0 0 0 0 6 4 0 0 0 5 -999
P14487 2010 12 9 0 10 0 0 12 13 7 9 0 0 0 0 29 17 4 0 0 11 0 0 0 3 0 0 0 5 0 3 0 0
P14487 2011 1 3 0 0 6 0 5 0 0 0 0 0 0 0 0 7 5 0 0 0 5 14 16 39 0 0 4 5 4 4 0 0
P14487 2011 2 0 0 0 0 0 9 0 0 0 0 0 0 9 0 0 0 0 5 0 0 0 17 14 9 6 0 12 25 -999 -999 -999
P14487 2011 3 29 19 0 0 16 15 0 0 0 11 0 20 20 0 27 53 87 38 21 22 24 27 27 46 38 13 18 0 0 0 0
P14487 2011 4 16 21 19 18 15 0 12 0 0 0 21 0 28 0 0 0 0 33 30 26 26 0 0 0 0 0 0 0 7 8 -999
P14487 2011 5 9 18 14 11 0 12 0 16 0 31 0 0 0 17 0 0 0 0 0 0 0 0 0 0 0 0 0 29 0 30 24
P14487 2011 6 0 11 0 0 0 10 0 14 20 24 26 0 0 26 0 0 0 0 10 0 0 22 0 0 0 24 0 23 0 18 -999
P14487 2011 7 0 0 0 0 0 0 0 0 0 0 0 0 0 0 0 0 0 0 0 20 0 0 0 10 0 18 0 0 0 0 0
P14487 2011 8 0 0 0 0 0 0 0 0 0 18 0 23 0 0 0 16 14 0 0 0 0 0 0 0 0 0 0 0 0 0 0
P14487 2011 9 0 0 0 0 0 13 0 16 0 38 21 13 0 0 0 0 0 0 8 0 0 0 0 0 0 8 0 0 0 0 -999
P14487 2011 10 18 18 0 0 0 0 0 0 0 0 0 16 0 13 0 0 0 10 0 0 0 0 0 0 0 8 0 0 23 31 37
P14487 2011 11 24 16 14 19 31 33 56 36 0 0 0 0 0 0 0 0 19 0 0 0 0 32 46 0 0 0 9 0 0 4 -999
P14487 2011 12 6 0 0 25 14 8 0 5 0 0 0 13 13 5 4 14 0 20 28 0 35 18 19 0 0 22 14 9 0 11 10
P14487 2012 1 29 35 0 1 0 0 0 0 0 0 0 3 0 0 0 4 9 11 11 0 0 7 0 4 0 4 0 0 0 12 7
P14487 2012 2 0 9 31 26 7 0 3 0 0 0 2 0 0 0 0 0 0 0 16 20 22 11 0 0 12 16 5 11 -999 -999 -999
P14487 2012 3 23 46 39 34 26 16 10 5 0 0 0 7 0 12 0 0 0 23 0 0 0 0 0 0 0 0 0 0 0 0 0
P14487 2012 4 0 11 9 0 0 0 0 22 15 11 7 0 30 52 37 30 33 29 26 22 0 15 14 25 36 37 34 29 23 26 -999
P14487 2012 5 26 25 28 0 0 0 0 30 0 20 0 0 32 31 0 21 0 18 15 0 15 0 17 13 0 0 21 0 0 9 9
P14487 2012 6 0 0 8 0 0 0 0 0 0 27 0 0 0 0 30 20 0 0 0 0 24 0 0 0 0 12 0 22 0 24 -999
P14487 2012 7 12 0 9 0 21 0 0 0 0 0 29 0 0 0 16 0 25 0 26 0 0 0 21 23 0 0 18 12 0 0 0
P14487 2012 8 0 0 0 0 0 0 18 0 0 0 0 0 0 15 0 0 18 0 0 0 11 0 0 0 0 17 16 0 18 14 0
P14487 2012 9 0 0 0 15 0 0 24 0 10 0 0 0 0 0 0 0 0 0 0 0 0 0 9 0 25 0 0 19 0 0 -999
P14487 2012 10 0 0 0 0 0 0 0 0 0 0 30 19 9 0 0 16 0 0 0 10 0 0 24 0 12 14 18 14 10 0 22
P14487 2012 11 16 0 35 29 0 0 0 0 0 0 28 15 0 0 0 0 0 0 0 0 0 0 0 0 0 0 11 0 0 0 -999
P14487 2012 12 22 0 0 0 10 0 32 0 0 11 10 0 0 36 34 37 34 29 0 13 6 0 0 6 0 0 0 0 9 15 37
P14487 2013 1 31 16 12 18 16 7 0 0 0 0 0 0 3 0 4 0 0 5 8 3 2 0 0 0 0 0 0 0 0 8 9
P14487 2013 2 0 0 0 0 0 0 3 3 6 0 0 0 14 41 34 14 0 18 31 26 28 28 22 40 0 13 0 0 -999 -999 -999
P14487 2013 3 0 0 6 0 0 9 15 29 28 25 43 39 0 25 0 18 0 0 18 0 15 0 33 0 0 0 0 31 38 46 53
P14487 2013 4 43 0 0 13 21 18 22 10 5 4 0 9 16 23 18 0 0 0 0 0 26 23 18 0 40 26 0 7 0 0 -999
P14487 2013 5 0 0 11 17 21 0 0 0 0 0 35 0 0 14 0 36 40 26 0 19 14 0 0 13 0 6 0 0 0 15 0
P14487 2013 6 22 0 28 22 22 0 27 34 0 39 30 30 30 0 0 17 0 19 16 0 0 0 0 0 0 0 0 0 26 0 -999
P14487 2013 7 20 0 16 13 18 0 0 0 0 0 0 0 0 0 0 0 0 0 9 0 0 0 0 0 0 18 0 0 0 0 0
P14487 2013 8 0 0 23 0 36 33 29 0 0 0 0 0 12 0 0 0 0 0 0 0 0 14 0 0 20 0 0 0 29 26 30
P14487 2013 9 0 0 0 12 0 11 13 0 14 0 0 21 0 0 0 0 0 0 0 0 0 27 15 14 9 0 7 0 0 0 -999
P14487 2013 10 0 0 0 0 0 0 0 0 10 14 0 0 0 0 0 16 27 26 14 0 0 0 7 0 9 13 0 0 0 6 0
P14487 2013 11 5 0 0 0 0 0 0 0 10 11 19 15 9 10 9 10 12 48 85 66 26 32 42 48 33 23 32 31 12 0 -999
P14487 2013 12 11 24 13 22 4 0 0 0 0 0 0 0 0 0 0 0 0 4 0 0 0 0 8 0 10 0 16 0 0 0 0
P14487 2014 1 0 0 0 0 0 11 0 0 0 0 0 8 0 0 10 0 0 2 0 0 0 0 0 0 10 0 0 31 64 67 0
P14487 2014 2 18 23 17 14 0 17 19 30 23 0 0 0 0 6 0 0 6 0 18 0 10 0 0 0 0 0 0 22 -999 -999 -999