precip	MIROC5	RCP60	REGRESION	decimas	1
P13188	41.400	0.872	182	geo	2006	2100	-1
P13188 2006 1 0 7 0 0 5 0 0 0 0 6 4 16 46 48 0 0 13 12 0 0 0 0 9 0 0 0 0 10 20 0 0
P13188 2006 2 0 0 0 0 0 0 0 0 0 0 0 0 0 22 28 0 0 0 0 14 34 0 16 0 3 1 2 0 -999 -999 -999
P13188 2006 3 7 16 24 27 25 30 39 56 43 21 44 57 0 20 16 24 34 28 0 0 0 0 14 0 23 10 6 0 26 0 35
P13188 2006 4 0 0 0 12 0 0 0 49 40 0 1 0 0 10 0 0 12 0 14 21 0 0 0 6 0 0 45 78 59 32 -999
P13188 2006 5 26 0 0 15 0 25 20 0 0 0 0 0 13 30 0 11 20 21 0 9 0 0 0 0 0 0 6 0 0 0 10
P13188 2006 6 0 0 0 0 0 10 0 0 24 22 0 0 0 0 0 0 0 24 0 0 11 0 0 0 0 0 0 18 0 0 -999
P13188 2006 7 37 0 0 0 16 28 31 33 0 0 0 8 18 0 0 0 0 0 0 25 0 0 0 0 0 0 0 0 17 0 0
P13188 2006 8 0 0 0 0 0 17 33 25 0 0 0 0 27 0 0 0 0 0 0 0 20 0 0 0 0 17 0 7 0 14 20
P13188 2006 9 15 0 15 14 15 0 0 0 0 24 30 0 0 0 0 0 0 0 33 0 6 0 0 34 0 0 8 0 0 17 -999
P13188 2006 10 0 0 8 0 0 0 0 0 0 0 0 0 0 28 31 33 13 0 0 0 0 0 0 0 6 0 0 0 0 1 0
P13188 2006 11 0 10 0 0 0 0 14 0 0 0 0 0 0 4 4 0 0 0 0 0 12 28 0 44 0 0 0 0 0 0 -999
P13188 2006 12 2 0 0 0 0 0 21 0 0 0 0 31 39 0 14 18 0 0 0 0 11 15 28 0 12 17 0 0 5 0 0
P13188 2007 1 0 0 0 0 0 0 0 0 0 3 0 0 0 0 0 0 0 0 0 0 0 0 0 0 0 0 0 18 0 0 0
P13188 2007 2 0 0 0 17 0 17 0 38 79 52 34 0 20 0 0 0 0 14 0 16 28 22 26 40 0 9 0 0 -999 -999 -999
P13188 2007 3 14 8 8 0 25 0 13 0 0 0 0 29 60 0 21 13 0 4 0 11 0 0 0 0 0 10 0 0 4 6 0
P13188 2007 4 0 0 0 7 26 0 11 0 0 0 0 0 27 21 0 0 16 0 0 0 0 30 0 22 19 0 33 14 0 0 -999
P13188 2007 5 0 0 0 0 0 0 0 0 0 14 14 0 0 49 25 0 0 0 0 0 19 0 5 0 0 0 0 0 0 0 0
P13188 2007 6 35 0 0 0 20 29 53 0 0 0 0 0 33 0 33 0 0 0 0 19 0 11 0 22 0 12 0 0 0 0 -999
P13188 2007 7 31 25 31 0 0 0 19 10 0 0 31 35 0 0 0 13 36 42 47 0 17 0 0 0 0 0 0 0 26 0 0
P13188 2007 8 0 0 0 31 0 0 0 0 0 0 20 27 0 0 0 11 0 20 0 27 0 9 0 6 25 36 19 18 0 0 0
P13188 2007 9 0 5 0 0 0 0 0 0 0 0 0 0 0 0 21 0 0 0 0 0 0 0 16 0 9 9 8 0 0 0 -999
P13188 2007 10 4 0 0 0 5 0 0 0 0 0 0 32 0 20 0 0 0 0 0 3 0 26 18 0 5 0 0 12 4 0 0
P13188 2007 11 0 0 0 0 3 0 0 0 0 0 12 20 0 0 0 0 0 0 0 0 0 0 8 0 8 0 0 17 26 38 -999
P13188 2007 12 22 10 11 0 47 50 0 9 0 0 0 0 0 0 0 0 0 16 0 10 0 0 0 0 0 0 0 5 6 1 1
P13188 2008 1 8 6 24 0 16 0 0 0 0 21 0 0 9 9 19 11 0 0 0 0 10 0 10 0 0 0 0 0 8 10 0
P13188 2008 2 0 15 9 17 9 0 12 0 0 29 26 24 0 0 0 10 0 0 62 14 0 5 8 0 51 47 54 95 -999 -999 -999
P13188 2008 3 113 20 0 0 0 0 0 0 0 0 0 0 0 12 9 0 0 0 0 0 0 0 0 0 0 4 4 0 0 0 0
P13188 2008 4 2 0 8 0 0 0 0 0 0 0 0 5 14 0 0 0 21 0 16 0 0 3 0 0 0 1 0 0 0 31 -999
P13188 2008 5 0 15 18 7 15 42 34 16 9 0 28 0 0 24 14 22 0 0 16 31 0 0 0 19 0 0 0 9 0 9 19
P13188 2008 6 23 0 0 0 0 0 12 0 0 17 0 0 0 25 20 0 0 0 0 0 0 0 22 0 0 0 0 0 0 24 -999
P13188 2008 7 0 0 0 13 0 0 22 0 0 31 0 23 0 0 35 0 0 0 0 0 0 0 0 0 0 0 16 16 0 0 24
P13188 2008 8 26 0 0 18 0 0 25 17 17 0 23 7 0 0 0 0 0 21 0 0 0 0 17 0 0 0 0 0 12 5 9
P13188 2008 9 0 0 9 0 25 0 0 0 0 18 0 0 0 0 0 0 0 12 0 0 11 0 9 0 0 0 0 0 19 22 -999
P13188 2008 10 0 7 0 9 0 8 13 20 0 0 16 26 21 24 17 0 0 0 0 0 17 0 0 0 19 0 22 12 26 21 0
P13188 2008 11 0 25 26 0 11 0 0 6 0 0 0 0 0 0 0 0 0 0 0 0 0 0 0 0 0 0 0 2 0 0 -999
P13188 2008 12 0 0 0 0 4 0 0 11 0 10 23 0 3 0 12 0 4 0 0 0 0 0 0 2 0 0 0 0 0 0 0
P13188 2009 1 0 0 0 0 0 0 0 0 0 0 0 19 30 11 6 0 3 0 0 0 0 0 1 0 0 0 1 0 0 0 0
P13188 2009 2 0 8 6 9 17 0 0 0 3 0 0 0 5 0 0 2 0 0 0 0 0 0 3 0 0 0 3 0 -999 -999 -999
P13188 2009 3 30 53 32 18 4 0 0 11 39 0 23 0 0 0 0 18 0 4 0 0 0 0 0 12 13 31 0 39 0 26 18
P13188 2009 4 0 49 68 0 16 38 47 0 0 3 5 22 42 34 22 24 0 0 10 0 0 0 14 0 0 0 4 0 12 18 -999
P13188 2009 5 49 53 19 19 0 38 0 14 16 38 42 18 0 0 0 0 0 0 0 30 58 64 42 31 0 0 11 14 13 0 0
P13188 2009 6 0 14 11 0 22 0 0 0 0 0 15 0 8 12 0 0 39 0 0 0 0 0 0 15 0 0 0 0 0 0 -999
P13188 2009 7 24 21 0 0 0 0 0 0 0 38 44 0 37 24 0 0 8 0 14 17 0 0 0 0 0 21 0 0 0 0 29
P13188 2009 8 0 0 4 0 13 0 0 21 16 28 0 0 0 0 4 0 0 0 0 7 0 0 0 0 0 0 0 0 19 0 22
P13188 2009 9 0 0 0 0 0 0 0 10 0 0 32 35 25 0 0 0 0 0 0 0 0 38 0 19 7 0 0 0 0 0 -999
P13188 2009 10 0 0 21 14 8 0 0 0 0 6 11 12 0 0 6 0 21 0 0 18 0 0 0 0 9 4 0 0 0 0 0
P13188 2009 11 0 0 0 0 0 0 11 0 4 0 0 0 0 0 0 0 16 6 0 0 0 0 0 8 0 26 0 8 0 0 -999
P13188 2009 12 0 0 0 0 0 0 0 48 0 0 27 6 0 0 0 0 0 0 0 19 0 0 0 0 0 0 0 15 0 0 3
P13188 2010 1 0 0 0 31 0 0 0 0 4 9 0 0 10 0 4 10 0 0 0 0 0 0 0 0 0 7 0 0 0 0 13
P13188 2010 2 0 4 0 0 0 26 24 0 0 0 0 4 0 3 0 8 0 0 0 0 0 0 0 0 5 0 0 0 -999 -999 -999
P13188 2010 3 0 0 0 0 0 13 31 25 24 0 0 13 0 0 0 2 0 0 17 65 40 0 2 0 3 3 0 3 3 3 0
P13188 2010 4 0 8 11 12 0 12 18 34 28 24 0 0 39 40 33 53 26 17 8 11 0 25 14 4 34 0 0 0 34 34 -999
P13188 2010 5 0 11 16 0 27 0 0 13 0 0 28 45 0 0 26 0 25 12 14 0 0 14 0 15 15 0 38 20 0 18 21
P13188 2010 6 32 19 0 0 0 0 0 8 0 0 0 0 0 28 18 0 0 0 0 0 0 0 0 0 14 0 23 0 37 0 -999
P13188 2010 7 17 20 0 0 0 20 18 16 0 0 0 0 0 0 0 0 20 0 0 0 0 0 0 0 0 17 0 15 16 0 0
P13188 2010 8 0 31 19 21 0 0 14 0 0 0 0 0 20 13 0 0 0 24 0 10 0 0 0 0 0 19 0 0 0 0 0
P13188 2010 9 15 0 16 0 11 0 0 0 0 0 49 0 48 36 19 0 0 0 13 0 0 0 16 0 0 0 0 0 0 0 -999
P13188 2010 10 0 0 0 0 0 0 0 0 13 12 0 0 0 19 11 0 0 0 0 0 27 38 39 15 0 0 0 0 0 7 0
P13188 2010 11 0 0 0 5 0 0 0 0 0 0 0 3 0 0 0 0 0 0 3 0 0 0 0 0 0 0 0 0 0 0 -999
P13188 2010 12 16 0 6 6 0 6 7 0 0 0 0 0 0 0 24 0 0 0 0 5 0 0 0 0 0 2 0 2 0 0 0
P13188 2011 1 0 0 0 0 0 0 0 0 4 0 0 0 0 6 0 0 0 0 0 0 0 0 23 0 0 0 0 1 0 0 0
P13188 2011 2 0 0 2 0 0 0 0 1 0 0 0 5 0 0 2 1 1 1 2 0 0 13 14 6 0 0 0 26 -999 -999 -999
P13188 2011 3 0 0 0 0 0 14 0 2 0 0 0 0 0 12 0 0 0 27 0 12 17 0 0 22 22 8 0 0 0 8 0
P13188 2011 4 21 23 19 18 0 0 7 0 13 0 0 22 30 37 14 7 0 0 0 0 23 0 3 0 0 0 0 0 0 14 -999
P13188 2011 5 0 0 11 12 0 9 10 0 0 40 0 0 0 14 14 0 0 0 0 0 0 36 0 0 15 0 27 26 39 48 27
P13188 2011 6 14 6 0 0 0 0 0 0 17 26 0 0 0 34 27 22 0 0 0 11 0 0 0 0 0 27 37 25 18 0 -999
P13188 2011 7 0 0 0 0 23 0 0 0 0 0 8 0 0 0 0 14 0 0 12 13 0 0 0 0 0 16 7 0 0 0 0
P13188 2011 8 0 0 0 0 0 0 0 0 0 0 0 0 17 12 0 14 0 0 12 0 0 25 22 0 0 0 0 0 0 19 31
P13188 2011 9 48 0 0 0 0 0 0 0 25 44 0 0 0 7 0 0 0 0 0 0 0 0 12 11 7 0 0 0 0 0 -999
P13188 2011 10 15 17 19 0 12 10 0 0 0 0 12 0 0 0 0 0 0 0 0 0 0 0 0 15 0 0 0 5 23 34 56
P13188 2011 11 25 0 7 0 17 0 73 0 0 8 0 20 28 0 0 0 0 0 0 0 0 0 59 0 25 0 0 0 8 0 -999
P13188 2011 12 0 0 0 37 0 6 0 0 0 0 0 0 0 0 0 0 9 8 0 17 24 0 9 0 0 0 8 0 0 0 0
P13188 2012 1 11 30 5 0 0 0 0 0 0 0 0 0 0 0 0 0 0 13 0 0 21 11 0 0 0 7 8 0 0 0 3
P13188 2012 2 0 0 30 26 0 0 0 0 0 0 0 0 0 0 3 0 0 0 0 0 19 0 3 0 0 27 3 0 -999 -999 -999
P13188 2012 3 13 29 40 51 28 0 4 0 0 0 0 0 0 6 0 0 22 0 17 0 26 0 10 0 0 0 0 0 0 0 0
P13188 2012 4 0 0 0 0 0 0 16 13 14 0 0 13 0 44 32 19 26 30 0 17 0 0 10 0 34 41 0 45 0 19 -999
P13188 2012 5 0 26 47 0 0 0 0 56 28 0 0 17 23 21 0 0 0 12 0 0 0 15 0 10 0 0 22 0 0 0 5
P13188 2012 6 0 0 0 4 0 3 0 0 0 28 0 0 26 37 34 0 0 0 0 0 0 17 0 6 7 0 12 14 0 0 -999
P13188 2012 7 0 0 0 0 20 0 0 27 28 0 0 0 29 0 0 13 0 67 36 0 19 0 0 0 29 0 0 0 0 0 24
P13188 2012 8 0 0 13 0 0 21 0 0 0 0 0 0 7 0 0 19 0 19 0 0 0 0 0 0 0 0 0 0 0 0 6
P13188 2012 9 0 0 0 0 0 0 29 0 0 0 0 0 0 0 0 6 0 0 0 0 0 0 0 0 0 0 0 0 21 0 -999
P13188 2012 10 0 0 0 0 0 0 0 8 17 0 33 17 0 0 7 0 0 0 0 0 0 0 26 0 12 12 0 12 0 0 0
P13188 2012 11 0 13 0 0 0 0 0 0 0 0 15 0 0 0 0 0 0 11 21 28 0 0 0 0 0 0 0 0 0 0 -999
P13188 2012 12 0 16 0 0 0 0 53 19 0 0 8 0 7 27 19 0 23 25 0 0 0 0 0 0 0 0 0 1 0 0 24
P13188 2013 1 37 0 7 10 0 0 0 0 1 0 0 0 0 0 0 0 0 0 0 0 0 0 3 0 0 0 0 0 0 0 6
P13188 2013 2 0 0 0 2 0 0 0 0 0 0 0 0 10 29 0 0 4 9 0 11 18 15 10 0 18 9 0 0 -999 -999 -999
P13188 2013 3 0 0 0 6 9 0 0 0 28 0 0 24 26 0 0 12 0 0 11 0 0 0 42 0 0 17 17 0 61 55 54
P13188 2013 4 84 0 0 0 15 0 0 0 1 0 0 0 0 0 0 17 0 0 0 0 18 0 14 12 44 38 0 0 0 0 -999
P13188 2013 5 0 0 0 15 0 10 0 34 36 0 27 24 0 11 0 0 38 25 0 0 0 0 0 0 0 0 0 0 0 0 0
P13188 2013 6 23 0 0 0 17 0 21 0 50 47 24 28 0 0 0 15 12 0 0 0 0 0 0 0 0 0 89 0 0 0 -999
P13188 2013 7 0 16 14 0 11 25 41 43 0 0 0 0 0 0 0 0 19 0 0 0 0 0 25 0 0 16 0 0 15 19 0
P13188 2013 8 0 0 19 0 44 0 0 36 0 0 20 0 10 0 0 0 0 6 0 0 0 0 0 24 18 11 0 0 0 20 0
P13188 2013 9 0 19 35 0 0 0 0 0 0 0 0 0 13 0 0 0 10 0 0 0 0 46 0 18 0 0 0 0 0 0 -999
P13188 2013 10 0 0 0 0 0 0 0 11 0 0 20 0 0 0 11 0 22 26 0 0 0 0 0 10 0 0 0 0 0 0 0
P13188 2013 11 0 0 0 2 0 0 0 0 6 7 14 10 0 0 3 5 0 0 0 67 0 13 0 29 29 0 21 0 11 0 -999
P13188 2013 12 0 10 0 0 0 0 0 0 0 0 0 0 6 0 4 0 0 0 0 0 0 0 0 0 0 0 14 13 0 22 13
P13188 2014 1 9 0 2 0 6 6 0 0 13 0 0 0 0 0 0 0 1 0 0 0 0 0 0 0 0 0 0 0 76 61 24
P13188 2014 2 0 13 16 0 4 0 0 27 15 9 0 0 0 0 0 0 0 0 14 6 0 2 3 0 4 0 7 27 -999 -999 -999