precip	MIROC5	RCP60	REGRESION	decimas	1
P11769	41.099	-2.549	182	geo	2006	2100	-1
P11769 2006 1 0 7 8 0 7 13 0 7 0 0 0 0 120 63 27 70 48 59 41 18 0 0 18 0 7 0 11 0 0 24 0
P11769 2006 2 0 0 28 14 0 0 0 0 1 0 6 16 29 33 30 28 18 0 0 32 25 0 13 10 6 0 8 9 -999 -999 -999
P11769 2006 3 26 0 52 0 72 62 71 68 45 28 0 0 25 22 22 39 70 0 57 0 41 29 31 23 25 23 0 32 0 35 56
P11769 2006 4 24 0 0 30 0 14 0 33 15 1 0 0 0 0 0 10 16 0 0 0 1 3 5 10 16 23 39 42 0 0 -999
P11769 2006 5 25 27 21 25 23 40 19 0 0 7 7 0 23 32 0 13 20 0 0 21 0 0 6 0 0 0 0 0 15 13 9
P11769 2006 6 0 0 0 0 0 7 0 0 15 0 11 0 0 0 0 0 13 0 0 10 0 0 8 12 14 0 0 15 13 0 -999
P11769 2006 7 23 17 0 0 0 0 23 25 13 0 3 0 0 0 0 0 8 6 0 0 0 14 0 0 0 0 0 0 10 0 0
P11769 2006 8 0 0 0 0 0 0 0 0 0 7 0 0 11 0 16 9 0 6 0 0 0 0 0 0 0 14 0 8 0 0 0
P11769 2006 9 0 11 0 0 20 0 0 0 0 21 0 0 8 0 8 16 0 30 0 8 0 0 18 25 0 0 0 0 0 0 -999
P11769 2006 10 0 0 3 0 0 0 0 0 12 0 0 14 17 20 21 19 10 0 0 9 0 14 0 0 15 17 0 15 0 0 0
P11769 2006 11 0 16 0 0 0 9 18 0 0 0 0 0 0 0 0 3 3 4 0 8 24 0 20 38 18 8 0 3 0 0 -999
P11769 2006 12 0 0 0 0 3 8 18 0 0 18 20 21 0 19 34 53 23 0 0 0 15 31 65 47 29 30 18 15 18 0 0
P11769 2007 1 11 0 0 0 0 0 0 0 0 0 0 0 0 0 0 0 0 3 17 16 0 0 6 12 24 23 17 23 27 20 16
P11769 2007 2 10 12 0 28 0 12 23 61 123 99 0 0 16 12 0 0 0 28 0 0 23 22 31 0 21 17 19 0 -999 -999 -999
P11769 2007 3 15 19 20 26 0 0 15 13 0 7 16 48 51 61 43 17 17 13 9 21 14 0 0 6 7 0 9 0 0 0 0
P11769 2007 4 0 0 0 0 0 17 8 0 0 0 10 20 41 19 0 0 18 32 37 0 25 0 0 34 17 16 0 6 0 0 -999
P11769 2007 5 0 0 0 0 37 0 0 8 13 0 0 0 32 34 24 17 14 23 26 17 0 0 0 0 6 0 0 0 7 0 0
P11769 2007 6 0 17 0 0 18 21 15 0 0 6 10 0 0 0 11 0 0 0 8 0 10 12 24 0 0 13 20 0 24 23 -999
P11769 2007 7 16 0 0 0 20 0 0 0 0 27 0 29 0 0 0 0 27 26 0 21 0 21 0 0 0 0 0 0 0 0 0
P11769 2007 8 12 0 0 20 0 0 0 0 0 12 0 0 0 0 0 9 0 0 18 19 19 8 0 0 13 0 17 0 16 0 0
P11769 2007 9 3 0 0 0 0 0 0 0 0 0 0 10 0 13 23 23 7 0 0 0 5 0 0 0 9 7 0 0 0 0 -999
P11769 2007 10 0 8 0 9 0 0 0 0 0 20 23 21 34 37 12 0 12 26 0 0 0 0 30 32 14 0 25 0 7 5 0
P11769 2007 11 10 0 0 2 5 0 9 0 14 0 16 0 0 16 0 0 0 1 1 0 0 8 0 10 5 5 8 13 16 17 -999
P11769 2007 12 11 9 0 18 0 15 0 0 3 0 0 3 0 2 0 0 13 18 15 0 0 5 7 8 9 7 11 13 0 5 8
P11769 2008 1 17 22 0 40 19 2 0 0 0 6 7 0 0 16 19 17 13 0 12 0 43 0 26 0 21 46 55 37 24 36 45
P11769 2008 2 79 0 45 33 21 32 29 47 25 0 44 25 0 0 0 40 17 43 35 0 13 10 0 0 21 34 29 26 -999 -999 -999
P11769 2008 3 16 0 0 7 0 0 0 0 0 0 0 10 0 15 0 0 0 0 0 0 0 0 0 0 0 0 5 0 0 0 3
P11769 2008 4 0 0 10 0 18 10 3 0 0 0 0 9 16 0 31 0 32 0 10 0 0 5 5 0 0 0 2 0 16 19 -999
P11769 2008 5 14 0 0 0 16 0 0 8 10 23 38 20 0 0 0 0 14 8 0 35 33 23 31 0 10 0 11 0 7 13 16
P11769 2008 6 0 0 11 12 12 18 0 0 14 0 0 0 0 30 0 0 8 0 0 9 0 0 0 0 0 0 0 0 0 12 -999
P11769 2008 7 0 0 0 0 0 0 0 0 0 0 16 0 0 0 0 12 0 0 0 0 18 0 12 15 13 0 0 0 0 0 0
P11769 2008 8 25 0 0 9 0 0 0 0 0 20 15 0 0 0 0 0 11 0 0 0 0 0 0 0 0 18 17 0 9 0 5
P11769 2008 9 0 8 0 0 0 0 9 0 12 13 17 20 13 0 0 0 11 9 0 0 0 0 0 17 0 0 0 0 33 30 -999
P11769 2008 10 22 0 9 14 0 0 13 0 7 0 29 0 26 0 0 0 0 8 0 0 0 11 0 0 16 0 39 25 25 14 9
P11769 2008 11 0 10 27 0 0 0 0 5 13 0 20 0 5 0 0 0 9 20 8 0 0 0 0 2 0 0 0 1 0 0 -999
P11769 2008 12 0 0 1 1 2 5 6 0 0 25 29 0 0 0 7 0 7 6 0 2 3 0 5 0 0 20 16 11 0 2 0
P11769 2009 1 0 0 0 0 8 9 0 5 0 0 0 15 0 15 15 7 0 0 0 0 0 0 0 0 0 1 0 0 0 0 0
P11769 2009 2 0 10 9 13 0 8 8 3 2 0 0 2 0 3 0 1 1 0 0 4 3 0 0 7 0 0 5 29 -999 -999 -999
P11769 2009 3 51 50 46 21 16 12 12 33 48 0 0 0 0 0 36 30 42 33 23 19 0 0 0 0 0 48 39 61 49 41 0
P11769 2009 4 0 39 31 16 22 0 0 15 0 8 0 26 0 25 25 17 0 8 0 0 0 13 7 7 0 0 0 15 0 44 -999
P11769 2009 5 0 35 27 23 0 0 0 0 0 30 33 0 5 0 0 3 0 0 19 0 0 25 20 15 12 0 0 0 0 0 0
P11769 2009 6 10 0 9 13 17 0 19 9 8 0 0 4 6 0 0 22 0 0 0 0 0 9 0 0 0 10 0 0 0 0 -999
P11769 2009 7 0 14 0 13 0 0 14 0 0 0 0 23 0 0 0 0 7 8 11 12 0 0 0 0 0 0 0 0 0 0 0
P11769 2009 8 27 0 0 9 9 0 0 0 0 0 16 0 11 11 0 0 0 0 0 0 4 0 0 0 0 0 7 13 0 0 0
P11769 2009 9 26 0 0 0 0 4 0 9 0 0 34 19 0 0 0 0 0 11 0 0 0 22 0 0 0 0 0 0 7 0 -999
P11769 2009 10 0 0 4 4 0 0 2 0 0 0 12 0 11 10 12 19 0 22 19 16 15 0 0 28 11 0 5 0 6 7 10
P11769 2009 11 0 0 4 4 0 0 0 9 6 0 3 0 0 4 0 0 0 8 10 0 12 0 22 19 0 0 13 0 0 21 -999
P11769 2009 12 21 0 29 14 33 0 53 29 19 40 40 14 0 8 7 0 0 0 26 18 0 0 11 0 0 0 0 26 17 0 7
P11769 2010 1 0 11 0 48 47 17 11 8 12 14 0 7 14 9 8 17 9 6 0 0 10 2 0 0 0 0 0 5 0 0 13
P11769 2010 2 9 0 3 0 0 26 16 9 6 0 0 0 1 0 3 2 0 3 6 7 0 0 6 16 0 4 4 4 -999 -999 -999
P11769 2010 3 0 3 4 7 0 0 24 23 32 31 22 11 7 6 0 0 7 16 41 43 15 0 0 0 0 0 0 0 0 0 0
P11769 2010 4 11 0 24 0 0 14 0 30 31 31 0 26 27 24 36 0 18 10 7 15 22 0 0 16 34 0 7 0 31 0 -999
P11769 2010 5 18 12 0 0 23 0 0 0 0 10 0 18 13 14 0 27 20 15 0 0 0 0 0 9 18 0 33 0 17 0 0
P11769 2010 6 14 21 20 0 0 11 8 0 2 0 0 0 0 14 0 0 15 0 0 0 0 0 0 0 8 0 0 0 0 0 -999
P11769 2010 7 19 25 12 0 0 13 0 0 0 0 13 0 0 0 9 16 0 0 0 0 0 0 0 0 0 0 0 0 6 0 0
P11769 2010 8 0 19 0 0 0 0 0 0 0 0 0 13 0 0 16 0 0 0 0 0 0 0 0 0 21 13 0 8 0 0 0
P11769 2010 9 0 0 22 0 8 0 5 13 21 26 0 0 34 0 25 0 7 0 17 0 0 0 9 0 0 18 0 5 0 0 -999
P11769 2010 10 0 2 0 3 6 11 0 0 0 0 36 20 33 36 0 15 0 0 18 14 22 26 21 8 9 7 0 0 0 0 6
P11769 2010 11 6 0 9 8 0 0 0 6 0 0 0 0 0 0 6 0 12 0 0 0 0 0 0 0 0 3 2 1 0 2 -999
P11769 2010 12 3 0 0 12 0 12 12 6 9 9 0 11 0 29 0 2 4 0 0 4 0 0 0 1 0 0 0 7 0 0 0
P11769 2011 1 0 0 0 0 9 3 0 0 0 0 5 0 5 0 0 5 0 0 0 0 12 17 51 20 13 0 10 4 0 1 0
P11769 2011 2 0 0 0 0 0 16 0 6 0 0 0 16 12 0 12 0 5 0 8 8 0 0 0 6 0 0 0 28 -999 -999 -999
P11769 2011 3 33 19 0 9 10 11 8 4 4 11 15 22 19 17 27 61 0 45 25 29 28 35 46 90 54 15 23 40 0 5 0
P11769 2011 4 12 19 17 15 0 0 10 0 18 18 0 20 26 0 7 0 0 30 23 0 0 12 5 0 0 0 0 0 0 0 -999
P11769 2011 5 5 15 12 8 0 0 9 11 0 29 0 0 11 0 0 11 0 0 0 14 27 24 6 0 0 0 25 24 26 24 17
P11769 2011 6 12 11 0 0 5 0 0 0 0 0 0 0 0 18 0 13 0 0 0 0 9 0 17 15 0 17 21 16 0 11 -999
P11769 2011 7 0 6 7 0 0 0 0 0 0 0 0 0 0 0 0 0 0 9 0 0 0 0 0 0 0 0 0 0 0 21 0
P11769 2011 8 0 0 0 0 0 0 0 0 0 0 0 0 0 0 0 0 9 0 0 0 12 0 4 0 0 0 0 0 0 0 0
P11769 2011 9 0 0 0 0 0 7 0 12 30 0 0 0 0 0 3 0 0 0 0 0 0 5 0 0 0 6 5 0 0 14 -999
P11769 2011 10 12 0 9 0 5 0 0 0 0 11 10 0 0 11 9 8 6 8 0 5 12 0 15 13 12 0 7 0 20 29 0
P11769 2011 11 0 0 0 24 51 52 51 0 0 0 6 0 0 0 0 8 0 0 0 3 0 53 59 47 13 7 0 0 0 0 -999
P11769 2011 12 0 13 25 16 8 0 4 3 0 0 0 15 13 0 6 26 0 34 41 43 55 25 0 0 0 30 16 0 0 0 25
P11769 2012 1 49 0 0 1 0 0 0 0 0 1 0 0 1 0 0 0 5 0 0 0 7 5 2 2 2 3 0 0 11 15 0
P11769 2012 2 0 12 34 23 7 6 0 4 0 0 1 0 0 0 0 0 0 0 24 22 17 9 0 6 15 7 3 0 -999 -999 -999
P11769 2012 3 32 54 37 0 21 0 10 4 0 0 0 6 18 12 9 20 25 21 0 0 29 0 0 0 0 0 0 6 0 12 0
P11769 2012 4 0 10 3 0 0 0 35 28 0 7 0 0 24 59 42 26 32 27 0 16 0 0 0 30 52 46 0 0 32 30 -999
P11769 2012 5 0 22 0 15 8 0 12 15 24 0 16 21 24 31 29 21 0 15 0 10 0 0 13 10 31 33 22 0 0 0 0
P11769 2012 6 5 0 3 0 0 0 0 13 29 22 0 0 18 22 0 13 0 0 0 19 0 9 0 0 6 0 0 0 0 0 -999
P11769 2012 7 0 0 0 0 0 0 0 0 19 0 0 0 0 0 0 0 0 0 0 0 12 12 0 17 0 0 0 0 8 12 0
P11769 2012 8 11 7 0 0 0 0 0 0 0 0 0 0 0 0 0 11 0 0 0 6 0 7 7 0 0 0 11 0 0 0 0
P11769 2012 9 0 0 11 0 0 18 20 0 0 0 0 0 0 0 0 0 0 0 0 0 0 6 0 13 20 14 0 0 0 0 -999
P11769 2012 10 0 5 0 0 0 0 0 0 17 24 40 0 0 0 0 0 0 14 0 10 0 0 18 0 11 0 0 18 0 30 26
P11769 2012 11 23 49 44 22 9 13 0 0 0 25 37 9 0 0 0 0 0 27 50 43 0 0 0 6 0 9 10 0 25 24 -999
P11769 2012 12 0 0 0 12 0 32 37 29 0 0 11 6 15 52 37 38 34 26 13 0 8 21 7 13 11 6 4 0 0 13 45
P11769 2013 1 30 0 14 33 22 7 0 11 0 0 0 0 0 0 0 0 0 3 0 1 1 2 0 0 0 0 0 0 9 0 11
P11769 2013 2 0 0 0 0 0 4 3 0 9 0 2 0 18 60 35 0 15 32 55 41 33 40 34 55 0 10 1 1 -999 -999 -999
P11769 2013 3 6 11 0 0 0 6 0 0 23 0 68 0 49 22 0 22 0 0 22 23 0 32 35 16 0 16 19 0 36 37 65
P11769 2013 4 35 0 8 13 20 0 23 9 0 0 0 7 14 19 12 0 0 9 14 11 35 27 15 24 49 22 0 4 0 5 -999
P11769 2013 5 6 0 0 0 19 8 0 27 0 34 38 0 9 9 20 34 37 0 20 0 11 2 0 0 10 4 0 0 0 0 0
P11769 2013 6 0 20 24 19 0 0 0 31 0 0 33 29 22 19 0 0 0 0 0 0 0 0 9 10 15 0 42 28 25 0 -999
P11769 2013 7 14 12 0 0 0 27 0 0 0 0 0 0 0 9 0 0 0 0 0 10 0 0 0 14 0 0 0 0 0 0 0
P11769 2013 8 0 0 16 0 27 0 0 23 0 0 18 15 8 0 13 0 11 0 0 0 7 10 0 0 0 8 0 0 0 0 30
P11769 2013 9 22 18 0 0 0 0 0 7 10 0 14 0 0 0 0 0 7 11 16 15 0 0 0 0 0 0 0 5 0 0 -999
P11769 2013 10 0 0 9 0 0 0 0 0 0 12 16 11 0 0 0 13 0 20 11 0 0 6 0 0 3 0 0 0 6 0 0
P11769 2013 11 0 0 0 1 0 0 0 7 10 9 16 13 0 0 6 0 0 64 109 62 32 57 69 61 31 44 44 0 0 0 -999
P11769 2013 12 0 38 22 21 0 0 0 0 0 0 0 0 8 0 0 6 0 0 0 0 0 0 0 0 12 16 17 13 20 27 13
P11769 2014 1 16 7 0 8 16 0 9 0 0 6 9 11 13 10 19 13 0 0 0 0 0 2 0 0 0 0 26 34 63 57 29
P11769 2014 2 23 36 17 0 22 34 39 54 26 38 6 9 18 6 0 0 0 12 23 0 10 5 0 0 4 0 0 27 -999 -999 -999