precip	MIROC5	RCP60	REGRESION	decimas	1
P10246	40.449	-0.082	182	geo	2006	2100	-1
P10246 2006 1 0 13 20 0 0 0 7 0 0 0 0 0 37 0 0 10 0 0 24 0 0 0 12 0 0 1 0 20 0 25 14
P10246 2006 2 0 0 40 13 0 4 0 0 0 0 0 0 25 0 26 48 0 0 0 0 35 0 16 0 0 3 3 3 -999 -999 -999
P10246 2006 3 0 0 0 14 0 29 33 0 33 29 87 0 0 24 0 31 41 18 0 6 6 0 14 0 32 0 0 0 0 7 31
P10246 2006 4 0 0 0 12 22 10 0 85 73 7 0 0 0 0 0 0 0 18 0 31 0 0 0 0 0 0 86 83 71 0 -999
P10246 2006 5 32 0 16 16 10 23 0 21 0 0 0 0 0 29 0 0 0 19 0 0 0 0 0 0 0 0 0 0 0 0 0
P10246 2006 6 0 23 0 0 0 0 19 0 0 0 0 0 0 18 0 0 0 0 0 0 0 0 0 0 0 0 38 28 25 49 -999
P10246 2006 7 0 0 0 0 31 0 0 49 0 0 0 12 0 0 0 0 23 20 27 45 0 0 35 0 0 0 0 0 30 32 0
P10246 2006 8 40 0 0 0 0 0 56 0 29 33 33 42 57 0 19 25 0 0 0 0 0 0 0 0 0 0 0 0 0 27 27
P10246 2006 9 0 0 0 0 0 0 0 0 0 0 35 0 0 0 0 0 23 0 29 7 0 0 0 0 32 0 0 0 0 14 -999
P10246 2006 10 0 0 0 0 0 0 0 0 0 0 22 0 36 51 59 59 25 0 0 0 12 0 0 9 12 0 0 0 0 0 0
P10246 2006 11 0 0 0 0 0 0 0 0 0 0 0 0 0 0 0 0 0 0 0 0 0 23 21 76 32 20 5 9 0 0 -999
P10246 2006 12 0 0 0 0 0 16 21 26 0 37 48 60 0 0 0 0 0 0 0 0 0 27 40 37 6 15 0 0 0 0 0
P10246 2007 1 0 0 0 0 0 0 0 0 0 0 0 9 0 0 5 0 0 0 18 46 56 0 19 9 23 53 43 12 0 0 0
P10246 2007 2 8 0 0 8 10 0 0 65 90 0 42 25 33 0 0 12 0 0 34 0 0 43 53 100 0 20 0 23 -999 -999 -999
P10246 2007 3 17 0 22 0 44 0 26 0 0 14 11 31 72 28 0 0 0 3 8 0 11 31 0 30 0 0 0 0 0 0 0
P10246 2007 4 7 0 9 9 21 6 0 3 2 5 12 0 0 0 0 17 0 40 27 0 26 0 30 0 0 0 51 26 0 0 -999
P10246 2007 5 0 0 0 29 0 0 38 23 31 0 0 0 0 0 19 14 18 41 0 42 31 0 0 0 0 15 0 5 0 22 0
P10246 2007 6 63 53 36 34 0 0 109 36 0 0 0 32 0 0 55 69 43 19 0 0 36 0 49 0 23 24 0 0 0 0 -999
P10246 2007 7 0 0 0 75 35 0 23 0 0 0 37 0 30 0 0 0 0 0 66 0 0 35 0 37 35 31 30 0 0 0 0
P10246 2007 8 0 0 0 0 0 0 0 0 0 33 0 33 0 0 21 27 33 0 44 0 21 0 0 0 56 49 27 0 0 39 0
P10246 2007 9 0 5 0 0 0 7 0 0 18 0 0 0 0 0 0 0 0 0 0 0 0 0 0 24 0 0 0 0 0 0 -999
P10246 2007 10 0 10 0 0 0 9 9 0 18 39 0 0 41 0 0 0 0 28 0 0 0 41 13 0 0 0 0 0 0 0 0
P10246 2007 11 1 0 0 0 0 8 0 0 11 0 0 30 0 0 0 0 0 0 0 0 0 10 0 0 5 0 14 29 0 49 -999
P10246 2007 12 37 15 18 0 70 73 55 18 0 0 0 0 2 0 0 0 15 34 33 26 0 0 0 0 0 3 0 0 0 2 0
P10246 2008 1 0 0 0 0 0 0 0 27 73 60 0 48 0 17 0 24 0 3 5 7 0 0 0 0 0 9 0 0 0 8 0
P10246 2008 2 15 0 0 0 0 0 0 10 0 47 26 0 0 3 0 0 11 25 71 0 0 0 19 75 70 49 60 79 -999 -999 -999
P10246 2008 3 137 46 11 0 14 0 0 0 0 0 0 0 0 0 0 0 0 0 0 0 0 0 0 0 0 0 4 0 0 0 0
P10246 2008 4 0 0 0 31 77 0 4 0 0 0 0 16 0 44 52 44 29 36 37 0 12 0 0 0 0 0 4 11 0 61 -999
P10246 2008 5 0 0 0 0 0 68 55 18 9 0 38 0 17 25 14 0 0 0 26 0 0 30 0 0 0 0 0 0 0 17 27
P10246 2008 6 32 15 15 0 0 36 0 0 20 0 0 0 0 0 12 0 0 0 0 0 0 0 41 0 0 0 0 0 0 0 -999
P10246 2008 7 0 0 0 0 28 0 0 0 0 0 50 0 39 73 0 0 0 0 0 0 0 0 0 0 0 0 0 0 0 0 47
P10246 2008 8 39 0 0 0 0 0 45 0 32 0 0 13 0 0 0 0 0 27 0 0 0 0 22 0 0 42 28 0 14 0 0
P10246 2008 9 0 8 0 32 0 31 0 0 0 0 48 0 0 18 0 0 27 0 0 0 0 17 0 28 0 0 0 0 19 19 -999
P10246 2008 10 11 0 8 0 0 0 0 25 0 0 0 0 0 0 29 0 0 0 0 30 0 0 20 0 0 0 14 0 32 0 18
P10246 2008 11 0 37 33 44 0 17 0 0 22 16 0 0 0 0 0 0 0 0 0 0 0 0 0 0 0 0 0 0 0 7 -999
P10246 2008 12 0 0 0 0 12 0 61 45 24 0 21 12 0 0 22 0 0 0 0 0 0 0 0 0 0 0 0 0 0 0 0
P10246 2009 1 13 0 0 0 0 0 0 0 0 0 21 21 0 10 0 9 0 0 0 0 0 0 0 0 0 13 0 0 0 0 6
P10246 2009 2 0 9 0 0 38 17 0 0 0 3 0 0 0 9 0 7 0 0 0 1 0 0 0 21 16 0 0 0 -999 -999 -999
P10246 2009 3 27 67 42 23 0 0 2 10 35 54 30 0 0 0 41 0 0 0 0 2 4 0 0 0 12 0 18 37 0 0 0
P10246 2009 4 0 71 0 26 0 50 57 0 0 0 0 36 48 0 0 43 0 0 0 25 61 72 0 0 0 0 0 0 0 0 -999
P10246 2009 5 0 39 0 0 47 0 0 12 16 34 40 10 3 0 0 0 0 25 42 0 105 78 0 0 0 0 18 0 25 30 25
P10246 2009 6 0 0 0 0 0 42 32 0 17 18 19 0 0 0 0 0 0 30 0 0 0 0 39 27 0 0 0 0 0 0 -999
P10246 2009 7 45 0 0 0 55 43 52 41 0 72 63 0 0 0 0 25 0 0 33 33 38 26 0 0 0 40 38 0 0 28 54
P10246 2009 8 0 0 0 0 0 31 43 35 28 0 40 0 0 0 0 0 0 0 0 17 0 0 54 0 0 0 0 0 0 0 40
P10246 2009 9 57 0 0 0 0 0 0 0 0 31 0 30 0 0 31 40 0 0 0 0 0 63 0 22 0 0 16 0 0 0 -999
P10246 2009 10 0 33 0 42 0 0 9 12 0 0 0 24 15 0 15 29 0 48 0 24 0 0 0 4 10 0 0 11 0 0 0
P10246 2009 11 0 0 0 0 0 0 0 18 0 0 4 0 0 0 0 0 14 0 5 6 0 0 0 8 0 43 0 12 8 0 -999
P10246 2009 12 0 0 0 3 0 0 0 26 0 0 18 0 0 0 0 0 0 0 32 0 0 0 0 0 0 0 0 16 0 0 0
P10246 2010 1 0 0 27 0 13 0 0 13 0 0 18 0 18 17 9 16 0 0 0 0 0 12 0 0 0 15 0 0 0 0 27
P10246 2010 2 0 10 10 0 7 0 33 29 12 0 14 0 8 0 8 0 0 0 0 0 0 3 7 0 0 0 6 0 -999 -999 -999
P10246 2010 3 0 1 0 7 0 22 68 73 0 0 0 0 6 0 0 0 8 0 23 103 95 0 6 0 0 0 0 0 0 0 6
P10246 2010 4 0 0 0 0 28 0 0 0 39 0 47 60 51 0 0 58 0 31 0 0 40 44 0 0 0 36 12 0 30 44 -999
P10246 2010 5 0 0 24 48 48 36 23 21 0 26 54 80 33 26 0 32 37 0 10 16 0 22 0 20 0 71 34 0 24 0 0
P10246 2010 6 0 26 32 0 21 22 0 0 0 0 0 70 108 0 37 44 0 0 16 0 0 0 0 19 0 40 43 49 0 0 -999
P10246 2010 7 0 0 14 0 0 32 0 0 44 38 40 30 0 16 0 0 0 0 0 0 0 0 35 49 0 22 0 25 32 0 0
P10246 2010 8 0 0 0 43 0 24 29 0 0 0 0 0 0 0 45 44 0 40 0 0 0 0 23 0 0 21 0 0 0 0 0
P10246 2010 9 0 0 0 19 0 0 0 23 0 74 0 23 54 34 0 0 0 0 0 0 0 23 0 0 0 33 23 0 0 0 -999
P10246 2010 10 0 0 10 0 0 0 0 0 0 0 0 0 0 0 8 0 0 0 0 15 34 0 0 0 3 0 5 1 0 0 0
P10246 2010 11 0 0 0 0 0 0 0 0 0 0 0 0 0 0 0 0 0 0 0 0 0 0 0 0 0 11 0 3 0 0 -999
P10246 2010 12 26 17 0 0 20 0 6 0 13 7 0 5 11 41 30 3 0 0 0 9 6 3 0 0 8 0 0 0 0 0 1
P10246 2011 1 0 0 0 0 0 0 0 11 15 0 0 0 13 0 0 0 0 0 0 0 0 0 0 0 0 0 0 0 0 0 0
P10246 2011 2 0 0 0 0 0 9 0 0 0 0 0 0 0 0 0 0 3 0 0 8 15 0 0 10 0 0 18 0 -999 -999 -999
P10246 2011 3 50 29 52 61 0 29 11 0 3 9 18 25 27 23 28 45 56 12 0 8 0 25 0 0 0 9 25 0 0 0 24
P10246 2011 4 0 45 0 36 0 0 0 0 33 0 27 34 41 0 0 0 61 62 0 38 40 0 0 0 0 0 0 0 0 26 -999
P10246 2011 5 0 0 0 14 19 0 0 27 0 61 0 0 27 27 26 22 17 0 16 36 0 47 0 0 0 0 0 36 0 55 0
P10246 2011 6 0 0 0 8 0 0 15 18 0 0 63 46 60 63 45 0 17 0 16 0 34 0 42 47 44 0 45 28 23 28 -999
P10246 2011 7 0 0 0 0 0 0 24 0 0 0 0 22 0 38 29 0 0 0 20 0 59 23 0 21 0 0 0 0 0 0 0
P10246 2011 8 21 0 0 0 0 0 0 0 0 20 0 17 0 0 0 0 18 0 0 28 0 35 37 0 28 0 7 0 0 0 46
P10246 2011 9 57 0 0 22 0 26 0 13 34 0 0 0 0 0 9 0 4 0 0 0 19 0 0 25 0 0 0 0 11 23 -999
P10246 2011 10 27 0 33 0 42 0 0 0 0 0 0 0 0 0 13 0 0 0 0 0 0 0 0 0 20 0 0 0 32 45 84
P10246 2011 11 25 0 0 1 0 19 104 0 36 0 12 0 105 0 0 17 0 0 0 0 5 38 39 52 60 0 0 0 15 0 -999
P10246 2011 12 0 0 0 91 27 9 0 0 0 0 0 0 0 2 0 0 0 0 0 0 0 0 11 8 8 15 0 0 0 0 1
P10246 2012 1 0 23 5 0 0 0 0 0 0 3 13 11 0 0 0 0 0 0 0 0 0 0 0 11 28 0 0 0 0 0 6
P10246 2012 2 0 8 49 33 0 0 0 0 0 0 0 0 0 0 0 0 0 10 0 0 36 23 0 0 11 38 0 5 -999 -999 -999
P10246 2012 3 10 18 61 128 46 0 0 3 0 6 0 3 0 0 0 0 36 37 31 0 47 33 24 0 19 0 0 0 0 0 0
P10246 2012 4 0 0 25 0 0 0 0 9 0 18 0 0 49 52 21 19 0 0 34 25 0 0 0 37 0 41 65 0 0 22 -999
P10246 2012 5 0 51 79 0 19 23 93 86 35 0 0 0 28 27 17 18 13 14 15 0 0 0 24 23 37 0 0 18 10 0 0
P10246 2012 6 0 0 0 0 0 0 0 40 58 39 39 40 35 0 0 0 0 0 0 0 0 31 0 0 16 0 0 22 35 0 -999
P10246 2012 7 0 0 0 0 46 43 50 0 0 40 29 26 0 0 0 0 65 109 0 0 31 0 0 0 46 0 0 14 0 0 45
P10246 2012 8 31 25 0 38 35 34 0 20 0 0 0 0 16 0 25 0 42 0 0 0 0 0 0 0 0 0 0 0 29 0 0
P10246 2012 9 0 0 18 0 0 0 0 0 20 16 0 0 37 0 0 0 21 0 0 0 0 0 6 0 0 0 27 30 38 49 -999
P10246 2012 10 0 0 17 0 0 0 0 0 23 0 56 13 0 0 0 0 0 0 0 8 0 32 29 0 0 0 23 0 4 0 0
P10246 2012 11 0 4 27 48 4 0 0 0 0 0 0 31 0 0 0 0 0 15 0 0 13 0 0 0 0 2 0 0 23 30 -999
P10246 2012 12 0 0 27 0 23 0 0 0 0 0 0 0 0 0 8 21 16 28 0 0 0 0 0 0 0 0 1 0 0 0 29
P10246 2013 1 0 19 15 9 0 0 0 0 2 0 0 0 0 0 0 0 2 2 6 0 0 0 0 0 0 0 0 0 0 0 4
P10246 2013 2 0 0 0 0 4 0 0 0 0 0 0 0 0 0 0 0 9 0 0 8 12 12 0 0 0 0 8 0 -999 -999 -999
P10246 2013 3 0 0 9 0 0 0 0 0 52 33 34 0 0 20 0 0 0 0 0 0 21 51 45 0 25 27 0 0 0 57 56
P10246 2013 4 108 89 18 0 0 0 0 0 2 0 0 0 0 0 0 0 25 0 22 0 0 17 0 21 0 0 0 0 0 0 -999
P10246 2013 5 0 0 0 0 0 0 25 64 0 25 0 18 16 0 0 62 0 16 0 28 11 3 0 0 0 0 0 18 0 0 0
P10246 2013 6 49 50 0 20 0 0 0 0 73 38 19 0 35 34 0 0 15 0 0 0 0 18 22 0 0 0 139 45 40 35 -999
P10246 2013 7 0 0 0 0 0 0 51 0 0 0 0 0 39 0 25 0 0 0 0 0 31 0 0 39 38 0 0 0 0 44 0
P10246 2013 8 32 0 0 0 52 0 0 0 22 0 0 0 10 0 24 61 24 0 0 0 0 0 35 48 0 0 0 0 0 25 37
P10246 2013 9 0 0 43 16 0 0 16 20 0 0 0 38 22 0 0 0 23 27 35 0 52 0 0 30 22 0 0 0 0 0 -999
P10246 2013 10 0 25 0 0 0 0 0 0 17 26 0 0 0 0 25 0 23 37 0 0 7 0 4 0 13 0 13 0 0 0 0
P10246 2013 11 0 5 0 0 11 7 0 11 0 0 29 0 14 4 0 0 0 0 64 53 0 6 15 22 33 0 0 0 0 1 -999
P10246 2013 12 0 0 0 0 0 0 0 0 17 15 0 0 0 0 0 0 0 0 0 0 0 10 0 0 0 0 0 0 23 31 0
P10246 2014 1 0 0 0 0 0 0 0 0 0 0 0 0 0 0 0 0 0 0 0 10 0 9 0 0 16 0 0 40 135 41 0
P10246 2014 2 0 13 14 0 0 0 0 28 0 0 4 0 0 0 0 0 0 0 0 0 0 6 0 0 14 0 0 0 -999 -999 -999