precip	MIROC5	RCP60	REGRESION	decimas	1
P13470	41.643	-2.320	182	geo	2006	2100	-1
P13470 2006 1 0 0 0 0 6 0 0 0 0 0 12 38 93 50 21 0 0 47 34 15 0 6 13 0 0 0 0 13 21 23 0
P13470 2006 2 6 0 26 12 0 0 0 0 0 0 4 11 22 27 0 24 16 0 14 26 22 14 0 11 0 0 0 10 -999 -999 -999
P13470 2006 3 22 36 45 58 58 53 60 59 0 0 36 0 25 22 23 35 58 60 46 24 35 0 26 22 24 23 0 29 0 30 47
P13470 2006 4 24 23 0 32 0 15 12 24 0 0 0 0 0 0 9 0 0 0 12 0 0 0 0 11 0 0 33 39 35 28 -999
P13470 2006 5 25 26 0 0 25 37 0 14 10 0 9 14 24 0 22 14 0 20 18 0 0 0 0 0 0 0 0 15 21 20 0
P13470 2006 6 0 0 0 0 0 12 0 0 0 0 13 19 21 0 0 18 18 0 15 13 0 0 0 14 16 0 18 21 19 25 -999
P13470 2006 7 0 24 0 0 0 0 27 0 0 0 0 0 0 0 28 0 0 0 0 0 0 0 0 0 0 0 0 13 0 0 34
P13470 2006 8 0 0 0 0 0 0 0 0 0 0 0 0 13 18 0 16 0 11 0 0 0 0 0 0 21 0 0 0 0 0 27
P13470 2006 9 0 0 0 17 0 0 0 0 0 0 15 7 0 0 11 0 0 39 21 0 0 0 23 0 21 0 0 10 0 0 -999
P13470 2006 10 0 0 0 0 0 0 0 0 0 0 0 0 18 20 21 0 0 0 9 12 0 17 0 0 0 19 0 0 17 8 0
P13470 2006 11 16 0 0 0 0 0 19 20 0 0 0 0 0 0 0 0 0 0 0 0 19 20 0 28 16 9 0 0 3 0 -999
P13470 2006 12 0 0 0 0 0 6 14 0 18 14 0 16 21 19 26 43 22 0 0 6 0 23 43 37 0 27 18 0 0 18 0
P13470 2007 1 10 12 0 0 0 0 0 0 0 0 0 0 0 0 0 0 0 4 0 14 0 0 7 13 19 18 12 19 23 16 0
P13470 2007 2 0 10 20 24 13 0 19 40 92 75 28 0 14 0 0 0 11 0 0 17 0 18 23 0 15 0 0 24 -999 -999 -999
P13470 2007 3 0 15 0 19 26 24 14 11 11 7 0 0 43 0 35 16 17 13 0 19 0 23 13 0 0 0 0 0 0 0 0
P13470 2007 4 0 0 0 0 16 17 8 0 2 0 9 0 37 22 0 0 0 30 36 27 25 27 29 30 18 18 0 0 3 0 -999
P13470 2007 5 0 0 0 0 0 29 0 0 13 0 21 0 33 0 0 0 17 23 29 0 0 0 0 0 9 0 0 0 0 0 18
P13470 2007 6 22 19 0 0 19 0 0 11 0 0 0 0 0 22 0 0 0 0 0 0 0 0 0 0 13 16 0 26 29 28 -999
P13470 2007 7 0 0 0 0 27 0 25 0 19 37 36 0 0 0 0 0 33 31 0 28 0 0 0 0 0 0 0 31 0 0 0
P13470 2007 8 19 0 20 0 0 0 0 0 0 0 0 0 33 0 0 0 0 0 0 24 0 0 0 0 14 18 20 22 0 0 0
P13470 2007 9 0 0 5 0 0 0 0 0 0 0 0 0 13 15 0 0 10 0 0 6 0 0 10 13 0 11 0 0 0 0 -999
P13470 2007 10 0 0 0 0 0 0 0 0 0 19 0 23 32 33 0 10 0 24 0 0 13 30 0 0 16 10 23 0 0 0 11
P13470 2007 11 0 7 13 0 0 0 0 6 0 13 16 0 15 17 0 0 0 0 0 0 0 0 0 10 0 0 0 11 13 0 -999
P13470 2007 12 0 0 0 14 0 0 0 0 0 0 0 0 3 0 0 0 12 13 0 5 0 3 0 0 9 0 10 0 0 5 8
P13470 2008 1 15 18 28 31 0 0 0 0 0 0 0 7 0 12 0 11 9 4 11 18 35 39 0 12 0 0 44 30 21 30 36
P13470 2008 2 63 33 36 28 19 27 24 40 21 26 36 0 10 0 0 0 17 37 33 0 12 9 9 0 0 25 25 25 -999 -999 -999
P13470 2008 3 0 0 0 0 0 0 0 0 0 0 0 0 0 0 0 0 0 0 0 0 0 0 0 0 0 0 0 0 0 0 0
P13470 2008 4 0 5 11 16 0 12 5 3 2 0 0 0 14 17 0 29 28 21 12 0 0 0 0 0 0 4 0 6 14 18 -999
P13470 2008 5 15 0 0 8 16 0 0 10 0 24 38 20 0 30 22 21 0 0 18 32 0 24 30 0 0 14 13 9 0 15 0
P13470 2008 6 0 0 0 0 14 17 14 0 16 23 25 0 0 31 0 0 0 0 0 0 0 0 0 0 0 11 0 0 24 0 -999
P13470 2008 7 0 5 0 11 0 15 0 0 0 27 0 0 19 0 23 0 21 0 0 0 0 0 0 0 0 0 0 0 0 0 0
P13470 2008 8 0 29 0 0 0 0 0 0 0 0 0 12 20 20 0 13 0 0 9 0 0 0 0 0 0 0 21 12 11 0 0
P13470 2008 9 0 0 0 0 0 11 10 0 13 16 0 0 16 0 0 0 0 0 17 0 13 12 15 18 0 21 0 0 35 29 -999
P13470 2008 10 0 0 0 15 0 0 0 23 11 0 29 36 27 0 0 0 0 0 0 0 0 0 0 0 18 28 0 0 23 16 12
P13470 2008 11 19 12 25 16 0 0 0 7 11 11 0 0 0 0 0 0 0 0 0 7 0 0 0 0 0 1 0 0 0 0 -999
P13470 2008 12 0 0 0 1 0 0 0 4 9 20 22 9 0 0 0 3 0 7 0 3 3 0 0 6 12 0 15 11 0 0 0
P13470 2009 1 0 0 0 0 0 10 5 0 6 7 6 12 0 11 10 6 0 0 0 0 1 2 0 0 0 0 0 0 0 0 0
P13470 2009 2 0 10 10 11 9 0 0 0 2 0 0 3 5 3 0 0 0 0 0 0 4 0 0 0 4 0 7 24 -999 -999 -999
P13470 2009 3 40 38 0 0 12 12 0 24 38 22 0 0 8 15 33 28 33 29 21 18 6 0 0 0 0 42 0 47 40 36 22
P13470 2009 4 0 31 29 16 20 36 0 0 0 0 12 24 31 22 24 18 10 9 0 20 0 13 0 0 0 0 8 0 0 43 -999
P13470 2009 5 39 30 0 22 21 27 0 14 0 25 0 13 0 0 0 0 0 0 17 0 0 0 0 0 0 0 0 0 0 0 14
P13470 2009 6 14 0 0 0 20 21 22 14 0 0 10 0 9 0 22 0 0 0 0 6 0 11 0 0 0 0 0 12 0 0 -999
P13470 2009 7 0 18 0 0 0 23 0 0 20 0 0 0 0 0 0 0 0 11 0 16 23 0 0 0 0 0 13 0 0 0 25
P13470 2009 8 0 0 0 0 0 0 15 0 0 26 0 0 14 17 0 0 0 0 0 0 0 0 0 23 0 0 0 15 0 23 20
P13470 2009 9 25 25 0 0 0 0 0 0 0 18 32 0 0 0 0 0 0 0 0 0 0 0 0 0 10 0 0 0 0 0 -999
P13470 2009 10 0 0 6 0 0 0 0 0 6 0 0 14 12 0 13 0 20 0 0 0 14 0 0 0 0 0 0 0 0 0 0
P13470 2009 11 0 0 0 0 0 0 0 0 0 0 3 0 0 0 0 0 0 0 10 17 13 0 19 17 0 0 0 12 0 20 -999
P13470 2009 12 0 14 25 0 28 38 44 24 0 31 33 12 0 0 8 9 0 0 23 17 0 10 12 0 0 21 27 0 17 0 8
P13470 2010 1 0 0 18 35 36 16 0 7 0 11 0 0 0 8 0 0 0 0 0 10 0 0 2 0 0 0 0 0 0 0 0
P13470 2010 2 0 0 0 5 0 22 0 0 5 0 0 0 0 0 0 0 3 0 0 0 5 10 0 14 0 0 0 5 -999 -999 -999
P13470 2010 3 3 0 0 7 10 14 17 16 20 22 18 9 0 7 0 4 6 16 35 34 15 0 0 0 0 0 0 3 0 5 0
P13470 2010 4 0 0 0 0 0 13 17 0 29 31 25 23 26 26 33 36 0 0 0 13 21 0 0 0 28 0 0 12 0 0 -999
P13470 2010 5 0 12 0 25 21 0 0 0 9 11 0 18 0 0 0 0 0 17 14 0 8 12 0 12 0 0 33 0 0 17 0
P13470 2010 6 0 0 0 18 0 0 0 0 0 0 0 0 19 19 19 0 0 0 0 0 0 0 0 0 13 0 0 0 0 0 -999
P13470 2010 7 24 31 0 0 0 0 0 16 0 0 19 0 0 0 0 22 0 0 7 0 0 0 0 0 18 0 0 0 11 15 0
P13470 2010 8 0 0 0 14 0 12 15 0 0 0 25 0 0 16 19 20 0 0 0 0 0 0 14 0 0 20 0 0 0 9 0
P13470 2010 9 0 0 25 0 0 0 0 0 0 29 19 24 0 0 0 13 0 14 0 16 0 0 0 0 0 20 0 8 0 0 -999
P13470 2010 10 0 0 0 0 0 0 0 17 0 30 0 19 32 34 0 16 12 12 19 15 0 0 0 0 10 0 0 0 16 15 8
P13470 2010 11 9 0 11 0 0 5 0 0 0 4 0 0 0 0 8 0 12 9 8 0 0 0 0 0 4 5 0 0 0 0 -999
P13470 2010 12 0 0 0 0 12 12 0 5 0 8 0 7 19 0 12 0 0 0 0 0 0 0 0 0 0 0 0 0 3 0 0
P13470 2011 1 0 0 5 0 9 0 0 0 2 0 0 0 0 0 0 4 1 0 0 0 11 16 39 19 13 0 9 0 3 0 0
P13470 2011 2 0 0 0 15 0 15 0 0 4 0 0 0 0 8 0 0 0 0 0 0 0 16 0 8 0 0 0 20 -999 -999 -999
P13470 2011 3 26 16 10 0 9 11 0 4 0 10 0 18 0 0 0 0 0 30 19 23 24 28 39 71 43 14 0 0 18 0 8
P13470 2011 4 0 0 14 0 13 12 0 0 16 0 20 0 0 0 0 10 0 26 22 0 22 16 0 0 0 0 0 0 0 0 -999
P13470 2011 5 0 14 14 0 0 0 0 0 0 27 14 0 13 0 0 0 10 8 0 0 0 0 0 16 25 0 0 29 0 0 20
P13470 2011 6 14 0 0 0 9 0 9 0 0 14 0 0 0 0 18 16 7 0 0 0 0 21 0 0 0 24 27 21 17 0 -999
P13470 2011 7 0 11 0 0 0 17 0 8 0 0 0 0 0 24 0 0 0 11 0 0 0 27 0 0 0 0 0 0 20 0 0
P13470 2011 8 0 0 0 0 0 0 0 0 0 0 0 0 0 0 0 0 13 0 0 21 0 0 0 0 11 0 0 0 0 0 0
P13470 2011 9 0 10 0 16 0 0 0 0 0 42 0 0 0 6 0 0 0 0 0 0 0 0 0 0 7 0 0 0 0 16 -999
P13470 2011 10 0 0 0 0 0 0 0 8 0 12 12 0 0 13 12 0 8 0 0 0 0 0 0 12 0 0 0 0 0 24 0
P13470 2011 11 0 9 14 24 42 42 43 22 0 0 0 6 9 0 0 0 0 13 0 0 8 41 48 37 13 0 0 0 0 0 -999
P13470 2011 12 0 11 20 17 9 0 0 0 4 0 0 0 14 5 5 21 33 0 35 33 43 22 18 13 0 24 0 14 15 0 0
P13470 2012 1 38 24 0 1 0 0 0 0 0 0 0 0 0 0 0 3 0 0 5 0 0 0 0 0 0 3 0 8 9 14 6
P13470 2012 2 0 0 0 17 0 0 3 0 0 0 0 0 0 0 0 0 0 0 0 0 15 6 0 0 0 0 3 13 -999 -999 -999
P13470 2012 3 0 41 27 21 17 14 10 0 0 0 0 0 16 12 0 17 25 22 0 27 0 20 0 14 0 5 0 0 0 0 0
P13470 2012 4 0 0 6 0 2 0 32 0 0 8 6 0 23 48 38 0 29 22 16 14 12 0 0 27 0 0 0 28 27 28 -999
P13470 2012 5 0 0 0 15 0 0 12 15 24 0 19 23 25 31 30 22 0 17 14 0 0 17 17 14 30 34 23 0 11 0 0
P13470 2012 6 6 0 0 0 0 0 0 0 29 25 0 17 0 21 0 0 0 0 0 22 0 13 0 0 0 0 0 0 0 0 -999
P13470 2012 7 0 0 0 0 16 0 0 0 0 0 0 0 0 17 14 0 0 0 0 0 0 15 0 0 26 0 0 11 0 16 18
P13470 2012 8 0 0 0 13 0 0 0 0 0 0 0 0 0 14 0 0 0 0 0 8 8 0 0 0 0 0 0 12 0 0 0
P13470 2012 9 10 0 18 0 17 0 24 0 0 0 0 0 0 0 0 0 0 0 0 0 0 0 0 19 0 0 17 18 19 13 -999
P13470 2012 10 0 0 0 0 5 0 4 0 0 0 34 0 0 0 0 0 16 15 17 14 18 30 22 0 11 15 21 0 13 0 26
P13470 2012 11 22 42 38 0 0 14 0 0 9 0 32 0 0 0 0 0 0 27 44 35 0 0 0 6 6 8 0 16 23 23 -999
P13470 2012 12 0 0 0 0 8 18 28 26 0 0 11 0 0 35 34 33 29 23 12 0 8 0 7 10 0 6 0 0 0 0 0
P13470 2013 1 23 11 10 22 21 7 0 0 0 4 6 5 0 0 0 0 0 0 0 0 0 0 0 0 0 0 0 0 9 16 11
P13470 2013 2 0 0 0 0 3 0 0 6 0 5 0 0 13 47 30 0 11 22 41 0 30 33 30 46 19 10 0 0 -999 -999 -999
P13470 2013 3 0 0 6 0 0 0 0 22 0 27 50 46 42 22 0 20 28 0 22 21 15 23 28 0 0 16 0 0 33 35 53
P13470 2013 4 32 0 0 0 0 20 23 0 0 0 0 0 0 0 0 20 0 0 0 0 32 0 18 23 43 0 0 0 6 0 -999
P13470 2013 5 0 0 0 0 0 0 0 22 0 35 36 25 0 0 0 0 0 0 0 17 0 3 0 0 0 0 0 0 0 9 0
P13470 2013 6 0 21 27 23 21 20 0 0 0 40 34 31 26 0 0 0 0 0 0 11 0 0 0 0 22 0 0 30 0 25 -999
P13470 2013 7 0 0 0 0 23 34 39 0 0 0 11 0 0 0 0 0 31 0 0 0 0 0 0 0 0 0 0 0 0 18 0
P13470 2013 8 0 0 21 0 0 0 0 0 24 0 0 0 0 0 0 0 17 0 0 0 0 0 19 0 0 0 0 0 31 25 0
P13470 2013 9 0 20 19 0 0 0 0 11 0 0 0 0 9 0 0 0 0 14 0 0 0 16 13 0 0 3 0 0 0 0 -999
P13470 2013 10 0 0 0 0 3 0 0 0 8 12 14 0 0 0 0 15 0 21 13 0 0 0 7 0 0 8 0 0 0 0 0
P13470 2013 11 0 0 0 0 0 0 0 0 9 11 13 11 0 0 8 0 9 49 85 56 0 43 51 51 30 37 0 26 12 9 -999
P13470 2013 12 0 32 20 0 0 0 0 0 0 0 0 6 0 0 0 0 5 2 0 0 0 7 0 0 0 13 13 10 0 21 13
P13470 2014 1 13 0 0 8 0 13 9 15 13 0 8 11 0 10 0 0 0 0 0 0 0 0 0 0 0 14 0 27 54 49 25
P13470 2014 2 19 27 0 19 19 29 0 43 21 32 0 7 0 0 0 0 0 0 0 0 0 0 0 6 0 0 0 0 -999 -999 -999