precip	MIROC5	RCP60	REGRESION	decimas	1
P14181	41.729	0.369	182	geo	2006	2100	-1
P14181 2006 1 0 0 9 0 6 9 0 0 0 0 0 0 41 41 0 17 15 16 0 12 5 0 0 0 0 0 0 10 0 0 0
P14181 2006 2 0 0 0 0 0 0 0 0 0 1 0 0 0 0 25 30 0 3 0 0 25 0 14 0 3 2 0 0 -999 -999 -999
P14181 2006 3 0 16 0 25 0 27 34 44 34 18 35 40 26 0 0 0 30 0 21 12 0 0 15 11 0 11 0 13 28 12 0
P14181 2006 4 19 0 0 0 0 0 0 35 27 0 0 0 0 0 0 0 13 0 0 0 0 0 0 0 0 19 35 52 42 26 -999
P14181 2006 5 0 20 0 0 13 0 18 10 0 0 5 0 14 28 0 12 0 0 9 10 0 0 0 0 0 0 0 0 14 0 0
P14181 2006 6 0 0 0 0 0 0 0 0 0 0 17 22 0 0 14 15 0 21 0 10 0 10 0 12 15 0 15 0 0 0 -999
P14181 2006 7 30 23 0 0 15 0 0 0 0 0 0 8 0 0 0 0 0 0 0 0 0 0 0 0 0 0 23 0 16 18 23
P14181 2006 8 0 0 0 0 0 0 26 0 0 12 0 0 21 0 0 0 0 0 0 0 18 0 0 13 0 0 0 0 0 0 0
P14181 2006 9 0 0 15 0 16 0 11 0 0 23 0 0 5 0 0 13 0 0 0 6 0 0 0 0 30 0 0 0 0 0 -999
P14181 2006 10 0 0 0 0 0 0 0 0 0 0 0 16 0 0 22 0 0 0 0 6 0 0 0 5 0 0 0 0 5 0 0
P14181 2006 11 0 0 0 0 0 10 0 14 0 7 0 0 0 0 0 0 0 3 0 0 13 24 15 32 0 9 0 0 0 0 -999
P14181 2006 12 0 0 0 0 0 0 0 0 18 0 0 0 30 21 0 19 0 0 0 0 0 14 26 38 0 0 9 0 0 0 6
P14181 2007 1 0 0 0 0 0 0 0 0 0 0 0 0 0 0 0 0 0 0 0 0 0 0 7 0 19 26 24 0 0 11 0
P14181 2007 2 0 0 8 15 12 13 13 31 65 47 26 17 0 0 10 0 0 14 0 0 20 18 20 30 0 0 0 0 -999 -999 -999
P14181 2007 3 0 0 0 0 21 17 0 0 0 0 0 25 43 25 20 12 7 0 0 0 9 17 16 0 0 0 0 0 0 0 0
P14181 2007 4 0 0 0 0 0 0 0 0 0 0 0 0 26 0 0 8 0 0 0 0 21 0 0 21 0 21 23 0 0 0 -999
P14181 2007 5 0 0 0 0 20 21 0 11 0 15 14 0 41 42 24 14 12 20 24 23 15 4 0 0 0 0 0 0 0 0 16
P14181 2007 6 27 25 17 0 0 24 35 0 0 0 0 0 27 0 0 0 16 0 0 0 0 0 0 19 0 0 20 0 28 30 -999
P14181 2007 7 27 0 26 0 0 17 0 0 0 25 0 30 0 13 0 0 32 0 0 27 0 24 0 0 0 0 21 29 0 0 0
P14181 2007 8 0 0 0 0 0 0 0 0 0 0 0 0 0 25 0 0 0 0 0 22 0 0 0 0 0 0 17 0 0 19 0
P14181 2007 9 0 0 0 0 0 0 0 0 0 0 0 0 0 0 0 24 11 0 0 0 0 10 0 0 0 0 0 0 0 0 -999
P14181 2007 10 0 0 0 10 0 0 0 0 0 0 22 0 25 0 0 0 0 0 14 0 9 24 0 0 0 0 0 12 0 0 0
P14181 2007 11 0 0 8 0 0 0 6 0 0 0 13 19 0 7 0 0 0 0 0 0 0 8 8 0 0 0 0 13 0 0 -999
P14181 2007 12 17 0 10 21 30 32 0 0 0 0 0 1 0 0 0 0 0 0 0 0 0 0 0 0 0 0 3 0 0 0 0
P14181 2008 1 0 6 20 21 15 0 0 0 0 16 0 0 9 0 0 0 0 0 0 0 12 13 12 6 6 0 14 0 0 0 16
P14181 2008 2 26 17 0 17 0 9 0 16 15 25 25 22 0 4 0 14 0 0 51 14 0 6 0 0 38 40 0 0 -999 -999 -999
P14181 2008 3 65 0 0 5 6 0 0 0 0 4 0 0 8 11 0 0 0 0 0 0 0 6 4 0 0 0 0 0 0 3 0
P14181 2008 4 0 0 0 0 21 0 0 0 0 0 0 0 0 0 22 0 0 17 0 0 6 0 5 0 0 0 0 0 0 23 -999
P14181 2008 5 17 13 0 0 14 32 0 13 0 0 25 0 0 0 14 0 0 0 15 25 29 0 0 0 0 14 0 0 0 0 0
P14181 2008 6 0 0 0 0 0 0 11 0 0 0 21 0 22 23 0 10 8 0 0 0 0 0 0 0 0 0 0 0 0 0 -999
P14181 2008 7 0 0 0 0 0 0 0 0 29 27 0 0 0 0 0 0 0 0 12 0 0 0 0 15 0 0 0 0 0 16 0
P14181 2008 8 0 33 27 0 0 0 20 0 0 25 22 0 0 0 0 0 0 21 12 5 0 0 0 0 0 0 0 13 12 0 0
P14181 2008 9 0 0 0 0 0 0 0 12 0 0 0 20 13 0 0 0 12 11 14 14 0 0 0 14 0 16 0 9 19 0 -999
P14181 2008 10 14 0 0 0 0 0 13 17 5 0 0 25 19 21 12 0 0 0 11 0 0 0 0 0 0 13 23 12 0 0 0
P14181 2008 11 14 0 0 0 9 0 0 6 0 0 0 15 0 0 0 0 0 0 2 0 0 0 0 0 0 0 0 0 0 0 -999
P14181 2008 12 0 0 0 0 3 0 0 0 9 11 19 0 0 10 0 0 0 0 0 0 0 0 0 3 3 4 0 0 0 0 0
P14181 2009 1 0 0 0 0 0 0 0 0 5 0 0 16 0 10 0 0 0 0 0 0 0 0 0 0 0 0 0 0 0 0 0
P14181 2009 2 0 0 5 0 0 0 0 0 0 0 0 0 0 0 0 0 0 0 0 0 0 0 0 0 0 0 3 12 -999 -999 -999
P14181 2009 3 24 39 26 15 4 5 0 12 0 29 0 11 0 9 27 0 7 0 4 0 0 0 0 0 0 27 20 34 17 23 16
P14181 2009 4 0 39 49 17 0 31 33 7 6 0 0 19 34 29 0 0 12 12 10 20 26 20 0 0 9 0 0 0 13 21 -999
P14181 2009 5 48 48 18 0 0 0 13 0 15 0 38 15 0 0 0 0 0 0 0 0 39 0 0 0 0 0 0 0 0 14 12
P14181 2009 6 0 0 0 0 0 0 20 0 0 16 0 0 8 12 0 0 0 0 0 0 0 0 18 0 0 0 0 0 0 12 -999
P14181 2009 7 19 0 0 0 0 0 0 0 23 0 0 0 32 0 0 0 0 0 12 0 0 0 0 0 0 17 0 0 0 0 0
P14181 2009 8 29 15 0 0 0 0 0 0 15 0 0 0 0 0 4 0 0 6 0 0 0 0 0 26 0 17 0 0 0 0 19
P14181 2009 9 0 21 5 0 0 0 0 0 0 15 29 30 22 12 0 20 0 15 0 0 0 29 18 0 6 0 0 0 0 0 -999
P14181 2009 10 10 13 14 0 0 0 0 0 0 0 0 0 0 0 0 12 19 0 0 15 0 8 0 0 0 0 0 0 0 0 0
P14181 2009 11 0 0 0 0 0 0 0 0 0 0 0 0 0 0 0 12 19 0 0 0 0 7 0 0 0 22 14 8 0 11 -999
P14181 2009 12 10 0 0 0 0 0 31 32 16 19 0 0 0 0 0 0 0 0 18 16 0 0 0 0 0 0 19 0 0 0 0
P14181 2010 1 0 0 0 30 21 15 0 6 0 0 7 8 0 7 0 11 0 0 0 0 0 0 0 0 0 0 0 0 0 0 0
P14181 2010 2 0 4 0 0 0 22 0 0 0 0 4 0 0 0 0 0 0 0 0 7 0 0 0 13 0 1 0 0 -999 -999 -999
P14181 2010 3 2 0 0 3 0 11 0 0 0 0 16 10 0 0 0 0 0 0 0 50 0 0 0 0 0 3 0 0 0 0 0
P14181 2010 4 0 0 13 13 0 0 16 0 23 22 0 27 30 29 27 0 0 0 0 0 0 0 0 0 28 0 5 0 29 0 -999
P14181 2010 5 15 9 0 21 0 0 0 12 0 0 22 31 19 0 0 0 21 11 0 10 0 14 0 14 0 0 31 16 18 17 0
P14181 2010 6 23 17 20 14 0 0 0 0 0 0 12 0 0 0 16 0 0 0 0 0 0 0 0 0 0 0 0 0 29 0 -999
P14181 2010 7 0 21 20 0 18 0 0 0 0 0 19 0 0 0 0 14 0 0 0 0 12 0 0 0 0 0 0 0 0 14 0
P14181 2010 8 0 0 16 0 0 0 0 0 0 0 0 0 0 0 0 19 17 0 0 0 0 0 0 16 0 18 0 7 0 0 14
P14181 2010 9 15 0 0 18 0 0 0 0 0 36 37 20 41 29 0 0 0 0 14 0 0 0 0 0 17 0 0 0 0 0 -999
P14181 2010 10 0 0 0 0 0 0 0 0 14 0 21 0 0 22 0 0 0 5 0 15 24 34 33 0 5 7 3 0 0 8 0
P14181 2010 11 0 0 5 0 0 0 4 0 0 0 0 0 0 0 0 0 4 0 0 0 2 0 0 3 0 0 0 0 0 0 -999
P14181 2010 12 0 0 0 0 0 0 0 3 0 0 1 4 0 0 0 0 0 0 4 0 0 0 0 0 0 0 0 0 0 0 0
P14181 2011 1 0 0 0 0 0 0 0 0 0 0 0 0 0 0 0 0 2 0 0 0 0 0 0 14 4 0 0 0 0 0 0
P14181 2011 2 0 0 3 0 0 9 5 0 0 0 0 8 0 0 0 0 0 0 0 0 0 0 13 0 0 0 0 0 -999 -999 -999
P14181 2011 3 22 13 0 0 17 0 0 0 0 0 0 0 11 0 16 37 65 25 10 13 15 0 0 25 24 0 0 0 19 0 9
P14181 2011 4 16 20 16 16 0 7 0 0 0 0 0 0 0 0 0 0 0 28 18 18 19 12 4 0 0 0 0 0 0 0 -999
P14181 2011 5 0 0 10 0 0 0 0 0 0 0 0 0 0 13 0 0 0 0 7 0 24 32 11 0 0 0 0 25 0 41 23
P14181 2011 6 0 0 8 0 0 0 0 0 15 0 0 0 0 0 0 0 0 0 0 9 0 0 0 23 30 0 32 22 16 0 -999
P14181 2011 7 0 0 0 0 0 0 0 0 0 0 0 0 22 0 0 0 0 11 0 0 0 0 0 0 0 0 0 0 0 0 0
P14181 2011 8 0 0 19 0 5 0 0 0 0 0 0 0 0 0 0 12 9 0 0 15 26 0 17 13 0 0 4 0 0 0 30
P14181 2011 9 39 0 0 0 0 0 0 0 23 38 0 0 0 0 5 0 0 0 0 0 0 0 0 0 0 0 0 0 0 13 -999
P14181 2011 10 0 0 0 0 10 0 0 0 0 13 0 15 0 0 0 0 0 5 0 0 0 0 0 0 9 0 0 0 21 29 40
P14181 2011 11 19 0 0 8 18 21 56 37 0 0 0 0 0 7 0 0 0 0 3 0 0 26 52 33 17 0 0 0 0 0 -999
P14181 2011 12 0 0 0 25 0 0 0 0 0 0 0 0 0 1 0 7 11 9 15 18 24 0 0 0 0 17 0 0 0 0 0
P14181 2012 1 0 28 0 0 1 0 0 0 0 0 0 0 0 0 0 0 0 0 0 0 0 9 0 0 0 6 0 9 2 0 0
P14181 2012 2 0 0 0 20 0 0 0 0 0 0 0 0 0 0 0 0 0 8 0 0 0 8 0 0 8 20 0 7 -999 -999 -999
P14181 2012 3 12 28 30 31 0 0 0 0 0 0 0 0 0 0 0 0 0 0 0 19 0 0 0 0 0 0 0 0 0 0 0
P14181 2012 4 0 0 0 0 0 0 0 0 0 0 0 0 29 36 28 0 25 26 20 15 0 0 10 0 31 36 39 35 0 0 -999
P14181 2012 5 22 0 32 0 0 0 0 36 25 0 0 0 21 0 21 0 11 0 0 0 0 0 15 0 25 32 0 0 0 0 0
P14181 2012 6 7 0 0 0 0 0 0 15 0 0 19 0 0 28 26 0 0 8 11 0 0 0 0 0 0 0 0 0 0 31 -999
P14181 2012 7 0 0 0 0 0 16 0 0 0 0 0 26 0 0 0 0 23 0 0 17 0 16 0 0 25 0 0 0 0 15 0
P14181 2012 8 0 0 0 0 0 0 0 0 0 0 0 14 7 0 0 16 0 0 0 0 0 11 0 0 0 11 0 10 0 0 0
P14181 2012 9 0 0 0 0 13 15 25 15 9 0 0 0 0 0 0 6 0 0 14 15 0 0 0 0 21 0 11 13 0 23 -999
P14181 2012 10 0 0 7 0 0 0 0 0 15 0 0 16 0 0 0 0 0 11 0 0 0 0 22 0 0 0 14 0 0 7 8
P14181 2012 11 0 15 23 32 0 0 0 0 0 0 0 16 0 0 5 0 0 0 22 29 15 9 0 0 0 2 0 0 0 0 -999
P14181 2012 12 20 14 0 11 0 0 0 18 0 0 0 0 0 0 19 0 22 0 0 7 0 0 0 5 0 0 0 0 0 0 0
P14181 2013 1 28 0 0 0 7 0 0 0 0 0 0 0 0 0 0 0 0 0 0 0 0 0 0 0 0 0 0 0 0 6 0
P14181 2013 2 0 0 0 0 0 1 0 0 0 0 0 0 0 30 17 5 5 0 20 13 0 0 0 0 0 0 0 0 -999 -999 -999
P14181 2013 3 0 0 0 8 0 5 0 19 0 15 27 24 23 0 0 12 18 0 12 13 0 23 33 14 0 0 0 0 44 0 0
P14181 2013 4 55 0 7 7 16 12 0 0 0 0 0 0 0 0 0 15 0 9 0 0 19 18 0 13 0 32 0 0 0 0 -999
P14181 2013 5 0 12 0 13 19 0 0 28 30 26 25 20 11 11 0 33 34 23 0 0 12 2 0 0 0 0 0 0 0 0 0
P14181 2013 6 0 0 0 0 0 16 19 0 41 40 24 24 24 0 0 13 0 0 0 0 0 10 0 0 0 27 64 38 0 24 -999
P14181 2013 7 15 0 0 0 0 26 37 0 0 0 0 0 0 0 0 0 0 0 0 10 0 0 0 0 0 0 0 0 0 0 0
P14181 2013 8 0 0 17 36 38 37 29 0 22 0 0 0 10 0 0 27 0 0 0 0 0 0 0 0 0 0 0 0 23 0 0
P14181 2013 9 0 0 0 10 0 0 12 0 0 0 0 0 0 0 0 0 0 0 0 15 0 34 0 17 0 0 0 0 0 0 -999
P14181 2013 10 0 0 0 0 0 0 0 10 0 0 19 0 11 0 0 0 21 21 0 0 3 0 0 0 0 0 0 0 0 0 0
P14181 2013 11 0 0 0 0 0 4 0 5 0 0 0 9 5 0 0 0 0 0 66 52 14 0 21 27 25 0 22 30 0 0 -999
P14181 2013 12 0 0 0 0 0 0 0 0 0 6 0 0 0 0 0 0 0 0 0 0 0 0 0 9 9 9 14 11 0 19 12
P14181 2014 1 0 0 2 0 0 0 0 0 13 0 0 0 2 0 0 0 1 0 0 0 0 0 0 0 0 0 14 0 54 0 20
P14181 2014 2 11 14 14 0 0 0 15 24 15 0 0 0 6 0 0 0 0 0 0 0 0 0 0 0 0 0 0 0 -999 -999 -999