precip	MIROC5	RCP60	REGRESION	decimas	1
P111	36.500	-6.000	182	geo	2006	2100	-1
P111 2006 1 0 0 0 0 0 22 0 23 17 0 0 217 208 51 90 183 144 127 117 0 9 0 21 12 20 24 10 0 0 56 0
P111 2006 2 0 123 33 0 0 0 0 0 0 0 0 26 66 0 72 21 16 0 26 0 0 15 0 0 0 0 0 17 -999 -999 -999
P111 2006 3 61 93 147 177 158 145 128 153 78 118 170 36 30 34 48 100 239 249 123 0 87 61 49 28 46 48 0 63 0 60 101
P111 2006 4 25 0 0 0 0 0 0 119 0 0 0 0 0 0 0 0 0 0 0 0 0 0 5 0 0 0 0 0 51 28 -999
P111 2006 5 0 32 0 43 40 67 23 0 0 0 0 0 15 0 0 0 0 0 0 20 0 0 0 0 0 0 0 8 0 0 0
P111 2006 6 0 0 0 0 0 0 0 0 0 0 4 0 0 0 0 0 0 0 0 0 0 0 0 0 0 0 0 0 0 0 -999
P111 2006 7 0 0 0 0 0 0 0 0 0 0 0 0 0 0 0 0 0 0 0 0 0 0 0 0 0 0 0 0 0 0 0
P111 2006 8 0 0 0 0 0 0 0 0 0 0 0 0 0 0 0 0 3 0 0 0 0 0 0 0 0 0 0 0 0 0 0
P111 2006 9 0 0 17 0 0 0 0 8 0 0 0 0 0 0 0 0 0 0 0 0 0 0 0 0 0 0 0 0 0 0 -999
P111 2006 10 1 0 0 0 0 0 0 0 0 0 0 0 0 26 21 20 0 0 9 0 24 0 0 0 0 0 0 18 12 0 0
P111 2006 11 16 0 0 0 0 0 49 42 0 0 0 0 0 0 0 0 0 0 0 13 0 14 42 61 24 0 0 0 0 0 -999
P111 2006 12 0 0 0 0 0 0 47 162 150 104 0 72 76 41 125 184 33 3 0 0 23 59 162 80 73 85 58 47 0 0 0
P111 2007 1 32 0 0 0 0 0 0 0 0 0 0 0 0 10 4 0 0 0 16 0 16 7 11 12 0 0 12 21 0 26 23
P111 2007 2 0 12 18 0 11 15 57 205 288 180 38 0 13 0 0 14 0 73 44 40 99 81 40 30 0 46 0 41 -999 -999 -999
P111 2007 3 0 58 0 111 99 53 27 0 0 0 0 76 66 77 0 14 0 0 0 44 0 23 0 0 5 9 0 0 8 0 0
P111 2007 4 0 0 0 0 0 0 0 0 0 0 0 0 0 0 0 13 0 0 61 42 54 0 30 55 0 0 0 0 0 0 -999
P111 2007 5 0 0 0 0 78 0 0 0 9 0 0 0 0 35 0 0 0 27 32 0 0 1 0 0 0 3 0 0 0 0 0
P111 2007 6 0 0 15 0 0 0 0 0 0 0 0 0 0 15 7 5 4 0 0 0 0 0 0 0 8 0 8 0 17 0 -999
P111 2007 7 0 0 0 11 11 0 0 0 0 0 0 0 0 0 0 0 0 0 0 0 0 0 0 0 0 0 0 0 0 0 0
P111 2007 8 0 0 0 0 0 16 0 0 0 0 0 0 0 0 0 0 0 0 0 0 0 0 0 0 0 0 0 0 0 0 0
P111 2007 9 0 0 0 0 0 0 0 0 0 0 0 0 0 0 0 0 0 0 0 0 0 0 0 0 12 0 4 0 0 0 -999
P111 2007 10 0 0 0 0 6 0 0 0 0 0 0 19 56 60 0 0 40 61 0 0 0 51 52 46 0 0 25 0 0 0 0
P111 2007 11 0 0 6 0 0 0 0 0 0 36 0 35 9 0 0 0 0 0 0 0 0 0 0 0 0 11 0 25 0 0 -999
P111 2007 12 0 0 0 26 0 19 35 26 12 0 3 0 0 0 7 0 70 60 19 0 0 0 19 0 0 0 0 0 3 0 0
P111 2008 1 18 25 0 44 22 3 0 0 0 0 11 11 0 63 69 105 34 0 27 0 123 128 58 36 63 159 232 108 79 102 130
P111 2008 2 271 60 132 54 38 57 69 116 0 0 145 29 0 0 42 64 74 0 0 169 0 24 0 0 35 0 36 44 -999 -999 -999
P111 2008 3 0 0 8 0 0 0 0 0 0 0 0 0 0 9 0 0 0 0 0 0 0 0 0 0 0 0 0 0 0 0 0
P111 2008 4 0 0 0 0 0 0 0 0 0 0 0 0 0 0 82 44 33 23 10 5 0 0 0 0 0 0 0 0 0 0 -999
P111 2008 5 0 0 0 0 17 0 4 0 0 0 55 0 32 42 25 0 16 0 27 54 41 53 72 19 10 0 0 0 0 0 0
P111 2008 6 0 0 0 0 0 21 0 0 0 0 0 14 0 40 0 0 0 0 0 0 0 0 0 0 0 0 0 0 0 0 -999
P111 2008 7 0 0 0 0 0 0 0 0 0 0 0 0 0 12 0 0 0 0 0 5 0 0 0 0 0 0 0 0 0 0 0
P111 2008 8 0 0 0 0 0 0 0 0 0 0 0 0 0 0 0 0 0 0 0 0 0 0 0 0 0 0 0 0 0 0 0
P111 2008 9 0 0 0 0 10 0 0 4 0 0 0 0 15 0 0 0 0 0 0 0 0 0 0 0 0 0 0 0 0 29 -999
P111 2008 10 0 0 0 0 0 0 0 0 5 0 0 29 0 0 0 0 0 8 0 0 0 0 0 0 0 26 39 0 23 0 16
P111 2008 11 0 0 28 0 0 0 0 0 0 3 24 0 3 0 0 4 0 31 0 0 2 0 0 0 0 0 0 0 0 0 -999
P111 2008 12 0 0 0 0 0 0 9 0 0 0 43 0 9 26 0 0 15 0 0 2 0 0 7 0 22 33 0 0 0 0 0
P111 2009 1 0 0 0 0 0 0 0 0 0 0 0 15 20 18 26 0 0 0 3 0 0 5 0 0 0 0 0 0 0 0 0
P111 2009 2 0 0 0 0 16 0 0 0 3 0 0 0 0 0 5 0 0 0 0 0 0 0 0 0 0 0 2 0 -999 -999 -999
P111 2009 3 55 0 80 0 0 0 0 78 76 0 24 0 19 0 0 0 78 64 34 0 0 0 0 0 0 95 99 121 143 82 36
P111 2009 4 54 120 29 29 56 88 0 0 10 0 14 0 0 40 0 0 6 12 0 0 18 16 0 0 0 3 9 0 0 70 -999
P111 2009 5 0 51 19 0 0 0 27 25 0 0 38 21 6 0 0 0 0 0 0 0 0 0 29 25 0 0 5 0 0 0 0
P111 2009 6 0 0 0 18 22 0 0 7 11 0 0 0 0 0 0 17 0 0 0 0 0 0 0 0 0 0 0 0 0 0 -999
P111 2009 7 0 0 0 0 0 0 0 0 0 0 0 0 18 0 0 0 0 0 0 0 0 0 0 0 0 0 0 0 0 0 0
P111 2009 8 16 0 0 0 0 0 0 0 0 0 0 0 0 0 0 0 0 0 0 0 0 0 0 0 0 0 0 8 16 0 0
P111 2009 9 23 0 0 0 0 0 0 0 0 0 0 0 0 0 0 0 0 0 0 0 0 0 0 0 0 0 0 0 0 0 -999
P111 2009 10 0 0 0 0 0 0 0 0 0 0 0 0 0 20 0 30 0 0 16 0 21 0 0 0 20 0 0 0 0 0 0
P111 2009 11 0 0 0 0 0 0 0 8 0 0 2 2 0 0 0 0 0 0 0 16 9 28 0 53 0 0 0 7 0 28 -999
P111 2009 12 0 24 43 21 45 55 118 25 41 93 70 14 16 0 0 0 0 46 26 20 9 0 0 18 0 64 99 92 27 0 14
P111 2010 1 25 0 57 143 0 34 17 0 36 0 7 0 16 11 16 18 18 18 0 26 0 0 0 0 8 0 0 11 0 0 27
P111 2010 2 26 0 14 0 0 23 13 0 0 0 1 0 0 0 0 0 0 0 0 0 0 0 0 9 0 0 0 0 -999 -999 -999
P111 2010 3 0 0 0 0 0 0 56 78 131 91 42 0 0 0 0 0 18 36 73 0 0 4 0 0 0 0 0 0 0 0 0
P111 2010 4 0 42 0 0 0 0 0 38 49 35 0 0 25 27 100 62 6 0 0 41 34 0 5 0 28 0 4 5 31 0 -999
P111 2010 5 17 0 33 53 40 0 0 0 0 0 0 0 0 0 0 34 15 12 8 0 0 0 12 0 0 50 47 0 0 0 0
P111 2010 6 0 34 0 0 0 0 4 0 0 0 0 0 0 0 0 0 0 0 6 0 0 0 0 0 0 0 0 8 0 0 -999
P111 2010 7 0 0 0 3 0 0 0 0 0 0 0 0 0 0 0 0 0 0 0 0 0 0 0 0 0 0 0 0 0 0 0
P111 2010 8 0 0 0 0 0 0 0 0 0 8 0 0 0 0 0 0 0 0 0 0 0 0 0 0 0 0 0 0 0 0 0
P111 2010 9 0 0 0 0 0 0 0 0 0 0 9 0 0 11 0 0 4 0 15 0 0 0 0 0 0 0 0 0 0 0 -999
P111 2010 10 0 0 0 0 0 0 17 0 0 52 52 24 40 0 0 0 0 0 15 0 26 0 0 0 0 0 0 0 0 0 0
P111 2010 11 0 0 0 0 0 0 0 0 0 0 0 0 0 0 0 0 0 0 0 0 0 0 0 0 0 6 0 0 0 0 -999
P111 2010 12 0 0 3 9 0 16 0 31 37 17 0 0 62 62 0 0 0 3 0 0 0 0 0 1 4 0 0 0 0 0 0
P111 2011 1 0 0 7 11 19 0 7 0 0 0 0 0 0 8 24 29 0 0 0 0 0 18 39 13 12 0 6 0 0 0 0
P111 2011 2 10 3 0 0 24 0 21 6 0 0 0 0 0 0 0 0 0 0 0 0 0 50 31 0 0 0 0 61 -999 -999 -999
P111 2011 3 0 57 0 10 14 7 7 6 4 0 0 38 0 0 74 156 205 49 30 42 0 50 82 241 74 0 0 113 0 0 0
P111 2011 4 0 0 0 0 12 0 0 0 18 24 0 0 0 0 0 0 75 113 0 0 0 0 0 0 0 0 0 0 0 0 -999
P111 2011 5 0 0 0 0 0 0 0 0 0 30 0 0 0 0 0 0 0 0 0 0 0 0 0 0 0 0 0 0 0 0 14
P111 2011 6 11 0 0 0 0 0 0 0 0 0 14 0 0 0 0 0 0 0 0 0 0 0 0 0 6 0 0 0 0 4 -999
P111 2011 7 0 0 0 0 0 0 0 0 0 0 0 0 0 0 0 0 0 0 0 0 12 0 0 0 0 0 0 0 0 0 0
P111 2011 8 0 0 0 0 0 0 0 0 0 0 0 0 0 0 0 3 0 0 0 0 0 0 0 0 0 0 0 0 0 0 0
P111 2011 9 0 0 0 6 0 0 0 0 0 0 0 0 0 0 1 0 0 0 0 0 0 0 0 0 0 0 0 0 0 0 -999
P111 2011 10 0 0 0 0 0 0 0 5 0 0 13 20 0 13 0 0 0 0 0 0 0 0 0 0 0 11 0 0 0 46 0
P111 2011 11 0 0 8 24 73 80 74 11 7 0 14 0 0 0 0 0 61 45 0 0 0 75 0 0 0 18 0 0 0 8 -999
P111 2011 12 0 29 39 0 7 12 0 0 0 0 20 0 11 0 13 64 55 61 0 86 103 46 61 0 39 31 19 0 0 25 0
P111 2012 1 139 0 0 0 0 0 0 0 0 0 0 0 0 0 0 0 0 2 4 0 15 0 0 0 0 0 0 0 34 0 0
P111 2012 2 0 0 58 32 13 16 0 4 0 0 0 0 0 0 0 0 0 17 52 72 40 21 12 0 16 0 0 0 -999 -999 -999
P111 2012 3 0 101 0 0 26 0 0 0 0 0 1 0 0 0 0 0 24 0 27 0 0 0 0 0 0 4 0 0 0 0 0
P111 2012 4 0 0 0 0 0 0 0 22 0 2 0 0 19 78 80 71 55 30 14 0 0 13 0 49 62 46 127 75 74 40 -999
P111 2012 5 0 0 26 19 0 0 0 18 0 19 20 29 0 36 32 21 0 0 12 0 0 13 0 0 0 23 0 0 0 0 0
P111 2012 6 1 0 0 0 0 0 0 0 31 0 0 16 0 30 40 0 0 3 0 19 0 0 0 0 0 0 0 0 0 0 -999
P111 2012 7 0 0 0 0 0 0 0 0 0 0 0 0 0 0 0 0 0 0 0 0 9 0 0 8 0 0 0 0 0 0 0
P111 2012 8 0 0 0 0 0 0 0 0 0 0 0 0 0 0 0 4 3 0 0 0 1 0 0 0 0 0 0 0 7 6 4
P111 2012 9 0 0 0 0 0 0 0 0 0 0 0 0 0 0 0 0 0 0 0 0 0 0 0 0 0 0 0 0 0 0 -999
P111 2012 10 0 0 0 0 0 0 0 0 0 0 62 21 0 0 0 0 0 32 33 0 0 0 37 0 0 0 28 12 0 26 21
P111 2012 11 0 58 55 9 13 0 0 0 0 20 41 0 0 0 0 0 6 43 94 44 0 0 5 0 0 0 0 0 68 0 -999
P111 2012 12 0 0 0 0 44 140 102 91 15 22 0 0 47 165 110 67 60 33 17 0 20 35 0 0 11 6 0 0 0 21 53
P111 2013 1 33 31 0 85 31 11 19 0 0 6 8 0 0 0 3 0 0 0 0 0 0 0 1 0 0 1 0 0 0 0 15
P111 2013 2 0 0 0 0 0 3 0 0 0 0 0 0 45 85 46 16 31 96 117 0 72 80 0 113 62 0 0 0 -999 -999 -999
P111 2013 3 0 21 0 28 20 0 0 42 44 98 169 206 124 30 0 0 41 46 0 35 29 76 80 38 0 0 0 0 75 67 103
P111 2013 4 63 11 13 0 25 0 25 0 0 0 0 0 0 0 0 0 0 0 0 7 33 18 14 32 72 9 0 0 0 0 -999
P111 2013 5 0 0 0 0 0 0 13 0 0 41 45 0 0 0 0 0 32 27 22 0 0 0 0 0 0 0 0 0 0 0 0
P111 2013 6 0 31 0 0 8 0 0 0 54 52 0 40 22 17 10 0 12 15 11 5 0 0 0 0 0 0 0 0 20 17 -999
P111 2013 7 0 6 0 0 0 13 0 0 0 0 0 0 0 0 0 0 0 0 0 0 0 0 0 0 0 0 0 0 0 0 0
P111 2013 8 3 0 0 0 0 0 0 0 0 0 0 0 0 0 0 0 0 0 0 0 0 5 0 0 0 0 0 0 0 0 0
P111 2013 9 0 0 0 5 0 0 0 0 0 0 0 5 0 0 0 0 0 0 0 0 0 12 0 0 0 0 0 0 0 0 -999
P111 2013 10 0 0 0 0 0 0 4 0 0 0 43 0 0 0 0 0 27 0 0 0 0 0 0 0 0 0 0 0 6 0 0
P111 2013 11 0 0 0 0 0 0 0 0 0 5 0 12 0 10 4 17 29 227 275 94 141 189 234 90 0 112 79 32 9 0 -999
P111 2013 12 0 55 0 0 0 0 0 0 0 0 0 0 20 0 26 0 0 0 0 0 9 12 20 57 20 31 43 26 0 0 27
P111 2014 1 0 10 0 21 0 37 0 0 14 0 0 0 0 18 53 0 0 0 0 0 0 0 0 0 24 0 0 98 221 165 72
P111 2014 2 0 49 22 0 49 97 43 119 48 78 0 8 0 0 2 6 0 11 0 0 0 0 14 7 0 0 0 61 -999 -999 -999