precip	MIROC5	RCP60	REGRESION	decimas	1
P14822	42.061	-2.970	182	geo	2006	2100	-1
P14822 2006 1 0 8 0 9 10 0 5 5 0 0 27 75 197 118 64 112 92 119 0 44 25 15 34 16 15 0 0 0 33 36 22
P14822 2006 2 0 0 30 20 9 6 6 5 5 9 12 0 33 45 0 56 53 41 58 79 60 36 31 0 27 17 27 37 -999 -999 -999
P14822 2006 3 57 89 88 136 146 106 127 116 94 49 0 0 41 36 38 55 0 113 111 67 75 55 51 51 39 50 55 51 80 75 81
P14822 2006 4 71 66 42 0 30 0 0 0 24 8 8 9 0 0 9 0 18 11 0 0 0 0 11 14 0 0 44 63 56 47 -999
P14822 2006 5 44 48 39 45 47 55 35 16 10 15 0 0 37 41 0 21 23 31 32 48 32 13 0 11 0 0 0 0 0 0 0
P14822 2006 6 0 7 0 0 0 0 0 0 0 0 9 16 0 0 0 0 0 0 18 18 0 9 9 0 12 0 16 20 0 20 -999
P14822 2006 7 21 16 15 0 0 0 0 0 0 0 0 10 0 0 0 0 0 0 0 0 0 0 0 0 0 0 17 0 0 0 0
P14822 2006 8 19 0 11 0 9 0 16 0 0 0 0 6 8 0 20 0 10 7 0 0 0 0 0 0 0 28 16 0 12 18 0
P14822 2006 9 0 0 0 13 0 0 9 11 19 24 16 0 19 0 0 0 22 0 24 26 0 0 0 0 21 0 0 23 30 33 -999
P14822 2006 10 22 9 4 0 7 4 0 0 14 0 0 14 0 20 0 24 0 10 13 18 20 22 17 14 23 33 27 0 49 37 27
P14822 2006 11 25 20 9 0 0 9 0 0 0 4 0 3 4 0 6 0 0 17 0 19 0 46 46 50 33 0 9 6 0 0 -999
P14822 2006 12 0 0 0 0 4 15 28 0 0 0 0 0 0 0 45 79 33 11 6 0 21 46 78 78 0 55 32 0 0 28 22
P14822 2007 1 0 24 27 0 0 0 0 0 1 0 0 0 0 6 0 0 0 10 51 30 0 0 15 46 0 0 36 81 85 53 42
P14822 2007 2 25 0 79 93 51 36 0 81 150 149 60 39 28 0 0 14 20 38 0 23 0 22 28 25 19 23 27 43 -999 -999 -999
P14822 2007 3 33 0 29 0 0 43 26 18 0 18 41 109 100 126 93 36 37 34 18 26 27 32 0 10 0 0 19 13 0 17 10
P14822 2007 4 6 4 0 0 30 55 29 19 13 8 0 0 56 39 19 0 21 0 54 49 46 45 54 63 33 42 21 11 0 7 -999
P14822 2007 5 5 0 10 17 0 0 0 0 0 0 0 0 31 43 0 32 0 0 35 21 14 7 2 0 0 0 0 0 0 16 0
P14822 2007 6 0 21 20 21 0 0 15 12 0 0 0 13 26 23 12 8 0 0 11 0 0 0 0 21 12 0 0 22 23 0 -999
P14822 2007 7 0 17 17 21 0 0 0 0 21 35 31 30 22 12 9 16 0 24 0 22 19 0 10 0 0 0 0 18 18 0 0
P14822 2007 8 0 0 0 18 8 0 0 0 6 0 0 0 0 0 0 0 13 0 0 26 28 21 0 0 0 0 0 18 18 18 15
P14822 2007 9 17 11 0 0 0 15 6 4 0 12 0 9 0 11 0 0 9 0 0 0 0 0 0 11 0 9 5 6 0 0 -999
P14822 2007 10 0 0 13 16 0 0 0 12 0 21 27 30 45 59 32 0 0 0 22 0 0 0 57 70 39 0 46 25 22 30 0
P14822 2007 11 44 28 47 12 16 30 34 15 23 0 20 23 0 35 18 8 0 7 3 3 0 0 0 42 0 24 18 27 30 0 -999
P14822 2007 12 0 11 16 24 18 23 25 0 11 15 37 32 15 12 0 24 32 24 17 0 0 0 0 14 19 17 30 47 22 25 40
P14822 2008 1 59 70 79 0 43 7 0 0 0 3 0 7 0 18 27 0 28 21 0 47 91 95 0 28 0 62 85 57 0 60 0
P14822 2008 2 106 0 71 0 45 62 46 60 0 0 66 55 33 27 0 73 0 0 0 54 0 19 13 0 15 30 25 35 -999 -999 -999
P14822 2008 3 28 0 13 0 0 4 0 2 0 0 15 0 0 0 9 6 4 0 0 0 0 0 0 0 13 28 24 12 7 6 6
P14822 2008 4 0 10 0 0 20 0 13 0 7 0 0 0 17 23 30 0 41 0 13 13 0 12 0 0 14 9 6 0 0 0 -999
P14822 2008 5 20 17 10 14 27 0 28 23 31 0 0 37 23 0 38 29 24 19 24 0 0 38 44 38 24 0 21 0 0 0 20
P14822 2008 6 20 0 17 17 16 19 15 0 15 18 16 0 0 0 0 12 0 12 0 0 0 0 0 0 0 0 0 0 22 21 -999
P14822 2008 7 0 7 0 0 0 0 0 19 0 20 0 12 0 0 0 0 0 25 0 0 19 17 20 23 0 0 0 12 0 0 0
P14822 2008 8 25 16 12 0 0 0 0 0 0 0 27 15 0 21 15 0 0 0 0 0 0 0 0 0 10 15 24 19 17 14 8
P14822 2008 9 11 0 0 0 0 10 0 0 0 0 16 30 22 0 35 0 0 11 12 16 0 0 15 21 24 0 0 0 51 47 -999
P14822 2008 10 50 39 21 31 0 11 0 44 39 28 43 60 46 30 0 7 12 12 15 0 16 0 0 21 0 54 73 67 0 39 25
P14822 2008 11 35 0 49 25 16 9 0 16 27 28 48 23 17 11 5 0 15 48 30 23 0 0 14 7 0 0 0 0 5 8 -999
P14822 2008 12 0 7 4 5 5 8 0 4 19 67 0 29 57 55 17 0 24 29 15 9 0 8 8 13 31 58 52 30 13 0 7
P14822 2009 1 4 0 8 27 32 44 0 11 14 18 15 35 36 36 32 20 8 2 1 0 1 4 6 4 6 0 0 0 0 0 6
P14822 2009 2 16 33 32 0 19 22 28 13 9 22 33 16 19 12 0 0 0 0 12 27 22 19 18 15 9 0 30 106 -999 -999 -999
P14822 2009 3 118 83 74 39 38 41 44 67 65 38 24 18 19 34 56 84 106 86 67 49 21 0 24 46 46 66 63 86 93 78 53
P14822 2009 4 0 41 44 33 39 0 52 39 31 28 30 38 44 43 49 27 21 18 21 39 27 16 0 0 11 10 12 21 0 37 -999
P14822 2009 5 38 40 42 34 24 0 0 27 37 0 38 39 0 10 0 3 0 11 0 22 0 0 26 15 0 0 10 0 11 0 0
P14822 2009 6 0 0 14 18 21 25 23 0 0 18 11 7 0 0 0 0 0 0 13 11 8 0 0 11 0 0 0 0 0 0 -999
P14822 2009 7 0 13 0 0 0 0 0 0 10 0 0 22 23 0 0 0 0 0 0 0 19 16 0 11 0 0 0 0 0 0 0
P14822 2009 8 31 16 0 14 0 0 0 0 15 20 18 0 0 11 0 0 0 0 9 0 7 12 0 0 0 18 0 24 0 0 16
P14822 2009 9 22 29 0 5 0 0 6 0 0 0 30 24 16 12 0 0 9 0 0 0 13 26 34 34 18 0 0 9 8 0 -999
P14822 2009 10 0 0 4 0 0 4 0 0 0 14 0 22 21 0 0 0 25 30 27 28 26 18 0 54 18 0 0 4 0 11 15
P14822 2009 11 6 0 0 6 0 0 0 0 0 0 0 8 0 9 19 0 25 13 20 34 23 0 29 21 0 19 0 33 29 30 -999
P14822 2009 12 51 60 74 43 91 107 107 97 55 66 0 41 44 25 0 16 17 25 38 28 0 26 35 33 0 0 31 31 26 16 13
P14822 2010 1 16 0 20 53 78 28 17 12 0 17 0 0 18 13 16 29 33 26 11 15 8 2 0 0 0 0 0 0 0 0 13
P14822 2010 2 12 10 6 0 29 56 0 19 21 18 0 0 2 6 14 16 15 15 31 43 35 51 29 38 15 20 16 13 -999 -999 -999
P14822 2010 3 0 8 0 0 28 29 28 22 0 38 27 15 18 23 14 12 15 36 60 50 19 0 4 0 5 3 4 0 0 0 13
P14822 2010 4 0 17 33 25 0 16 0 0 0 44 33 0 38 48 51 53 38 28 18 21 29 28 28 51 61 25 19 31 55 51 -999
P14822 2010 5 44 32 34 32 0 22 14 10 10 13 19 22 17 19 29 40 31 30 26 11 8 13 0 16 0 0 50 34 24 22 14
P14822 2010 6 18 31 32 26 0 0 0 13 0 0 0 0 0 0 17 0 28 0 11 8 0 12 0 0 0 0 0 0 0 20 -999
P14822 2010 7 0 27 25 15 13 14 12 0 19 0 14 0 0 0 14 0 0 0 0 6 0 11 0 0 0 0 0 7 0 11 0
P14822 2010 8 0 0 0 0 0 0 0 17 14 17 19 0 15 0 0 15 14 16 12 8 0 5 0 0 0 20 20 21 16 0 0
P14822 2010 9 19 12 29 34 25 0 0 16 22 22 23 29 35 32 57 26 16 17 24 0 0 9 0 10 0 0 0 10 0 0 -999
P14822 2010 10 0 0 0 0 0 0 0 0 0 31 54 46 57 53 0 36 26 37 39 21 22 0 25 20 23 14 14 22 41 39 27
P14822 2010 11 32 15 0 0 0 5 0 0 0 0 0 0 0 0 0 27 43 35 23 0 0 7 4 2 2 3 3 0 0 9 -999
P14822 2010 12 0 16 23 39 0 35 38 16 14 23 0 0 43 47 28 11 0 22 30 0 0 0 3 4 0 0 0 13 8 8 9
P14822 2011 1 0 0 0 10 17 6 2 0 0 3 0 0 5 0 0 0 0 2 0 23 51 62 108 55 47 21 36 24 17 11 12
P14822 2011 2 0 0 25 32 0 23 0 17 0 0 0 35 51 30 44 38 13 0 0 13 0 0 22 13 11 12 0 0 -999 -999 -999
P14822 2011 3 39 22 0 0 0 0 0 0 15 25 29 0 29 33 51 0 116 105 69 0 71 72 99 141 96 39 32 0 25 0 0
P14822 2011 4 0 19 18 19 16 15 17 0 24 29 27 25 0 0 0 14 0 36 0 27 29 21 0 0 8 7 4 4 0 0 -999
P14822 2011 5 17 36 36 27 16 0 10 0 17 0 0 0 0 0 0 0 0 0 0 0 0 21 0 0 22 0 0 0 0 0 0
P14822 2011 6 24 20 17 0 8 0 9 0 0 0 0 13 0 0 16 15 0 3 0 5 8 17 20 0 0 20 0 21 18 17 -999
P14822 2011 7 0 0 21 20 18 14 0 9 6 0 0 0 0 0 22 12 0 9 10 12 0 0 0 0 7 15 11 0 0 0 10
P14822 2011 8 0 0 0 9 0 0 0 0 0 0 0 0 17 9 10 0 0 0 0 0 0 5 5 9 0 6 7 0 17 0 0
P14822 2011 9 0 0 12 0 17 0 10 18 37 0 30 0 0 0 0 0 0 0 0 0 0 5 0 0 7 10 11 0 11 0 -999
P14822 2011 10 0 0 0 6 0 0 0 0 0 0 0 13 0 0 0 10 0 0 0 0 0 0 17 18 0 14 14 18 31 0 0
P14822 2011 11 26 24 48 85 115 99 63 33 14 0 0 7 0 0 0 0 30 0 0 0 17 70 107 69 23 0 0 23 0 9 -999
P14822 2011 12 8 16 32 28 20 18 0 4 0 14 20 44 40 0 23 61 96 75 88 81 101 75 48 31 0 52 54 60 53 55 64
P14822 2012 1 74 46 21 6 0 0 0 0 0 2 3 0 1 1 2 9 27 21 15 11 0 5 0 0 0 0 4 9 24 34 20
P14822 2012 2 12 0 50 43 21 0 6 0 7 2 0 0 0 0 0 0 2 9 36 48 25 10 6 0 26 0 11 0 -999 -999 -999
P14822 2012 3 80 94 48 35 31 33 34 16 6 4 11 30 54 32 0 0 28 0 0 0 31 25 0 17 20 0 0 0 0 0 6
P14822 2012 4 4 0 0 0 0 0 65 71 40 0 19 33 43 80 79 47 53 0 36 0 26 21 0 41 73 62 39 41 56 52 -999
P14822 2012 5 36 27 25 0 0 8 0 16 26 25 21 0 34 47 54 39 28 24 19 17 22 29 23 0 37 53 50 27 20 0 12
P14822 2012 6 16 12 8 0 0 0 0 12 0 0 21 0 19 0 34 31 16 10 0 20 19 0 9 0 8 0 0 0 0 0 -999
P14822 2012 7 21 9 0 0 0 0 0 0 0 0 0 0 22 0 0 0 0 0 0 0 12 13 14 0 0 0 0 11 0 0 0
P14822 2012 8 0 7 0 8 0 12 0 0 12 19 20 14 10 0 0 10 0 0 0 0 0 9 10 0 12 0 16 14 0 11 0
P14822 2012 9 10 0 0 0 0 0 21 0 0 5 0 0 0 0 0 0 9 6 0 0 7 0 0 0 16 0 0 0 14 0 -999
P14822 2012 10 10 0 0 4 0 0 0 0 0 0 42 35 18 0 30 41 22 16 0 14 0 32 27 13 12 16 29 42 36 85 94
P14822 2012 11 81 122 81 53 37 35 12 0 21 61 78 19 8 0 0 7 0 32 55 49 35 0 0 11 12 24 27 26 34 0 -999
P14822 2012 12 24 0 0 0 0 24 43 0 23 20 16 0 0 63 85 0 59 44 33 45 29 38 0 34 44 36 19 17 28 37 71
P14822 2013 1 0 31 27 61 71 28 0 38 0 7 0 0 0 6 0 0 0 21 20 7 0 11 8 0 0 4 0 0 19 38 0
P14822 2013 2 7 0 0 0 0 0 14 22 33 12 0 0 0 86 88 36 30 42 84 88 75 77 75 100 41 20 0 0 -999 -999 -999
P14822 2013 3 0 0 0 0 0 14 0 0 35 47 91 89 81 51 32 31 41 36 40 41 21 31 0 20 18 0 18 31 46 59 86
P14822 2013 4 52 20 14 20 0 55 69 43 17 12 0 14 0 27 18 26 0 11 21 24 64 65 39 41 54 32 0 0 6 0 -999
P14822 2013 5 5 8 8 22 26 19 0 0 0 0 71 58 24 0 20 37 0 51 34 25 36 12 0 8 16 8 0 0 6 0 0
P14822 2013 6 0 23 36 0 14 0 21 36 0 56 56 53 0 34 31 0 20 0 22 13 0 0 0 0 0 0 0 31 0 28 -999
P14822 2013 7 21 0 13 0 28 33 0 0 0 0 0 0 0 0 0 0 0 19 15 15 19 0 0 0 0 9 0 0 0 0 0
P14822 2013 8 0 7 0 27 0 20 0 25 23 20 18 20 0 11 0 0 0 10 0 0 0 0 0 0 0 0 0 0 0 31 43
P14822 2013 9 47 28 19 0 12 15 0 0 0 0 15 0 8 0 9 12 0 0 0 20 19 21 0 0 0 7 0 0 8 0 -999
P14822 2013 10 0 0 0 0 2 0 0 0 12 14 11 0 8 10 14 23 41 35 36 16 0 18 22 18 11 13 0 12 0 0 5
P14822 2013 11 0 0 2 0 0 0 0 15 28 39 33 30 23 30 32 19 22 0 165 107 62 92 104 93 0 89 70 55 40 34 -999
P14822 2013 12 39 82 84 56 10 1 0 0 0 0 0 0 0 0 0 0 0 4 0 0 0 7 12 0 0 0 0 18 25 36 19
P14822 2014 1 0 15 8 0 27 24 0 22 22 0 20 34 53 0 33 27 10 3 2 0 0 0 1 0 0 20 35 48 80 96 49
P14822 2014 2 39 70 49 61 42 45 61 79 64 98 0 23 48 21 0 15 18 0 45 21 19 12 0 7 0 0 6 24 -999 -999 -999