precip	MIROC5	RCP60	REGRESION	decimas	1
P1406	37.393	-4.743	182	geo	2006	2100	-1
P1406 2006 1 0 0 9 6 7 14 0 11 8 5 0 110 157 0 44 117 90 89 0 0 6 9 20 0 0 0 9 15 0 34 0
P1406 2006 2 13 64 0 11 7 0 0 0 0 0 0 23 44 0 46 19 0 0 18 39 14 0 0 0 0 0 0 0 -999 -999 -999
P1406 2006 3 45 63 85 113 106 106 93 99 56 52 73 29 23 0 28 59 125 152 88 38 64 41 0 0 30 33 0 0 70 42 80
P1406 2006 4 21 0 0 36 22 0 0 74 0 0 0 0 0 8 0 8 0 0 0 0 0 0 0 0 0 0 49 42 36 23 -999
P1406 2006 5 24 0 24 33 0 0 0 0 0 0 0 0 0 0 16 0 16 0 15 22 6 0 0 0 0 0 0 0 20 0 0
P1406 2006 6 0 0 0 0 0 0 0 0 0 13 0 0 0 0 0 0 0 0 0 0 0 0 0 0 0 0 0 13 0 0 -999
P1406 2006 7 0 0 0 0 0 0 0 0 0 0 0 0 0 0 0 0 0 0 0 0 0 0 0 0 0 0 0 0 0 0 0
P1406 2006 8 0 0 0 0 0 0 0 0 0 0 0 0 0 0 18 0 0 0 0 0 0 0 0 0 0 0 0 0 0 0 0
P1406 2006 9 0 0 0 0 0 14 0 0 18 0 10 0 0 0 0 0 0 0 0 0 0 0 0 0 13 0 6 7 0 8 -999
P1406 2006 10 0 0 0 0 0 0 0 0 0 36 33 0 27 0 0 17 9 0 0 0 0 0 0 0 0 0 0 0 14 0 0
P1406 2006 11 0 0 0 0 0 0 31 0 0 0 0 0 0 0 0 0 0 4 0 12 23 14 28 48 0 0 0 0 0 0 -999
P1406 2006 12 0 0 0 0 6 0 27 68 48 0 28 26 42 25 62 104 29 0 0 0 17 39 102 0 49 51 37 0 25 26 17
P1406 2007 1 21 0 0 0 0 0 0 0 0 0 0 0 0 0 0 0 0 0 11 12 11 0 0 0 20 13 0 21 0 0 0
P1406 2007 2 0 0 17 19 0 0 0 98 195 152 0 0 11 0 12 0 24 51 32 0 37 55 36 0 21 27 27 0 -999 -999 -999
P1406 2007 3 0 39 0 50 58 0 18 0 0 0 0 51 51 60 33 0 0 0 12 0 17 21 0 0 0 9 0 6 0 0 0
P1406 2007 4 0 0 0 0 0 16 4 0 0 0 0 0 47 0 0 0 18 0 44 32 40 26 28 42 0 11 0 0 0 0 -999
P1406 2007 5 0 0 0 0 55 19 0 0 0 0 0 0 0 29 21 17 0 0 26 22 0 0 0 0 0 0 0 0 9 0 0
P1406 2007 6 0 17 0 0 0 0 0 0 0 0 0 0 0 0 0 8 6 0 0 0 0 0 0 0 11 0 0 0 0 17 -999
P1406 2007 7 0 16 0 0 0 0 0 0 0 0 26 24 0 0 0 0 0 0 0 0 0 0 0 0 0 0 0 0 0 0 0
P1406 2007 8 0 0 0 0 0 0 0 0 0 0 0 0 0 0 0 0 0 0 0 0 0 0 0 0 6 0 0 0 16 0 0
P1406 2007 9 0 0 0 0 0 0 0 0 0 0 0 0 0 0 0 0 0 0 0 3 0 0 0 0 0 0 0 5 0 0 -999
P1406 2007 10 0 0 0 0 0 0 0 0 0 21 0 0 43 47 16 0 0 38 0 0 0 39 40 40 0 0 0 0 0 0 0
P1406 2007 11 0 0 0 3 0 9 0 0 0 25 0 0 11 0 14 0 0 0 0 0 0 0 0 7 0 0 20 18 16 0 -999
P1406 2007 12 0 0 0 0 18 14 0 14 0 0 0 0 1 0 0 6 35 0 16 0 10 11 13 0 0 0 0 16 0 0 0
P1406 2008 1 0 0 0 39 0 2 1 0 0 6 8 0 0 28 0 46 0 0 0 25 85 90 43 0 0 93 127 75 46 63 81
P1406 2008 2 160 0 79 0 0 42 42 80 0 33 79 0 0 14 31 0 0 57 39 88 14 15 17 22 31 0 23 22 -999 -999 -999
P1406 2008 3 7 0 0 9 0 3 0 0 0 0 8 0 0 0 0 0 0 0 0 0 0 0 0 0 0 0 0 0 0 0 0
P1406 2008 4 0 0 11 23 8 0 0 0 0 0 0 0 0 0 48 0 33 21 0 0 7 0 0 0 0 0 0 0 0 0 -999
P1406 2008 5 0 0 0 0 0 12 0 0 0 0 41 22 0 0 0 0 15 0 0 38 39 32 50 17 8 0 0 0 0 0 0
P1406 2008 6 8 0 14 0 14 0 11 0 0 0 0 0 0 37 0 8 7 0 0 0 0 0 0 0 0 0 0 0 0 0 -999
P1406 2008 7 0 0 0 0 0 0 0 0 0 0 15 0 0 0 0 0 0 0 0 0 0 5 0 0 0 0 0 0 0 0 0
P1406 2008 8 0 0 0 0 0 0 0 0 0 0 0 0 0 0 0 0 0 0 0 0 0 0 0 0 0 0 16 0 0 0 0
P1406 2008 9 0 0 0 0 0 0 0 0 0 0 0 0 0 23 14 0 0 0 10 0 0 0 0 0 0 0 0 0 31 0 -999
P1406 2008 10 0 0 0 0 0 0 0 0 0 0 0 31 29 0 0 0 0 12 0 0 0 0 0 24 0 30 39 24 0 0 0
P1406 2008 11 17 3 27 0 0 0 0 0 0 0 23 8 0 0 0 0 0 0 0 0 0 0 0 0 0 0 0 0 0 0 -999
P1406 2008 12 0 0 0 0 0 0 6 0 0 24 32 0 7 0 0 0 10 0 0 2 0 0 0 0 16 27 0 21 0 0 0
P1406 2009 1 0 0 0 0 0 6 3 0 0 0 4 12 12 12 0 0 2 2 0 0 0 0 0 0 0 0 0 0 0 5 0
P1406 2009 2 8 0 0 0 11 4 0 0 0 0 0 1 6 4 3 0 0 0 0 0 0 0 0 0 0 6 0 0 -999 -999 -999
P1406 2009 3 45 59 61 0 28 0 0 49 66 0 20 16 0 0 29 0 57 0 0 0 0 0 0 0 0 65 62 82 87 56 27
P1406 2009 4 31 88 29 0 32 59 15 12 0 6 0 0 26 29 0 0 0 0 0 14 16 0 0 0 0 0 0 0 0 0 -999
P1406 2009 5 32 40 22 22 22 0 20 18 29 42 40 18 0 0 0 0 0 0 23 0 0 0 0 0 0 0 5 8 0 0 0
P1406 2009 6 0 0 0 18 0 0 0 0 11 14 0 0 0 0 0 0 0 6 0 0 0 0 0 0 0 0 0 0 0 0 -999
P1406 2009 7 0 0 0 0 0 0 0 0 0 0 0 0 0 0 0 0 0 0 0 0 0 0 0 0 0 0 0 0 0 0 0
P1406 2009 8 0 0 0 0 0 0 0 0 0 0 0 0 0 0 0 0 0 0 0 0 0 0 0 23 0 0 0 12 0 23 0
P1406 2009 9 0 0 0 0 0 0 0 0 0 0 0 0 0 0 0 0 0 0 0 0 0 0 0 0 0 0 0 0 0 0 -999
P1406 2009 10 0 5 0 2 0 0 0 0 0 0 0 18 16 18 0 0 0 0 18 0 17 7 0 0 0 0 0 0 0 0 0
P1406 2009 11 0 0 5 0 0 0 0 0 0 0 0 0 4 0 0 12 0 10 0 0 11 0 45 0 0 0 0 7 16 0 -999
P1406 2009 12 0 0 33 0 0 53 90 20 0 67 56 0 14 0 0 0 7 27 20 15 8 10 0 0 20 31 0 50 0 6 0
P1406 2010 1 0 0 0 92 54 29 11 12 0 0 6 0 0 0 13 14 0 0 9 17 23 0 0 0 0 0 0 0 0 0 19
P1406 2010 2 15 0 9 0 0 21 0 5 4 2 0 0 0 0 0 0 0 0 0 3 0 0 0 9 2 0 0 0 -999 -999 -999
P1406 2010 3 0 0 0 0 16 0 38 40 68 53 23 18 7 0 0 0 11 24 0 30 0 0 0 0 0 3 0 0 0 0 0
P1406 2010 4 0 0 0 0 0 0 0 0 0 29 21 0 0 22 64 54 9 4 8 0 0 15 6 14 33 14 7 7 28 0 -999
P1406 2010 5 0 0 24 35 32 0 0 0 0 0 0 0 17 0 0 33 15 0 0 3 0 0 0 0 25 38 40 0 0 17 11
P1406 2010 6 0 0 0 12 12 0 0 9 0 0 0 0 0 0 0 24 0 0 8 0 0 0 0 0 0 0 0 0 0 0 -999
P1406 2010 7 0 0 0 0 9 0 0 0 0 0 0 13 0 0 0 0 0 0 0 0 0 0 0 0 0 0 0 0 0 0 0
P1406 2010 8 0 0 0 0 0 7 0 0 0 0 18 0 0 0 0 0 0 0 0 5 0 0 0 0 0 0 0 0 0 0 0
P1406 2010 9 14 0 0 0 0 0 6 0 0 0 12 25 22 15 0 0 7 0 0 0 0 0 0 0 17 0 0 0 0 0 -999
P1406 2010 10 0 0 0 0 0 0 18 0 0 0 0 0 0 0 16 0 0 0 0 17 25 37 0 0 11 9 0 0 10 13 0
P1406 2010 11 0 5 7 0 0 0 0 0 0 0 0 0 0 0 6 0 0 0 0 0 0 0 0 0 4 0 0 0 0 0 -999
P1406 2010 12 0 0 0 0 0 12 15 11 17 0 8 0 0 43 0 3 0 0 8 0 0 0 0 0 0 0 0 0 1 0 0
P1406 2011 1 0 0 0 7 0 0 0 0 0 0 0 0 0 0 0 8 0 0 0 0 0 0 36 13 11 0 7 3 0 0 0
P1406 2011 2 8 0 0 0 0 0 14 0 0 0 0 0 9 0 0 0 5 0 0 0 0 31 0 0 0 12 17 0 -999 -999 -999
P1406 2011 3 61 34 8 0 0 0 7 0 0 0 0 0 19 0 46 104 170 37 24 0 24 0 57 156 60 0 0 0 14 0 0
P1406 2011 4 0 0 0 15 11 0 0 0 0 18 24 0 0 13 0 0 36 52 0 31 0 0 0 0 0 0 0 0 0 2 -999
P1406 2011 5 0 16 7 0 7 0 0 0 0 29 0 0 0 0 0 0 0 0 6 0 24 15 0 0 0 0 0 0 0 0 0
P1406 2011 6 0 0 9 0 0 0 0 0 0 0 0 0 0 0 0 0 0 0 2 0 0 0 0 0 0 15 20 0 0 0 -999
P1406 2011 7 0 0 0 0 0 12 0 6 0 0 0 0 0 0 0 0 0 0 0 0 0 0 0 0 0 0 0 0 0 0 0
P1406 2011 8 0 0 0 0 0 0 0 0 0 0 0 13 0 0 0 0 0 0 0 0 0 0 2 0 0 0 0 11 0 0 14
P1406 2011 9 0 0 0 0 0 0 0 0 0 0 0 0 0 0 0 0 0 0 0 0 0 0 0 0 0 0 0 0 0 0 -999
P1406 2011 10 0 0 0 0 0 0 0 0 0 0 0 0 21 13 0 0 0 0 0 0 19 0 0 0 14 0 0 0 24 36 0
P1406 2011 11 0 8 0 22 61 59 65 0 6 6 11 8 0 0 0 11 36 27 0 0 0 63 0 0 0 12 9 21 0 0 -999
P1406 2011 12 0 16 31 0 0 0 0 0 0 0 0 23 9 0 0 36 44 0 48 57 79 29 47 0 0 0 0 14 15 0 32
P1406 2012 1 93 30 4 0 0 0 0 0 0 0 0 3 0 0 0 0 2 2 2 11 0 5 0 3 0 0 0 0 20 38 0
P1406 2012 2 0 0 47 24 0 11 7 0 0 2 0 0 0 0 0 0 0 0 36 42 25 0 7 0 14 2 0 0 -999 -999 -999
P1406 2012 3 26 70 0 26 20 19 12 0 1 0 0 0 20 13 12 0 0 0 19 30 0 0 11 0 17 0 0 0 0 0 0
P1406 2012 4 0 5 0 0 0 0 0 22 0 0 0 11 0 67 59 46 42 0 0 12 12 11 0 0 51 36 0 50 58 35 -999
P1406 2012 5 0 19 25 17 0 0 0 14 24 17 0 0 27 0 27 0 0 0 0 0 0 15 0 0 0 0 20 0 8 0 0
P1406 2012 6 0 0 0 0 0 0 0 0 0 29 0 0 0 24 0 0 0 0 0 0 0 10 0 0 0 0 0 19 0 0 -999
P1406 2012 7 0 5 0 0 0 0 0 0 0 0 0 0 0 0 0 0 0 0 10 0 0 0 0 0 0 14 0 0 0 0 0
P1406 2012 8 0 0 0 0 0 0 0 0 0 0 0 0 0 0 0 0 0 5 0 0 0 0 0 0 0 16 16 0 0 0 0
P1406 2012 9 0 0 0 0 10 0 0 0 0 0 0 0 0 0 0 0 0 0 0 0 0 0 0 0 0 0 0 22 25 0 -999
P1406 2012 10 0 0 0 0 0 0 0 0 19 0 45 0 0 0 23 25 0 0 0 0 0 0 29 12 0 0 24 15 0 30 24
P1406 2012 11 23 53 44 0 0 0 0 0 0 21 39 0 0 1 0 0 0 0 65 38 0 0 0 0 0 0 14 0 40 25 -999
P1406 2012 12 17 0 0 14 20 61 63 63 0 0 15 0 20 103 71 51 47 25 14 10 10 23 0 13 12 0 0 0 0 0 0
P1406 2013 1 32 16 28 63 24 0 14 12 3 0 0 0 0 2 0 0 0 0 0 2 0 0 0 2 1 0 0 0 0 23 13
P1406 2013 2 0 0 0 0 2 3 3 3 0 0 0 0 0 73 43 0 20 53 82 70 0 51 52 95 31 11 0 5 -999 -999 -999
P1406 2013 3 0 0 0 0 15 0 17 0 31 52 112 117 80 0 20 0 33 34 32 26 18 39 53 0 22 0 19 29 0 45 80
P1406 2013 4 36 0 0 18 0 17 27 0 0 0 0 0 0 20 0 0 0 0 11 0 36 17 0 0 53 0 0 0 0 0 -999
P1406 2013 5 0 0 0 0 0 0 0 26 0 37 39 19 0 0 0 0 34 0 0 0 0 0 0 0 10 0 0 0 0 0 0
P1406 2013 6 0 0 0 21 0 0 0 28 41 43 38 0 21 0 0 13 14 0 0 0 0 0 0 0 0 0 0 0 0 18 -999
P1406 2013 7 0 11 0 0 0 22 22 0 0 0 0 0 0 0 0 0 0 0 0 0 0 0 0 0 0 0 0 0 0 0 0
P1406 2013 8 0 0 0 24 21 0 0 0 0 0 0 14 0 0 0 0 0 0 0 7 0 0 0 0 0 0 0 0 25 0 32
P1406 2013 9 0 0 0 0 0 0 0 0 0 0 0 9 0 0 0 4 0 0 0 0 0 0 0 0 0 0 0 0 0 0 -999
P1406 2013 10 0 0 0 0 0 0 0 0 0 13 27 0 0 5 7 0 0 0 10 0 0 0 0 0 0 0 0 7 0 0 0
P1406 2013 11 0 0 0 0 0 0 0 11 0 0 14 10 0 6 0 0 20 145 196 80 78 118 162 89 0 0 61 0 7 0 -999
P1406 2013 12 0 46 21 0 2 0 0 13 12 0 0 0 0 0 0 10 7 0 0 0 0 8 0 0 13 18 27 0 47 28 16
P1406 2014 1 0 7 0 0 0 0 0 0 12 0 6 0 0 14 38 0 0 0 0 0 0 0 0 0 15 22 42 0 107 0 0
P1406 2014 2 0 0 18 30 35 59 34 0 35 59 9 10 0 0 0 0 0 12 17 6 11 5 0 0 0 0 0 32 -999 -999 -999