precip	MIROC5	RCP60	REGRESION	decimas	1
P14847	42.007	-1.289	182	geo	2006	2100	-1
P14847 2006 1 0 0 0 0 7 9 5 0 0 0 0 23 54 37 0 24 24 0 27 0 0 0 14 12 5 0 0 0 0 0 10
P14847 2006 2 0 18 0 10 0 0 3 0 0 0 0 10 0 0 25 0 13 0 0 17 23 0 0 13 8 0 0 8 -999 -999 -999
P14847 2006 3 15 22 30 33 34 35 40 45 33 22 34 33 25 20 0 0 38 0 28 16 19 16 16 0 19 0 12 17 28 0 38
P14847 2006 4 19 13 14 19 16 12 11 26 0 4 3 0 0 0 10 0 14 12 0 11 4 0 0 11 15 0 0 42 0 26 -999
P14847 2006 5 0 22 20 0 0 28 20 13 0 0 0 0 0 0 18 0 16 16 13 14 0 0 0 0 10 0 0 0 0 0 0
P14847 2006 6 0 0 0 0 14 0 13 16 0 16 0 20 0 0 0 0 0 0 0 12 12 0 0 0 0 0 0 0 0 0 -999
P14847 2006 7 0 0 18 0 0 23 0 0 0 0 0 0 0 0 0 0 0 0 0 0 0 0 0 0 22 0 0 0 0 0 0
P14847 2006 8 0 0 0 0 12 0 0 0 0 0 13 0 15 0 20 0 13 0 0 0 0 0 0 16 18 0 0 0 0 16 0
P14847 2006 9 17 0 0 0 16 0 0 0 16 0 0 7 0 0 9 15 21 0 0 11 0 0 18 0 0 11 0 0 0 12 -999
P14847 2006 10 7 0 0 11 0 0 0 0 0 0 0 0 18 0 0 20 0 0 0 0 0 13 0 0 0 13 8 0 0 0 0
P14847 2006 11 0 0 0 0 0 0 0 0 9 0 0 0 0 0 0 0 0 0 0 0 15 0 17 29 16 0 0 0 0 4 -999
P14847 2006 12 0 0 0 5 6 0 0 16 0 0 0 0 22 0 20 0 0 0 0 0 12 0 29 28 18 18 0 0 9 0 8
P14847 2007 1 8 0 0 3 0 0 0 0 0 0 0 0 0 0 4 0 0 0 17 19 12 0 0 0 20 20 0 0 19 14 12
P14847 2007 2 9 0 14 19 13 0 16 33 68 51 25 0 0 10 0 8 0 17 18 16 0 18 21 0 16 0 14 18 -999 -999 -999
P14847 2007 3 14 0 0 17 21 22 14 0 0 0 11 30 37 32 22 0 12 9 0 0 0 0 0 9 0 0 0 0 0 0 0
P14847 2007 4 0 0 0 0 0 0 0 0 0 0 0 18 27 0 11 0 0 0 0 19 0 26 25 23 0 0 16 0 6 0 -999
P14847 2007 5 0 0 0 0 24 20 0 0 0 0 17 23 0 28 19 15 14 20 0 0 0 0 0 0 10 0 0 0 9 0 0
P14847 2007 6 25 23 0 0 20 22 0 0 0 0 0 0 26 0 0 0 15 0 0 15 0 0 22 18 0 14 20 0 0 24 -999
P14847 2007 7 0 20 0 0 0 0 21 0 16 0 29 26 21 0 0 16 0 27 0 0 0 0 0 0 0 0 0 0 0 0 0
P14847 2007 8 0 0 0 0 0 0 12 0 0 0 0 0 0 0 0 0 14 0 0 0 0 0 5 0 16 20 17 19 22 0 0
P14847 2007 9 0 0 0 0 0 0 0 0 0 0 0 0 0 0 0 22 0 0 0 0 0 0 0 13 11 0 0 0 0 0 -999
P14847 2007 10 0 0 0 0 0 0 0 11 0 0 0 22 0 0 0 0 0 0 12 0 0 24 18 15 10 0 0 13 0 0 0
P14847 2007 11 0 6 13 0 0 0 7 0 0 0 0 17 0 0 0 0 0 0 0 0 0 0 0 8 0 7 10 15 17 0 -999
P14847 2007 12 12 9 11 0 0 0 17 0 0 4 0 0 4 0 0 0 13 15 0 9 0 0 0 7 0 6 0 8 0 5 7
P14847 2008 1 11 12 20 22 13 0 0 0 0 0 0 0 9 0 0 0 10 0 0 0 20 20 0 0 11 19 0 20 0 17 20
P14847 2008 2 33 19 19 0 12 0 15 23 14 0 24 19 6 7 10 15 12 24 0 17 10 0 9 0 19 25 0 30 -999 -999 -999
P14847 2008 3 35 0 0 9 0 0 0 0 0 0 0 0 0 0 0 0 0 0 0 0 0 0 0 0 0 0 0 2 0 0 0
P14847 2008 4 5 0 12 18 19 14 5 0 4 0 0 8 0 19 0 0 0 0 0 11 0 7 0 0 0 5 0 0 0 20 -999
P14847 2008 5 17 0 10 9 15 22 18 0 0 19 29 13 15 0 0 19 0 0 16 28 0 22 24 17 0 14 0 0 0 14 0
P14847 2008 6 0 12 12 0 0 0 14 0 14 17 0 21 0 0 18 9 10 0 0 0 0 0 17 0 0 0 17 0 0 0 -999
P14847 2008 7 10 6 0 0 0 0 0 0 0 23 0 0 0 25 0 0 0 22 0 0 0 15 0 0 0 0 0 0 0 0 0
P14847 2008 8 27 0 0 13 0 16 18 0 0 23 0 10 0 16 8 0 0 0 0 0 14 0 0 0 0 0 0 11 0 0 0
P14847 2008 9 0 0 11 0 17 13 11 12 0 0 19 0 0 17 0 10 0 0 15 15 0 0 0 14 0 0 0 13 0 21 -999
P14847 2008 10 15 0 0 0 0 0 0 19 0 0 19 24 21 0 0 11 0 13 12 0 0 0 0 0 15 16 22 0 19 0 0
P14847 2008 11 16 14 24 0 0 0 0 0 0 12 0 16 0 0 0 0 0 0 5 0 0 0 0 0 3 4 0 0 0 5 -999
P14847 2008 12 0 0 0 0 0 7 0 0 9 14 0 10 0 13 0 6 6 6 0 4 0 0 6 5 0 0 7 0 0 0 0
P14847 2009 1 0 0 0 0 8 0 0 0 0 0 0 0 17 12 10 8 0 0 0 2 0 0 0 0 0 0 0 0 0 0 0
P14847 2009 2 0 10 10 12 0 8 12 0 5 4 0 0 0 5 3 0 2 0 0 5 0 5 0 10 0 7 0 0 -999 -999 -999
P14847 2009 3 32 36 30 0 9 0 0 0 34 0 17 0 0 0 27 20 0 15 10 10 0 0 12 15 14 30 22 35 25 27 18
P14847 2009 4 15 33 36 17 0 31 22 12 10 7 0 19 28 21 22 22 12 0 0 19 0 0 0 9 0 6 0 0 18 28 -999
P14847 2009 5 0 0 19 0 20 26 0 13 16 0 29 14 0 0 0 0 0 12 20 0 28 0 28 0 19 0 0 0 14 16 0
P14847 2009 6 15 0 14 17 20 21 21 0 0 0 0 0 11 0 21 25 0 0 0 0 0 0 0 0 0 0 0 0 11 0 -999
P14847 2009 7 0 0 0 20 0 0 0 0 0 25 0 0 24 18 0 0 0 11 0 0 0 20 0 0 0 0 0 0 0 0 0
P14847 2009 8 0 11 0 0 0 0 0 0 0 0 0 0 0 15 0 0 0 0 0 0 0 13 0 0 16 0 0 0 0 0 17
P14847 2009 9 0 0 6 0 0 0 0 0 0 16 0 0 0 11 0 0 0 0 0 0 20 23 0 0 9 0 0 9 0 0 -999
P14847 2009 10 12 0 10 0 0 0 0 0 0 0 0 0 12 0 0 0 0 0 21 15 13 0 7 0 0 0 0 0 0 0 0
P14847 2009 11 0 0 0 0 0 0 0 0 0 0 4 0 0 0 7 0 0 0 0 9 0 0 0 13 0 16 0 0 10 13 -999
P14847 2009 12 0 6 0 8 11 21 33 20 19 26 24 9 6 0 0 0 0 10 16 16 12 0 8 0 0 15 17 0 0 0 0
P14847 2010 1 7 0 14 0 26 18 11 7 7 10 0 0 0 0 0 12 0 4 0 0 0 0 4 0 0 0 6 0 0 9 0
P14847 2010 2 0 0 0 0 10 20 18 11 0 0 0 0 0 0 5 0 0 0 4 8 5 9 8 15 0 4 0 0 -999 -999 -999
P14847 2010 3 0 3 0 0 8 15 0 0 21 19 17 11 6 0 7 0 0 12 23 34 20 6 3 0 0 0 5 0 0 0 0
P14847 2010 4 10 0 17 0 15 0 0 26 22 23 0 0 0 0 29 40 0 0 9 13 0 0 0 10 28 0 0 0 26 23 -999
P14847 2010 5 18 11 17 0 0 16 0 0 0 13 18 0 0 0 0 27 21 14 0 0 0 0 0 13 0 27 30 0 17 15 0
P14847 2010 6 0 0 20 0 12 0 0 0 0 0 0 18 24 0 18 0 16 0 0 0 0 0 0 0 0 0 0 18 0 0 -999
P14847 2010 7 20 0 16 0 0 0 0 0 21 0 0 0 0 0 0 0 0 0 0 0 0 0 0 0 0 0 0 0 0 0 0
P14847 2010 8 0 0 0 15 13 12 15 0 0 0 0 0 18 0 17 0 0 0 0 0 0 0 0 0 0 0 0 9 0 8 16
P14847 2010 9 0 10 0 17 0 0 0 0 0 0 0 21 30 21 20 14 0 12 0 14 0 0 12 0 17 0 0 0 5 0 -999
P14847 2010 10 0 0 0 7 0 0 0 16 19 20 23 0 18 21 0 0 0 0 0 0 18 22 0 12 8 0 6 6 0 10 0
P14847 2010 11 0 4 0 0 0 0 0 0 0 0 0 0 0 0 8 0 0 0 7 6 5 0 0 0 0 5 0 0 0 0 -999
P14847 2010 12 0 8 0 0 13 10 0 6 0 7 0 6 0 23 13 0 5 0 7 0 0 0 0 0 0 0 0 0 0 0 0
P14847 2011 1 0 0 0 0 0 0 0 0 4 0 0 0 0 0 0 5 0 0 2 0 0 14 29 16 0 0 0 0 4 0 5
P14847 2011 2 0 0 0 8 0 0 0 0 0 0 0 9 7 0 7 6 0 0 6 0 9 0 11 0 0 0 0 21 -999 -999 -999
P14847 2011 3 23 16 12 0 0 12 9 0 6 11 14 17 0 0 0 42 60 0 14 0 18 22 23 37 27 11 0 30 17 0 0
P14847 2011 4 16 19 16 16 0 12 11 0 0 20 0 0 0 0 0 0 0 0 0 20 21 15 7 0 0 0 0 0 0 10 -999
P14847 2011 5 0 0 11 0 0 0 0 0 0 25 0 0 13 0 0 0 0 0 10 0 0 0 0 0 0 25 0 0 0 0 19
P14847 2011 6 0 0 0 0 0 9 0 0 0 0 0 0 0 0 19 17 0 0 0 0 0 0 23 0 0 0 24 0 16 0 -999
P14847 2011 7 0 0 0 0 0 0 0 9 0 0 0 0 0 0 0 0 0 0 12 0 0 0 0 0 0 0 0 0 0 0 15
P14847 2011 8 0 0 0 13 6 0 13 0 0 0 0 0 15 0 12 13 0 0 0 0 0 0 0 0 11 0 0 0 0 0 0
P14847 2011 9 0 0 0 0 18 0 8 13 0 32 0 10 0 0 0 5 0 0 0 0 0 0 0 9 0 0 0 0 0 0 -999
P14847 2011 10 0 14 0 0 9 8 0 0 0 0 12 14 0 0 0 0 7 0 0 0 0 0 13 13 13 7 0 9 0 22 0
P14847 2011 11 0 12 10 0 23 0 43 0 0 0 0 0 0 0 0 0 0 13 0 0 0 28 39 35 17 0 0 0 0 0 -999
P14847 2011 12 5 0 15 23 0 0 6 0 0 0 0 0 0 5 0 12 16 15 21 20 26 0 15 12 0 17 13 0 0 0 8
P14847 2012 1 20 23 0 0 0 0 0 0 0 0 0 0 0 0 0 0 0 8 9 0 0 8 0 0 6 5 0 0 0 0 7
P14847 2012 2 0 0 0 19 0 4 0 0 0 0 0 0 0 0 0 0 0 7 14 14 17 0 5 4 10 0 0 9 -999 -999 -999
P14847 2012 3 18 33 0 0 0 12 0 0 0 0 0 0 0 10 0 0 0 21 19 0 23 0 13 0 14 0 0 0 0 0 0
P14847 2012 4 0 0 9 0 0 0 19 0 11 0 0 13 24 0 31 23 26 21 18 16 0 0 0 0 31 0 28 0 20 0 -999
P14847 2012 5 22 20 22 0 0 0 17 23 0 0 0 20 23 0 0 17 15 0 13 0 12 15 15 13 0 27 0 0 9 7 0
P14847 2012 6 7 9 0 0 0 7 10 0 0 0 0 19 21 22 0 0 0 0 0 19 0 14 0 0 0 11 0 20 28 21 -999
P14847 2012 7 0 0 0 0 0 0 0 0 0 0 24 0 0 0 0 0 0 0 24 18 17 0 18 21 0 21 0 10 0 0 18
P14847 2012 8 0 0 0 0 0 17 0 0 0 21 0 0 0 0 17 0 0 0 11 9 9 0 11 11 11 0 0 0 0 0 0
P14847 2012 9 0 0 0 0 16 0 0 0 0 0 10 0 0 10 0 9 0 0 12 0 0 0 0 0 0 0 0 0 0 16 -999
P14847 2012 10 12 0 8 0 0 0 6 11 18 19 0 0 0 0 12 0 0 0 0 0 0 0 0 0 0 0 0 12 9 0 0
P14847 2012 11 12 22 26 21 9 0 0 0 0 10 20 12 0 0 0 0 0 15 0 23 10 0 0 0 0 6 0 0 18 0 -999
P14847 2012 12 0 10 13 12 0 20 0 18 0 0 0 0 0 27 25 27 26 22 0 0 5 9 0 0 6 0 5 0 0 11 28
P14847 2013 1 23 12 10 15 11 6 6 0 0 0 0 0 2 0 0 0 0 0 0 3 0 0 0 0 0 0 0 0 5 0 0
P14847 2013 2 0 0 0 0 3 0 3 0 0 0 0 0 0 33 23 0 10 15 24 0 0 21 17 30 18 10 0 0 -999 -999 -999
P14847 2013 3 6 0 6 0 0 7 0 0 23 22 32 29 30 18 10 0 19 0 0 0 13 22 0 0 0 0 0 0 30 0 42
P14847 2013 4 34 0 0 0 0 15 18 9 0 0 0 0 0 18 16 0 13 0 0 13 21 18 0 0 34 0 0 0 0 0 -999
P14847 2013 5 0 0 0 0 0 0 11 0 0 27 27 23 12 0 18 28 0 21 0 0 0 0 0 0 0 0 0 0 12 0 0
P14847 2013 6 0 21 0 0 0 0 22 0 0 0 25 26 0 21 0 0 0 0 0 0 0 0 0 0 0 0 39 0 0 23 -999
P14847 2013 7 0 0 0 0 0 0 0 0 0 0 0 0 0 0 0 0 22 0 0 15 21 0 0 0 19 0 0 0 0 0 0
P14847 2013 8 0 0 0 29 30 24 0 0 20 0 0 19 10 9 0 0 0 0 0 0 0 0 0 0 0 0 0 13 0 22 25
P14847 2013 9 17 16 0 9 0 0 0 11 0 0 16 0 0 0 0 0 0 0 0 0 0 0 0 0 8 0 0 7 0 6 -999
P14847 2013 10 0 0 0 8 0 0 0 10 0 12 0 0 12 0 0 0 0 0 0 0 7 0 6 0 0 0 0 0 0 0 0
P14847 2013 11 0 0 0 0 0 0 0 7 9 11 14 12 0 7 0 0 10 38 62 50 0 23 31 36 0 20 23 22 0 7 -999
P14847 2013 12 0 18 10 17 0 0 10 0 7 0 0 0 0 0 7 0 0 0 0 0 6 0 8 0 0 0 0 12 0 19 0
P14847 2014 1 0 0 4 0 9 0 0 0 11 0 0 0 6 5 9 0 0 0 0 0 0 0 0 0 9 0 18 0 52 49 22
P14847 2014 2 0 18 14 0 9 0 15 27 16 18 0 7 0 6 0 0 0 0 16 0 0 0 0 0 0 0 0 20 -999 -999 -999