precip	MIROC5	RCP60	REGRESION	decimas	1
P14190	41.695	0.970	182	geo	2006	2100	-1
P14190 2006 1 0 0 0 0 0 0 0 7 0 0 0 0 43 45 0 17 16 16 27 0 0 3 0 0 0 0 0 0 0 16 0
P14190 2006 2 0 12 19 0 0 0 0 0 0 0 0 6 12 21 0 32 0 0 0 0 30 21 16 11 0 0 0 0 -999 -999 -999
P14190 2006 3 0 17 23 27 26 27 36 47 38 19 34 44 0 18 0 0 0 29 0 14 15 0 15 11 0 0 0 0 0 0 33
P14190 2006 4 0 0 0 0 0 12 0 0 0 0 0 0 0 9 0 0 0 0 13 18 0 3 4 0 0 0 35 61 47 26 -999
P14190 2006 5 24 21 0 0 13 24 0 0 0 0 0 0 13 0 32 12 0 21 9 11 7 0 6 0 8 0 0 0 14 0 0
P14190 2006 6 0 0 0 0 13 0 0 0 0 0 0 0 18 14 0 15 0 0 0 0 0 0 0 0 0 20 0 16 0 21 -999
P14190 2006 7 0 23 0 0 0 0 27 0 0 0 0 0 0 0 13 0 0 0 0 0 26 25 0 0 19 0 22 13 0 0 0
P14190 2006 8 0 23 9 0 0 0 0 0 0 0 0 0 0 22 17 12 0 0 7 14 18 0 0 13 0 0 0 0 7 0 0
P14190 2006 9 0 0 14 0 0 0 0 9 0 22 0 0 0 0 0 0 0 26 33 0 0 0 0 0 0 25 0 0 0 0 -999
P14190 2006 10 0 0 0 0 7 0 0 0 0 10 0 0 17 0 23 25 11 4 0 0 0 12 0 0 0 0 0 0 0 1 0
P14190 2006 11 0 0 0 0 0 0 0 0 9 7 6 0 0 0 0 0 0 0 0 0 0 0 0 35 20 0 1 0 0 0 -999
P14190 2006 12 0 0 0 0 5 10 21 13 0 0 19 26 0 23 0 0 16 0 0 8 0 14 25 0 0 0 0 0 0 7 6
P14190 2007 1 0 0 0 0 0 0 0 0 0 0 0 0 0 0 0 0 0 0 17 0 0 8 0 0 20 30 27 17 19 13 0
P14190 2007 2 0 0 0 0 13 15 0 32 66 49 29 19 0 0 0 0 0 0 17 13 21 18 21 29 0 0 7 0 -999 -999 -999
P14190 2007 3 0 7 0 11 21 0 0 0 0 4 6 27 49 26 22 0 0 0 0 10 0 0 16 0 0 0 0 0 0 0 0
P14190 2007 4 2 0 0 0 26 0 0 0 1 0 0 0 25 0 0 0 0 0 26 19 23 25 22 22 0 0 0 13 7 0 -999
P14190 2007 5 0 0 0 0 0 0 22 11 0 14 0 0 43 45 0 0 0 0 25 25 17 0 0 0 0 9 4 0 0 0 0
P14190 2007 6 0 27 0 16 0 23 0 0 0 0 0 0 28 0 0 0 0 0 0 17 0 0 0 0 0 0 0 23 29 0 -999
P14190 2007 7 0 24 27 39 0 0 0 0 0 0 0 31 28 0 0 0 0 0 41 29 18 0 0 0 0 0 20 0 0 0 0
P14190 2007 8 0 0 17 30 25 0 0 0 0 0 0 0 0 0 0 0 13 17 22 24 0 0 0 0 0 31 18 0 0 0 0
P14190 2007 9 0 0 0 7 0 0 0 0 0 0 12 0 0 0 0 22 0 0 0 0 0 0 0 13 0 0 0 0 0 0 -999
P14190 2007 10 0 0 0 0 0 0 0 0 0 14 0 0 26 21 7 0 0 0 14 0 0 0 0 0 7 4 0 0 0 0 0
P14190 2007 11 5 0 0 0 0 0 0 0 0 0 13 0 0 0 0 0 0 0 0 0 0 0 0 5 0 0 0 0 21 32 -999
P14190 2007 12 0 10 0 0 36 38 0 0 0 0 1 0 1 0 0 5 8 0 0 0 0 0 0 0 0 3 0 6 0 2 0
P14190 2008 1 9 0 22 23 17 4 0 0 21 16 0 0 0 9 0 0 0 0 5 8 13 13 12 5 0 0 14 14 0 12 15
P14190 2008 2 0 17 11 0 0 0 13 16 16 0 26 24 0 0 4 14 0 0 54 16 0 0 0 23 41 41 46 78 -999 -999 -999
P14190 2008 3 82 0 0 0 0 0 0 0 0 0 0 0 0 11 9 0 0 0 0 0 0 0 0 0 0 0 0 0 0 0 0
P14190 2008 4 2 0 0 0 20 0 2 0 0 0 0 5 0 22 22 29 0 17 0 0 0 0 0 0 0 0 0 0 0 24 -999
P14190 2008 5 0 0 16 0 14 34 0 15 0 14 24 0 0 23 15 0 0 0 15 25 31 21 20 0 0 0 0 9 0 9 0
P14190 2008 6 21 0 9 0 0 0 0 0 10 15 0 0 0 0 22 0 0 0 0 0 0 0 0 0 0 0 0 0 0 0 -999
P14190 2008 7 0 0 0 0 12 0 0 0 0 0 0 0 0 0 31 0 0 21 0 0 0 15 0 15 15 0 0 0 0 0 0
P14190 2008 8 0 0 29 0 19 0 0 0 0 0 24 0 0 0 0 0 0 0 0 0 0 18 0 0 0 0 29 15 0 0 0
P14190 2008 9 8 0 9 0 0 0 0 0 0 16 0 0 0 0 0 0 13 0 0 0 0 0 0 0 0 0 0 0 0 22 -999
P14190 2008 10 0 0 0 10 0 0 0 0 0 0 0 26 0 24 0 0 0 0 0 0 0 0 0 16 0 13 24 0 23 20 9
P14190 2008 11 13 0 24 0 0 0 0 0 15 0 10 0 0 3 0 0 0 0 0 0 0 0 0 0 0 0 2 0 0 0 -999
P14190 2008 12 0 0 1 0 0 11 10 0 10 0 21 0 0 0 10 0 0 0 0 1 0 0 4 0 0 4 0 4 0 0 0
P14190 2009 1 0 2 0 0 0 0 0 0 0 0 0 0 27 0 0 6 0 0 0 0 0 0 0 0 0 0 0 0 0 0 0
P14190 2009 2 0 8 6 9 0 0 14 0 0 0 4 0 0 0 0 2 0 0 0 2 0 0 3 0 0 6 3 0 -999 -999 -999
P14190 2009 3 26 0 27 0 0 0 0 12 35 34 19 0 0 0 28 19 0 7 0 0 0 0 0 0 0 28 21 36 18 25 0
P14190 2009 4 0 0 52 18 0 33 0 0 0 0 0 20 0 34 21 0 0 12 0 21 26 22 0 8 0 0 5 0 12 18 -999
P14190 2009 5 46 53 0 0 23 32 14 14 0 35 39 0 0 0 0 0 0 0 21 0 0 0 0 25 17 0 0 12 0 0 0
P14190 2009 6 0 0 0 0 0 0 20 0 9 0 0 0 0 0 21 30 31 0 0 0 0 0 19 0 0 0 0 0 0 0 -999
P14190 2009 7 0 18 0 0 20 0 0 0 0 30 0 29 34 23 0 0 0 0 0 15 0 17 0 0 0 18 0 0 0 0 0
P14190 2009 8 0 0 0 0 0 0 0 0 15 24 27 13 0 16 0 0 0 0 0 0 0 0 0 0 18 17 0 0 0 0 0
P14190 2009 9 28 22 0 0 0 7 0 0 0 0 28 33 23 14 0 22 0 0 15 0 0 31 0 0 0 5 0 0 5 0 -999
P14190 2009 10 0 0 0 0 0 0 0 0 0 0 0 0 9 0 6 11 0 29 32 0 0 0 0 9 10 0 0 4 0 0 0
P14190 2009 11 0 2 0 0 0 0 0 0 5 0 0 0 2 0 0 0 0 0 0 0 0 0 0 10 8 23 16 0 0 0 -999
P14190 2009 12 0 2 5 0 0 0 33 42 0 18 28 0 3 0 0 0 0 0 0 0 0 0 0 0 0 0 0 17 13 5 0
P14190 2010 1 0 0 17 0 22 0 0 6 0 0 0 8 0 0 0 0 0 0 0 0 0 0 0 0 0 0 0 0 0 0 12
P14190 2010 2 0 0 0 0 6 25 20 0 5 0 0 0 0 0 0 0 0 0 0 0 0 0 7 13 0 0 0 0 -999 -999 -999
P14190 2010 3 0 1 0 0 0 0 24 19 19 0 0 11 0 0 3 0 0 0 17 52 0 0 0 0 0 0 0 0 0 0 0
P14190 2010 4 0 9 12 0 12 10 16 0 0 0 26 29 32 33 28 44 0 14 7 11 19 0 0 0 0 22 0 0 31 0 -999
P14190 2010 5 0 0 15 0 21 0 0 13 11 14 23 34 0 0 23 28 0 0 0 11 0 13 0 15 14 0 34 0 0 18 0
P14190 2010 6 27 0 21 0 0 0 0 0 0 0 0 19 0 0 0 0 19 0 0 0 0 0 0 9 0 0 0 22 0 23 -999
P14190 2010 7 0 20 23 0 0 18 0 0 20 0 0 0 0 0 0 0 0 15 0 0 0 0 0 19 0 0 0 13 0 0 0
P14190 2010 8 0 0 0 18 0 0 0 17 0 0 0 0 0 12 0 19 0 0 17 0 0 0 11 16 0 19 0 0 0 0 0
P14190 2010 9 0 6 15 19 0 0 0 0 0 35 43 0 43 0 0 0 0 0 13 9 0 0 0 18 0 0 0 0 0 0 -999
P14190 2010 10 0 0 0 0 0 0 0 13 0 0 0 8 13 22 0 11 0 5 0 0 0 0 37 14 0 0 0 0 0 0 0
P14190 2010 11 0 0 0 0 0 0 0 0 0 0 0 0 0 0 0 0 0 2 0 0 2 0 0 0 0 0 0 0 0 0 -999
P14190 2010 12 0 0 0 0 0 0 0 0 0 4 0 0 0 26 22 0 0 0 0 0 0 0 0 0 3 0 0 2 0 0 0
P14190 2011 1 0 0 0 4 0 0 0 3 0 0 0 0 0 0 0 0 0 0 0 0 0 7 23 16 0 0 0 0 0 0 0
P14190 2011 2 0 0 0 0 0 0 0 0 0 0 0 0 0 0 0 0 0 0 3 0 0 0 0 0 0 0 8 0 -999 -999 -999
P14190 2011 3 24 0 0 15 18 12 0 2 1 0 0 12 11 0 16 38 67 29 0 0 17 16 0 24 24 0 11 27 21 0 0
P14190 2011 4 0 0 0 16 12 0 6 9 11 16 15 0 27 33 0 7 0 31 19 18 19 0 0 0 0 0 0 0 0 0 -999
P14190 2011 5 9 0 11 0 0 0 0 0 0 0 0 0 10 13 13 0 0 0 0 0 22 0 12 0 0 20 0 24 35 43 25
P14190 2011 6 14 0 0 0 0 0 0 0 15 0 26 20 0 28 0 19 0 0 0 0 0 0 23 23 30 25 33 0 17 17 -999
P14190 2011 7 0 0 0 0 22 22 0 0 0 0 0 0 0 0 26 0 0 0 0 0 0 0 18 0 0 0 0 0 0 0 22
P14190 2011 8 8 0 0 0 0 0 0 0 0 0 0 0 17 11 0 0 0 0 0 0 0 0 19 14 0 0 0 0 0 0 28
P14190 2011 9 42 0 0 0 0 0 0 0 0 40 21 0 0 0 5 3 0 0 0 0 0 0 11 0 0 0 0 3 0 0 -999
P14190 2011 10 0 15 0 0 0 0 0 0 0 0 0 0 0 0 0 0 0 0 5 0 0 0 15 13 0 0 0 0 0 0 45
P14190 2011 11 22 0 8 8 19 0 58 41 0 0 8 0 19 7 0 0 0 9 0 0 0 0 57 0 0 6 0 0 0 0 -999
P14190 2011 12 0 0 0 26 11 0 0 0 0 0 0 0 0 0 0 0 12 0 17 0 25 10 9 0 4 17 0 0 0 0 0
P14190 2012 1 15 30 6 0 0 0 0 0 0 0 0 0 0 0 0 0 0 0 14 0 18 10 0 0 7 0 8 0 0 0 0
P14190 2012 2 0 3 0 23 0 0 0 0 0 0 0 0 0 0 3 0 0 0 0 14 0 0 0 2 8 0 0 7 -999 -999 -999
P14190 2012 3 0 29 0 35 0 0 0 0 0 0 0 0 6 7 0 0 0 21 15 0 23 0 0 10 12 6 0 0 0 0 0
P14190 2012 4 0 0 0 0 0 0 0 0 0 0 0 0 0 0 31 18 0 29 21 15 10 0 0 20 32 38 41 42 19 18 -999
P14190 2012 5 23 0 37 0 10 10 25 42 26 0 0 16 21 20 0 16 0 12 0 0 11 15 16 0 0 34 22 14 0 0 0
P14190 2012 6 8 0 0 0 4 0 0 15 29 24 0 0 23 30 29 17 0 0 0 0 23 0 0 6 0 0 0 0 0 36 -999
P14190 2012 7 0 0 0 9 0 0 0 0 0 0 25 25 0 0 13 0 0 50 0 0 0 17 19 24 0 0 15 0 0 14 20
P14190 2012 8 17 0 0 0 0 0 0 8 9 14 20 0 0 0 0 0 0 17 0 0 0 0 10 0 8 0 8 0 0 0 6
P14190 2012 9 0 9 0 0 0 0 27 0 0 0 9 0 0 0 0 0 0 13 0 0 12 0 0 0 20 0 0 11 0 0 -999
P14190 2012 10 0 0 0 0 0 0 0 7 16 16 0 0 0 0 0 0 0 0 11 0 0 0 24 0 0 11 0 0 0 0 9
P14190 2012 11 0 16 24 37 0 0 0 0 0 6 17 0 0 0 0 0 0 13 0 30 0 0 0 0 0 0 4 0 0 22 -999
P14190 2012 12 0 16 0 0 0 0 42 0 0 0 0 0 7 25 21 0 22 22 0 0 0 9 7 5 0 0 0 0 0 10 0
P14190 2013 1 0 0 0 0 0 0 2 0 0 0 0 0 0 0 0 0 0 0 0 0 0 0 3 0 0 0 0 0 0 0 8
P14190 2013 2 0 0 0 0 0 0 0 0 0 0 0 0 0 29 18 0 0 0 19 13 18 0 12 0 16 0 0 0 -999 -999 -999
P14190 2013 3 0 0 5 0 0 0 0 20 0 0 0 25 25 0 0 0 18 0 12 14 8 23 36 0 13 16 15 25 50 47 47
P14190 2013 4 63 0 0 7 16 14 0 5 1 0 0 0 0 15 0 14 13 0 0 0 0 0 0 12 38 36 0 0 0 0 -999
P14190 2013 5 0 0 0 0 19 11 0 28 33 0 28 23 13 10 17 33 35 26 16 17 14 4 0 0 0 0 0 0 10 0 0
P14190 2013 6 20 0 0 16 15 0 0 0 41 0 0 26 26 0 0 0 12 0 0 0 0 0 0 10 13 0 67 41 0 0 -999
P14190 2013 7 0 0 0 0 0 0 0 39 0 0 0 17 17 0 10 0 0 0 0 0 0 0 21 0 0 0 0 0 0 0 19
P14190 2013 8 18 0 0 0 0 39 0 33 0 0 20 0 0 0 0 0 0 0 0 0 0 0 0 0 16 0 0 0 0 19 0
P14190 2013 9 17 0 31 0 0 0 0 0 0 0 14 0 12 6 5 0 0 0 0 0 23 39 0 0 0 0 0 0 0 0 -999
P14190 2013 10 0 0 0 7 6 0 7 0 0 0 18 0 0 0 0 0 0 23 0 0 0 0 0 9 0 0 9 0 0 0 0
P14190 2013 11 0 0 0 0 0 0 0 5 7 0 12 0 6 0 0 0 6 25 73 57 0 0 22 28 26 0 23 32 0 0 -999
P14190 2013 12 0 0 6 11 0 0 8 0 0 0 0 0 0 6 0 0 0 0 0 0 0 0 0 0 0 0 13 0 0 20 0
P14190 2014 1 0 0 0 4 0 7 0 6 0 0 0 3 0 0 0 0 0 0 0 0 0 0 0 0 0 9 0 19 56 53 21
P14190 2014 2 0 14 16 0 0 0 14 25 17 11 3 0 0 0 0 0 0 0 15 0 0 0 0 0 0 0 0 25 -999 -999 -999