precip	MIROC5	RCP60	REGRESION	decimas	1
P10429	40.699	-6.396	182	geo	2006	2100	-1
P10429 2006 1 0 8 0 0 9 21 0 0 10 8 28 108 180 29 78 100 96 75 0 12 5 17 23 0 0 0 26 0 0 37 0
P10429 2006 2 0 80 33 28 15 0 0 3 0 0 7 0 0 0 0 0 17 0 34 22 8 0 6 0 4 3 0 12 -999 -999 -999
P10429 2006 3 45 73 109 131 99 115 101 94 57 49 49 0 31 29 37 83 135 131 96 59 62 54 51 38 43 52 54 60 67 52 42
P10429 2006 4 29 59 0 40 27 13 0 0 0 0 3 0 0 0 0 0 0 0 0 0 0 2 0 0 30 0 45 33 20 20 -999
P10429 2006 5 0 27 28 41 37 58 25 13 0 0 0 0 0 27 21 0 16 11 25 20 7 0 0 9 0 0 11 0 25 0 0
P10429 2006 6 0 0 0 0 0 0 0 0 0 0 0 24 21 0 9 0 0 0 15 0 14 0 0 17 20 0 24 0 0 27 -999
P10429 2006 7 20 0 0 0 0 0 0 0 0 0 0 0 0 0 0 0 0 0 0 0 0 0 0 0 0 0 0 0 0 0 0
P10429 2006 8 0 0 0 0 0 0 0 0 0 0 0 0 0 28 0 0 0 0 0 0 0 0 15 18 0 0 9 0 0 27 0
P10429 2006 9 0 0 28 0 24 0 0 0 26 0 0 10 0 0 0 0 0 0 9 18 0 17 0 15 0 6 0 14 15 7 -999
P10429 2006 10 0 0 0 20 0 20 0 11 0 19 0 0 26 0 0 18 0 0 0 0 0 16 8 0 0 28 14 35 19 19 0
P10429 2006 11 26 0 0 0 0 0 46 28 14 0 0 0 0 0 0 0 0 0 0 13 0 0 21 0 9 6 0 0 3 0 -999
P10429 2006 12 0 0 0 0 0 0 13 66 76 0 0 26 27 32 87 90 0 0 0 0 19 56 104 50 65 56 43 44 66 38 20
P10429 2007 1 0 32 0 0 0 0 0 0 0 0 0 0 4 0 0 0 0 0 6 0 0 0 0 0 7 7 0 13 13 14 0
P10429 2007 2 6 12 17 0 0 6 21 68 149 89 28 19 8 10 11 6 0 34 0 0 21 0 31 29 49 47 53 29 -999 -999 -999
P10429 2007 3 20 30 0 55 0 25 16 0 0 0 20 28 36 75 0 16 32 21 18 0 28 17 0 0 0 0 0 0 0 0 0
P10429 2007 4 0 0 0 0 0 17 2 0 0 0 0 0 50 0 0 23 36 55 61 41 0 0 31 27 12 10 0 0 2 0 -999
P10429 2007 5 0 0 0 0 0 0 0 0 24 0 0 0 0 0 23 0 16 0 29 12 0 0 0 0 0 0 0 0 8 10 0
P10429 2007 6 17 0 15 15 17 18 0 7 0 0 0 0 28 17 0 7 0 0 15 0 0 0 26 0 14 0 0 0 0 0 -999
P10429 2007 7 0 0 20 0 18 0 0 0 0 28 34 0 0 0 0 0 25 0 0 0 0 0 0 0 0 0 0 0 0 0 0
P10429 2007 8 0 0 0 0 0 0 0 0 0 0 0 0 0 0 0 0 0 0 26 0 22 8 5 0 0 21 0 0 15 10 0
P10429 2007 9 0 0 0 0 0 0 0 0 0 0 0 0 0 0 0 11 0 0 0 0 0 0 0 0 0 18 0 0 16 0 -999
P10429 2007 10 14 0 0 12 9 0 13 0 0 18 14 26 0 52 0 30 50 0 19 0 30 0 71 0 0 0 47 0 12 0 11
P10429 2007 11 0 5 0 0 0 11 0 0 23 0 0 48 26 40 0 0 0 0 0 0 3 0 2 6 0 9 12 4 0 7 -999
P10429 2007 12 0 0 0 7 4 0 0 0 0 0 4 0 0 0 7 0 30 23 0 4 0 0 0 0 26 0 20 0 0 0 0
P10429 2008 1 0 14 24 33 0 0 0 0 0 0 3 0 9 0 17 0 10 6 24 32 76 75 22 18 0 106 90 50 53 67 100
P10429 2008 2 138 65 109 61 49 77 51 78 32 37 53 13 16 0 52 44 0 68 38 0 0 0 7 0 7 18 27 16 -999 -999 -999
P10429 2008 3 5 7 11 0 0 0 0 0 0 0 0 22 25 10 0 0 0 0 0 0 0 17 0 16 19 11 0 0 0 0 0
P10429 2008 4 4 0 13 0 0 0 0 0 0 0 0 0 18 0 0 0 0 17 8 10 10 0 0 0 0 0 0 0 16 0 -999
P10429 2008 5 14 0 0 0 12 0 0 5 0 27 56 28 26 35 20 16 0 0 0 33 24 35 47 14 9 0 9 0 0 17 0
P10429 2008 6 0 0 11 0 0 0 0 0 0 0 0 0 19 47 0 0 16 20 9 0 0 0 0 0 0 0 0 28 0 0 -999
P10429 2008 7 7 0 0 0 0 0 0 0 0 14 0 14 0 0 25 0 0 0 0 0 0 0 0 0 0 0 0 22 0 0 0
P10429 2008 8 0 0 0 0 0 0 0 0 0 0 0 0 0 12 0 0 12 0 0 0 0 0 0 0 0 0 0 0 5 0 0
P10429 2008 9 0 0 0 0 0 0 12 0 0 0 0 0 0 38 0 0 0 0 17 0 0 0 0 0 29 20 0 0 47 0 -999
P10429 2008 10 39 29 0 14 0 8 17 0 6 11 0 43 42 0 0 0 0 0 0 21 0 25 31 25 24 48 42 0 15 7 23
P10429 2008 11 14 5 25 6 2 0 0 0 0 7 19 0 0 5 0 0 30 49 0 13 0 0 0 0 0 0 0 0 0 2 -999
P10429 2008 12 0 0 0 0 0 1 0 2 7 20 0 4 9 0 3 0 5 0 7 0 7 0 0 17 45 33 25 18 0 0 0
P10429 2009 1 0 0 0 2 0 5 2 0 5 2 0 6 5 8 0 0 0 0 0 0 0 0 0 0 0 0 0 0 0 0 0
P10429 2009 2 0 0 5 7 3 2 1 1 0 2 2 1 3 0 1 0 0 0 0 3 1 0 0 0 0 0 2 15 -999 -999 -999
P10429 2009 3 35 39 35 0 0 0 14 45 21 0 0 7 0 14 0 31 83 81 58 0 0 0 0 32 0 60 0 75 79 57 24
P10429 2009 4 17 0 8 14 0 0 0 9 5 5 0 0 16 16 11 5 0 0 12 0 0 4 0 5 6 0 14 25 38 47 -999
P10429 2009 5 29 29 20 22 21 0 16 0 22 13 0 7 0 0 0 4 0 10 0 0 0 22 0 0 0 0 7 0 13 0 0
P10429 2009 6 12 0 13 0 0 20 0 0 0 0 0 0 9 0 0 0 0 0 0 0 0 12 0 20 0 0 0 14 0 0 -999
P10429 2009 7 0 0 0 0 0 0 0 0 0 0 0 0 25 11 0 0 0 0 0 21 0 0 0 0 0 0 12 0 0 22 0
P10429 2009 8 0 0 0 0 0 0 0 0 12 0 0 0 0 0 0 0 0 0 0 0 0 17 0 21 0 0 0 11 0 0 0
P10429 2009 9 0 23 0 0 0 0 0 0 0 0 26 0 0 0 0 0 0 0 0 0 0 0 0 16 0 0 0 0 0 0 -999
P10429 2009 10 12 0 0 0 5 0 0 7 10 0 16 17 17 16 0 20 23 18 0 11 0 8 0 52 0 0 7 0 0 0 0
P10429 2009 11 0 0 0 7 0 0 12 0 0 0 0 12 0 0 19 0 11 0 0 33 8 0 59 22 0 0 11 20 0 30 -999
P10429 2009 12 22 0 57 31 87 54 46 26 23 59 0 0 23 16 12 12 31 59 38 0 0 22 31 35 54 0 51 46 26 22 24
P10429 2010 1 23 22 48 78 36 0 6 0 14 8 5 6 14 0 13 13 18 13 0 0 0 0 1 0 0 0 0 0 0 0 0
P10429 2010 2 10 7 0 0 0 0 0 0 2 0 0 0 0 0 1 0 0 0 4 0 2 4 0 0 0 0 3 0 -999 -999 -999
P10429 2010 3 0 5 0 0 10 0 0 10 43 42 22 0 7 0 6 0 8 24 49 0 0 0 0 0 0 0 0 0 4 0 11
P10429 2010 4 19 0 31 18 0 0 27 43 42 31 0 15 11 0 51 20 0 0 0 0 14 11 0 19 16 0 5 11 21 13 -999
P10429 2010 5 0 0 19 0 0 0 0 0 0 0 0 0 0 10 16 21 15 0 10 0 0 0 0 8 0 39 33 17 17 0 5
P10429 2010 6 9 20 19 0 11 8 12 0 0 0 0 0 0 0 0 0 11 0 0 0 0 0 0 0 0 0 0 15 0 0 -999
P10429 2010 7 0 25 0 0 0 0 24 0 0 0 0 0 8 0 0 0 0 0 0 0 0 0 0 0 0 0 0 0 0 0 0
P10429 2010 8 0 0 0 0 0 0 0 0 0 0 0 0 0 0 0 0 0 0 0 0 0 0 0 0 0 0 0 0 0 0 0
P10429 2010 9 0 0 0 0 9 0 0 0 0 0 14 23 0 9 13 0 8 0 0 0 14 20 0 0 0 0 0 0 0 10 -999
P10429 2010 10 0 0 0 0 0 0 0 0 26 44 63 45 70 37 24 12 9 16 27 9 0 20 0 0 18 0 7 13 24 10 11
P10429 2010 11 0 5 15 0 0 0 0 0 0 0 0 0 0 0 0 0 15 12 0 0 0 0 0 0 0 7 0 0 0 0 -999
P10429 2010 12 0 0 4 0 8 0 11 0 0 0 0 0 0 0 0 4 16 13 0 0 0 0 0 0 0 0 0 0 0 0 0
P10429 2011 1 0 0 10 19 26 3 0 0 3 5 0 0 0 0 23 0 0 0 0 0 6 24 36 15 25 12 12 0 1 2 9
P10429 2011 2 0 10 11 0 53 53 41 19 0 0 13 22 14 0 19 10 0 0 0 0 0 40 19 0 0 0 0 30 -999 -999 -999
P10429 2011 3 30 21 0 0 0 9 7 0 0 0 18 25 17 17 36 74 34 25 16 24 22 0 81 166 43 18 38 81 0 0 0
P10429 2011 4 18 0 22 13 0 0 0 0 23 18 18 0 0 0 0 0 0 24 19 24 23 14 0 0 0 0 0 0 0 0 -999
P10429 2011 5 0 15 7 0 3 5 0 0 0 0 0 0 0 0 23 0 0 0 0 0 33 0 0 0 20 0 0 0 0 6 8
P10429 2011 6 0 0 0 0 0 0 0 0 0 0 0 0 0 0 0 0 0 0 9 9 0 0 0 0 0 18 18 0 0 0 -999
P10429 2011 7 0 0 0 0 0 0 0 0 0 0 0 0 0 14 0 0 0 0 0 0 0 0 0 0 0 0 0 0 0 0 0
P10429 2011 8 0 0 0 0 0 0 0 0 0 0 0 0 0 0 0 0 0 0 0 15 0 0 0 0 0 0 0 16 0 22 0
P10429 2011 9 0 0 10 0 0 0 0 20 0 35 5 0 0 0 0 0 0 0 0 0 0 7 0 0 0 11 0 0 0 0 -999
P10429 2011 10 0 0 0 5 0 0 0 0 9 0 0 0 0 30 26 18 0 21 0 0 0 0 0 0 0 0 14 0 12 0 0
P10429 2011 11 0 3 10 27 54 64 26 0 0 0 0 0 0 6 0 0 47 19 8 0 14 40 26 0 0 8 0 13 4 0 -999
P10429 2011 12 0 29 0 2 4 7 0 0 3 0 0 20 11 0 14 65 64 69 70 0 60 31 30 0 42 31 41 36 45 0 76
P10429 2012 1 59 0 0 0 0 0 0 0 0 0 0 0 0 0 0 0 1 0 1 0 2 0 0 0 1 0 0 13 22 17 3
P10429 2012 2 0 15 23 9 0 0 0 5 0 2 0 0 0 3 0 0 0 0 0 24 9 0 0 0 6 0 0 9 -999 -999 -999
P10429 2012 3 31 0 19 0 0 11 6 0 0 0 0 0 18 0 0 0 22 16 24 47 49 20 0 39 20 3 0 0 0 0 4
P10429 2012 4 0 0 0 0 0 0 22 0 0 2 3 0 14 59 50 0 22 0 0 0 0 0 11 40 36 24 31 41 33 31 -999
P10429 2012 5 0 20 17 0 0 0 0 0 0 0 0 22 25 39 31 23 20 0 0 9 12 0 0 0 0 20 0 7 0 0 0
P10429 2012 6 0 0 0 0 0 0 0 0 0 19 0 0 16 0 0 0 0 0 16 0 0 0 0 8 0 0 0 0 0 0 -999
P10429 2012 7 10 0 0 0 0 0 22 0 0 0 0 0 20 0 0 0 0 0 0 0 14 0 0 0 27 0 0 0 0 0 0
P10429 2012 8 0 0 0 0 0 0 0 0 0 0 0 0 0 0 0 0 0 0 0 0 0 0 11 0 0 0 0 0 0 9 0
P10429 2012 9 0 0 0 0 0 0 0 0 0 0 0 0 0 10 0 0 0 0 0 12 0 0 0 0 0 0 13 14 18 0 -999
P10429 2012 10 8 0 0 0 0 0 0 0 0 42 66 0 12 14 36 38 38 0 42 0 25 31 20 10 0 0 0 22 27 64 24
P10429 2012 11 58 56 0 15 21 30 8 15 15 50 34 0 0 5 5 0 0 50 69 51 0 0 8 0 0 0 0 31 44 0 -999
P10429 2012 12 0 0 0 0 0 75 76 69 16 30 0 0 0 57 50 54 34 14 0 12 24 28 11 33 17 12 0 7 17 0 0
P10429 2013 1 15 0 0 49 26 8 30 0 0 17 14 7 0 0 0 0 0 2 0 0 0 1 0 0 0 2 0 0 24 34 6
P10429 2013 2 0 0 0 0 4 6 0 0 17 0 0 0 34 80 0 0 16 70 0 71 58 68 58 80 0 0 0 0 -999 -999 -999
P10429 2013 3 11 16 0 22 0 0 0 0 24 61 116 109 72 29 38 48 39 39 47 29 20 55 50 37 0 15 21 35 0 49 55
P10429 2013 4 30 11 0 21 0 25 25 9 0 5 0 0 20 0 0 0 5 0 14 0 39 22 15 35 45 0 0 0 0 11 -999
P10429 2013 5 0 8 0 21 7 0 0 0 26 37 35 16 0 0 34 34 25 26 18 0 0 0 0 0 0 0 0 0 0 0 0
P10429 2013 6 0 0 31 0 0 0 0 41 47 51 44 38 25 14 0 0 13 17 0 0 0 0 0 16 0 0 39 0 39 20 -999
P10429 2013 7 0 0 8 0 24 0 0 0 0 0 0 0 0 0 0 0 0 0 0 16 0 0 0 0 0 0 0 22 0 0 0
P10429 2013 8 0 0 0 0 0 20 0 0 0 0 17 0 8 0 0 0 0 0 0 0 0 0 0 0 0 0 0 0 0 27 46
P10429 2013 9 36 17 7 0 0 0 0 0 0 0 0 0 0 0 0 0 0 22 0 0 19 0 0 0 0 0 0 0 0 0 -999
P10429 2013 10 0 0 0 0 0 0 0 0 20 30 0 0 0 8 10 0 0 0 9 0 8 0 0 0 0 0 2 0 0 0 3
P10429 2013 11 0 0 0 0 0 0 0 0 0 0 6 4 0 0 6 0 22 133 163 54 78 133 134 56 27 134 31 19 11 18 -999
P10429 2013 12 24 58 40 30 0 0 0 0 12 0 0 0 0 13 22 13 0 0 0 8 13 31 30 53 34 49 0 0 54 34 18
P10429 2014 1 24 10 0 23 31 32 0 38 0 0 0 0 33 0 31 15 0 0 0 0 0 0 0 11 17 31 58 67 0 66 33
P10429 2014 2 29 43 29 49 46 77 56 59 39 44 0 24 33 0 0 0 10 0 15 0 0 0 15 7 0 0 8 19 -999 -999 -999