precip	MIROC5	RCP60	REGRESION	decimas	1
P1448	37.332	-2.106	182	geo	2006	2100	-1
P1448 2006 1 0 0 27 29 0 19 0 0 0 0 9 16 0 16 8 0 2 0 6 0 0 0 0 14 10 0 0 0 0 19 7
P1448 2006 2 0 0 17 0 0 0 0 0 0 0 0 0 0 19 17 6 0 0 0 0 0 0 0 0 0 0 0 0 -999 -999 -999
P1448 2006 3 0 0 0 0 0 8 0 12 0 0 45 0 0 15 13 21 0 9 2 0 0 0 0 0 13 3 0 0 0 10 0
P1448 2006 4 0 0 0 0 8 0 33 38 0 9 4 0 0 18 0 0 0 0 0 0 0 0 0 0 0 0 30 0 0 0 -999
P1448 2006 5 0 0 0 0 0 13 9 13 0 0 0 0 0 8 11 0 0 16 0 4 0 0 13 9 0 0 0 13 0 0 0
P1448 2006 6 0 0 0 0 0 0 0 0 0 0 30 0 13 0 0 0 0 0 10 0 0 0 16 0 0 14 0 0 0 0 -999
P1448 2006 7 0 0 0 0 0 0 21 0 0 0 0 0 0 0 0 0 0 10 0 0 0 0 0 0 0 0 0 0 0 0 0
P1448 2006 8 0 0 0 0 0 0 0 0 0 0 0 0 0 0 0 10 0 0 0 0 0 0 0 0 0 0 0 16 0 0 0
P1448 2006 9 0 0 0 0 0 0 0 14 0 0 0 0 0 0 0 0 0 0 0 0 0 0 0 0 10 7 0 0 0 0 -999
P1448 2006 10 0 0 0 0 0 0 0 0 0 0 0 0 0 0 32 0 0 10 0 0 0 0 2 0 0 0 0 0 0 0 0
P1448 2006 11 0 0 0 0 0 0 0 0 0 0 0 0 0 0 8 0 0 0 0 9 11 0 7 17 22 24 0 0 0 0 -999
P1448 2006 12 0 0 0 0 0 0 11 31 0 31 31 0 0 0 21 7 0 0 0 0 25 0 20 0 6 0 0 0 6 0 0
P1448 2007 1 0 0 0 0 0 0 0 0 0 0 10 0 0 0 0 0 0 0 5 25 37 0 0 6 0 22 0 0 5 15 14
P1448 2007 2 10 6 0 0 7 0 0 38 28 0 0 0 0 0 0 0 0 16 0 41 35 0 21 27 29 0 0 0 -999 -999 -999
P1448 2007 3 0 0 0 30 0 0 17 29 0 0 19 36 48 24 23 21 0 0 0 0 0 9 16 0 0 13 0 11 8 0 0
P1448 2007 4 0 0 0 9 6 0 9 0 0 0 0 0 14 0 13 0 0 0 0 0 0 0 0 0 0 6 12 0 0 0 -999
P1448 2007 5 0 0 0 0 0 0 0 0 15 0 0 0 0 0 13 0 13 22 0 16 0 0 0 0 0 0 0 12 17 0 0
P1448 2007 6 20 0 10 0 0 0 0 0 0 9 0 0 0 0 20 0 0 9 0 0 0 19 0 15 0 0 0 0 0 0 -999
P1448 2007 7 0 0 0 0 0 0 0 0 0 0 0 0 0 0 0 0 0 0 0 0 0 0 0 0 0 0 0 0 0 5 0
P1448 2007 8 0 0 0 0 7 0 0 0 0 0 0 0 0 0 0 0 19 0 21 0 0 6 0 15 0 0 22 0 0 0 0
P1448 2007 9 4 0 0 0 0 0 0 0 0 0 0 0 0 0 0 0 0 0 0 0 0 0 0 0 0 0 0 0 0 0 -999
P1448 2007 10 0 0 0 0 0 0 0 0 0 16 0 10 14 10 0 0 0 11 0 0 0 0 0 0 0 0 0 0 3 0 0
P1448 2007 11 0 0 0 0 0 0 4 0 0 0 0 0 0 7 0 11 0 0 0 0 9 0 0 3 0 0 20 47 0 0 -999
P1448 2007 12 12 11 0 0 0 21 0 20 0 0 0 0 0 0 0 0 0 41 62 0 24 0 10 6 0 0 0 0 0 7 0
P1448 2008 1 0 20 40 8 13 10 0 9 0 23 24 0 0 24 0 18 18 0 0 0 1 0 0 8 0 0 0 0 0 0 7
P1448 2008 2 10 0 0 0 0 0 0 0 0 19 0 0 0 0 0 0 0 0 25 7 12 9 18 0 0 20 30 26 -999 -999 -999
P1448 2008 3 0 0 7 0 0 0 0 0 11 0 12 16 0 19 0 0 0 0 0 0 0 0 0 0 0 0 0 0 0 0 0
P1448 2008 4 0 0 0 35 107 34 0 0 0 0 0 0 25 0 27 0 0 15 0 0 0 0 0 0 9 0 0 0 0 0 -999
P1448 2008 5 0 20 0 11 0 0 0 11 0 0 0 0 0 12 0 0 0 0 0 28 0 0 0 6 0 13 0 9 10 0 0
P1448 2008 6 0 0 0 16 0 25 0 0 14 0 0 0 0 17 6 0 0 0 0 0 0 0 0 0 0 0 0 0 0 0 -999
P1448 2008 7 0 0 0 0 0 0 0 0 0 0 0 0 0 0 17 0 0 0 0 0 0 0 0 0 0 0 0 0 0 0 0
P1448 2008 8 0 0 0 0 0 0 0 0 0 0 0 0 0 0 0 0 0 0 0 0 0 0 0 0 18 0 0 0 0 0 0
P1448 2008 9 9 0 0 9 0 0 0 0 0 0 0 0 0 0 0 0 0 0 0 0 0 0 0 0 0 13 0 0 0 0 -999
P1448 2008 10 0 0 0 0 0 0 0 0 0 0 0 0 0 0 0 11 0 0 23 19 0 0 0 0 7 0 0 6 0 0 0
P1448 2008 11 0 0 12 43 0 12 0 0 0 0 3 0 0 0 0 0 3 0 0 0 0 0 0 0 0 9 0 0 0 0 -999
P1448 2008 12 0 0 0 0 20 20 0 49 0 5 8 0 0 0 13 14 3 0 8 0 0 6 0 3 0 1 0 0 0 0 0
P1448 2009 1 0 0 0 0 10 0 0 0 0 0 10 0 12 0 11 0 0 0 4 0 0 0 12 0 0 12 0 9 0 17 0
P1448 2009 2 0 8 0 11 22 28 0 15 16 0 0 18 9 15 0 11 8 0 0 0 4 0 0 25 47 0 0 0 -999 -999 -999
P1448 2009 3 0 0 0 10 0 0 0 0 11 17 14 0 0 23 31 0 0 0 0 0 0 0 0 2 0 18 0 0 0 0 3
P1448 2009 4 7 15 0 15 19 15 0 0 0 0 0 0 0 13 0 0 0 0 6 4 0 0 31 35 21 11 0 0 0 0 -999
P1448 2009 5 0 19 0 0 0 12 0 0 0 6 13 0 0 4 0 0 0 0 0 21 0 0 0 15 0 0 0 0 0 0 0
P1448 2009 6 0 0 10 0 17 0 0 0 0 0 0 0 0 0 0 0 0 0 0 0 0 0 0 0 0 0 0 0 0 0 -999
P1448 2009 7 0 0 10 0 0 0 0 0 0 0 0 0 0 0 0 18 0 0 22 0 0 0 0 0 9 12 0 0 0 0 0
P1448 2009 8 0 0 7 0 0 0 0 0 0 14 0 0 17 0 0 0 0 0 0 0 0 0 0 21 0 0 0 0 0 0 24
P1448 2009 9 0 0 0 0 0 0 0 0 0 0 0 0 17 0 0 0 0 0 0 21 0 0 0 0 0 0 0 0 0 0 -999
P1448 2009 10 0 0 35 0 24 0 0 0 0 0 0 0 21 0 27 24 0 0 0 0 11 0 0 0 7 0 0 0 0 0 0
P1448 2009 11 0 0 0 8 0 0 0 0 0 0 0 9 0 0 0 0 0 0 0 0 0 0 5 0 0 0 0 0 0 0 -999
P1448 2009 12 0 0 0 0 0 0 0 0 3 0 0 8 0 0 0 0 0 0 0 0 0 0 0 0 0 0 0 0 0 0 0
P1448 2010 1 0 0 16 11 0 0 19 19 22 0 29 19 0 22 14 10 0 1 0 0 0 18 0 10 0 0 0 21 0 0 21
P1448 2010 2 0 17 21 0 11 11 0 16 0 0 0 18 0 0 0 0 9 0 0 0 0 0 0 0 12 0 0 0 -999 -999 -999
P1448 2010 3 0 0 0 0 0 0 23 56 48 30 44 26 11 0 16 0 17 0 31 37 30 0 0 0 11 19 21 16 0 0 0
P1448 2010 4 0 0 0 0 17 0 0 19 0 0 31 20 0 6 0 14 0 22 0 14 0 0 0 0 8 27 0 0 0 0 -999
P1448 2010 5 7 8 0 32 28 12 0 0 0 0 38 38 16 0 0 0 0 0 0 0 0 14 0 0 0 37 0 0 0 0 22
P1448 2010 6 15 0 8 0 14 0 0 0 0 0 32 0 0 0 0 0 0 0 0 25 0 0 0 0 0 0 15 0 0 0 -999
P1448 2010 7 0 0 0 0 0 0 0 0 0 0 16 0 13 0 16 0 0 0 0 0 0 0 0 0 0 0 0 0 0 0 15
P1448 2010 8 0 0 0 0 0 0 16 0 0 0 0 0 0 0 0 0 0 0 0 0 0 10 0 0 0 0 0 0 0 0 0
P1448 2010 9 0 0 0 0 0 0 0 0 0 0 0 0 0 0 0 4 0 0 0 0 0 0 12 0 13 0 0 9 0 0 -999
P1448 2010 10 0 0 0 0 0 0 0 0 0 0 0 0 0 0 0 7 0 0 0 0 20 0 0 0 0 0 0 0 0 0 0
P1448 2010 11 0 0 0 0 0 0 0 0 0 0 7 0 0 10 0 0 0 0 0 0 0 0 0 0 29 0 0 0 0 0 -999
P1448 2010 12 15 13 0 0 10 0 0 18 36 0 0 0 0 16 0 0 0 0 0 0 5 0 0 0 9 0 0 0 0 0 0
P1448 2011 1 0 0 0 6 0 0 0 17 0 21 0 22 0 0 7 0 0 5 0 0 0 0 11 0 2 0 0 0 0 0 7
P1448 2011 2 0 0 0 0 0 7 0 0 0 0 0 0 0 0 0 0 0 0 0 0 0 0 0 0 0 11 30 0 -999 -999 -999
P1448 2011 3 29 27 57 68 45 0 11 0 0 9 0 26 22 0 0 0 13 12 9 8 0 11 10 9 0 0 22 0 0 22 19
P1448 2011 4 0 17 0 0 0 0 0 19 0 0 0 20 16 0 0 0 34 0 0 0 0 0 0 8 0 0 0 0 21 20 -999
P1448 2011 5 0 0 0 0 11 0 0 21 21 10 0 0 0 0 0 0 0 0 0 0 0 0 6 0 0 0 0 0 0 0 0
P1448 2011 6 0 0 0 0 0 0 0 0 0 0 0 0 0 0 0 0 0 0 0 0 0 0 0 0 12 0 0 0 6 0 -999
P1448 2011 7 0 0 0 0 0 0 0 0 0 0 0 0 0 0 0 0 0 0 0 0 15 0 0 0 0 0 0 0 0 0 0
P1448 2011 8 0 0 0 0 0 0 0 0 0 0 0 0 0 0 0 0 0 0 0 0 0 0 15 0 0 0 0 9 0 0 14
P1448 2011 9 0 0 0 0 0 0 0 0 0 11 0 8 8 0 0 0 0 11 19 0 0 0 0 0 0 0 0 0 0 0 -999
P1448 2011 10 0 0 0 27 42 0 0 0 17 0 0 0 0 16 0 0 0 6 0 0 15 0 35 0 0 0 0 0 0 0 0
P1448 2011 11 8 12 0 0 3 17 23 8 0 13 19 34 0 28 0 0 35 0 0 0 0 13 13 11 13 0 0 0 11 0 -999
P1448 2011 12 0 0 0 0 0 0 8 0 0 7 0 0 5 0 0 0 0 5 0 6 6 0 1 0 0 6 0 0 0 0 0
P1448 2012 1 0 0 0 3 0 0 0 0 0 0 0 0 0 0 0 0 0 0 0 17 0 7 0 36 0 0 0 0 0 0 0
P1448 2012 2 0 0 0 24 0 0 0 0 0 0 0 0 0 15 0 0 9 11 0 12 36 37 21 15 0 9 0 9 -999 -999 -999
P1448 2012 3 7 6 0 60 33 0 4 0 0 0 0 7 0 0 0 10 18 20 0 0 0 0 0 0 0 3 0 0 0 0 0
P1448 2012 4 0 0 0 8 0 0 0 0 0 0 0 0 15 17 19 12 0 12 15 14 0 0 0 18 12 16 35 0 0 4 -999
P1448 2012 5 0 0 18 0 0 0 65 24 21 0 16 0 0 0 9 0 9 13 0 0 0 16 9 0 0 10 0 0 0 0 0
P1448 2012 6 10 0 0 0 0 12 13 0 0 0 12 0 0 22 0 0 4 0 0 15 0 17 0 0 0 0 0 0 0 0 -999
P1448 2012 7 0 0 5 0 0 0 0 0 9 0 0 0 0 0 0 0 0 20 0 0 0 15 16 17 22 0 0 0 0 0 0
P1448 2012 8 0 0 0 0 0 0 0 0 0 0 0 0 0 0 0 0 0 0 0 0 0 0 19 0 0 0 0 9 12 12 0
P1448 2012 9 0 0 0 0 0 0 11 0 12 14 0 0 0 0 0 0 0 0 0 0 0 0 9 0 0 0 0 0 0 0 -999
P1448 2012 10 11 0 12 0 0 0 0 0 13 0 14 0 0 0 0 0 0 0 0 0 0 21 0 0 0 16 0 0 0 0 0
P1448 2012 11 0 0 25 0 0 0 0 0 0 0 0 10 0 0 8 0 0 0 0 0 0 0 0 15 15 0 0 0 17 0 -999
P1448 2012 12 0 0 14 19 24 25 14 0 4 0 0 10 0 0 0 0 0 0 0 0 0 0 0 0 0 0 0 0 0 0 0
P1448 2013 1 0 10 18 0 0 0 3 0 0 0 0 0 0 0 0 0 0 0 5 0 0 0 0 0 0 0 0 0 0 0 0
P1448 2013 2 0 0 0 3 0 0 0 0 0 0 0 0 0 10 2 11 17 16 7 4 0 0 0 0 0 0 0 0 -999 -999 -999
P1448 2013 3 19 0 0 21 0 0 0 74 35 32 20 15 0 0 0 13 0 11 7 0 0 0 0 0 0 0 23 22 0 7 22
P1448 2013 4 31 30 0 16 13 0 1 0 0 0 0 0 0 0 0 17 0 0 0 0 0 0 0 0 0 12 0 0 0 0 -999
P1448 2013 5 0 14 0 0 0 6 19 0 15 11 11 0 0 0 0 0 19 0 18 12 0 5 0 0 0 0 0 0 0 0 0
P1448 2013 6 0 0 0 18 0 0 0 0 23 0 12 0 9 0 0 0 10 0 11 0 10 0 0 10 0 0 0 0 0 0 -999
P1448 2013 7 0 0 0 11 0 0 0 0 0 0 0 0 0 0 0 0 0 0 0 0 0 0 0 0 0 0 0 0 0 0 0
P1448 2013 8 0 0 0 0 17 16 0 0 14 0 0 0 0 0 0 0 0 0 0 0 0 0 0 0 0 7 0 14 0 0 11
P1448 2013 9 6 0 0 0 0 0 0 0 0 0 0 0 19 20 0 0 0 0 0 12 0 11 0 0 0 0 0 0 0 0 -999
P1448 2013 10 0 0 8 0 0 0 0 10 9 0 19 32 28 0 0 23 14 0 0 0 0 0 0 0 0 0 0 0 0 0 0
P1448 2013 11 10 0 6 0 13 0 0 0 18 0 10 0 0 3 0 4 0 0 0 0 0 0 0 0 0 0 0 0 0 0 -999
P1448 2013 12 0 0 0 0 0 6 0 0 0 14 0 0 0 0 0 0 0 5 0 0 0 0 0 0 24 0 0 0 19 0 17
P1448 2014 1 0 0 3 5 0 0 0 0 0 4 3 0 0 0 0 0 0 0 0 0 15 0 0 0 0 18 27 0 43 0 13
P1448 2014 2 19 0 0 0 0 0 0 0 0 0 7 0 0 0 0 0 0 0 0 0 0 15 0 0 0 16 0 36 -999 -999 -999