precip	MIROC5	RCP60	REGRESION	decimas	1
P13918	41.850	-5.933	182	geo	2006	2100	-1
P13918 2006 1 0 8 0 7 0 18 10 0 0 0 23 88 151 0 69 82 65 52 24 10 0 12 0 0 12 17 0 19 32 31 0
P13918 2006 2 0 73 34 29 12 0 11 0 0 0 6 18 17 0 0 14 14 7 25 15 6 6 5 0 3 0 0 0 -999 -999 -999
P13918 2006 3 31 53 84 99 75 96 81 73 44 38 44 28 0 23 29 65 104 100 76 47 47 42 39 30 35 40 38 52 51 41 30
P13918 2006 4 24 44 0 33 21 0 0 0 0 0 0 0 0 9 10 14 13 0 0 0 1 0 0 17 0 0 42 26 0 18 -999
P13918 2006 5 0 0 21 34 0 42 0 0 0 7 0 0 0 23 19 14 14 0 21 15 0 0 0 0 0 0 0 0 22 0 0
P13918 2006 6 0 0 0 0 0 0 0 0 0 0 0 22 0 0 0 10 0 0 0 0 0 0 0 15 0 19 0 0 17 0 -999
P13918 2006 7 0 14 0 0 0 0 19 18 0 0 0 0 30 0 0 0 0 0 0 0 0 15 0 0 0 0 0 0 0 0 0
P13918 2006 8 0 0 0 0 0 0 0 0 0 0 0 0 20 0 0 0 0 0 0 0 0 0 0 0 0 0 0 0 0 0 0
P13918 2006 9 0 17 25 25 0 0 7 0 0 12 0 0 12 0 0 0 0 16 0 17 0 0 15 12 0 6 0 0 13 6 -999
P13918 2006 10 0 0 0 0 0 0 0 0 0 0 13 0 22 23 0 15 13 9 0 0 0 0 0 0 0 23 11 28 0 15 18
P13918 2006 11 0 0 0 0 0 17 43 24 0 0 4 0 0 0 0 0 0 0 0 0 0 13 0 19 0 7 0 0 0 0 -999
P13918 2006 12 0 0 0 0 0 0 12 53 73 33 22 23 22 25 71 64 0 3 0 0 19 51 87 42 51 46 33 35 52 34 18
P13918 2007 1 19 27 13 0 0 0 0 0 0 0 0 0 0 0 0 0 0 0 0 0 0 0 3 4 0 0 0 9 10 12 0
P13918 2007 2 0 0 12 0 0 0 17 62 128 61 23 15 0 0 0 0 0 23 0 21 0 0 31 30 49 43 0 22 -999 -999 -999
P13918 2007 3 16 23 22 47 0 20 0 0 0 0 0 19 32 66 24 16 0 16 0 40 24 0 0 0 0 0 8 0 0 0 1
P13918 2007 4 2 0 0 9 5 12 2 0 0 0 0 0 43 11 0 0 32 46 50 31 16 10 27 19 0 0 0 0 0 0 -999
P13918 2007 5 0 0 0 24 49 0 0 11 0 24 0 0 0 18 19 18 0 22 24 0 0 0 0 7 0 0 0 0 0 8 0
P13918 2007 6 13 0 13 0 15 0 0 6 0 0 0 0 0 0 0 0 0 0 0 0 0 11 21 0 0 18 17 17 0 0 -999
P13918 2007 7 0 0 0 0 0 0 0 0 0 24 29 33 14 0 0 0 0 15 0 23 22 16 0 0 0 0 18 0 0 0 0
P13918 2007 8 0 9 0 0 0 0 0 0 0 0 0 0 0 0 0 0 0 0 0 0 20 0 0 0 0 19 18 0 0 0 0
P13918 2007 9 0 0 0 0 0 0 0 0 14 0 14 0 0 0 0 0 0 0 0 0 9 0 0 0 18 15 14 0 13 0 -999
P13918 2007 10 0 0 0 11 8 0 0 15 0 16 0 0 36 41 19 26 0 66 16 0 0 44 60 41 14 0 35 0 0 6 0
P13918 2007 11 0 5 8 0 0 9 4 6 22 0 57 45 26 37 0 4 0 1 0 0 0 0 0 4 2 0 0 5 0 0 -999
P13918 2007 12 0 0 0 0 0 4 0 0 0 0 0 0 0 0 7 14 22 0 0 0 0 6 0 13 19 0 14 0 0 0 0
P13918 2008 1 8 0 21 24 0 2 0 0 3 0 4 6 10 0 14 0 0 0 0 23 52 49 0 0 0 74 58 32 35 50 75
P13918 2008 2 108 49 86 53 40 59 37 61 30 33 47 0 11 0 43 31 0 49 26 0 0 0 0 0 0 17 24 11 -999 -999 -999
P13918 2008 3 0 0 10 0 0 0 0 0 0 0 0 18 25 11 5 5 4 0 0 0 0 0 0 0 0 0 0 0 0 0 0
P13918 2008 4 0 0 11 14 14 6 0 0 0 0 0 10 0 0 42 39 21 0 0 9 0 7 6 0 0 0 0 0 0 0 -999
P13918 2008 5 0 0 0 0 9 0 0 0 0 23 44 22 0 27 16 12 0 8 20 27 0 26 38 10 7 9 0 0 0 0 0
P13918 2008 6 0 8 0 0 0 0 0 0 27 19 15 16 14 35 0 0 14 18 0 0 0 0 0 0 0 0 0 0 0 0 -999
P13918 2008 7 7 0 0 0 0 0 0 0 0 0 0 11 0 0 0 0 0 0 0 0 0 0 0 0 0 0 0 0 0 0 0
P13918 2008 8 0 0 0 0 0 0 0 0 0 20 14 0 0 0 0 0 0 0 0 0 0 0 0 0 0 0 0 0 0 4 7
P13918 2008 9 12 0 0 0 0 0 0 13 0 14 0 0 0 0 0 0 0 0 0 0 0 0 0 23 0 16 0 27 35 27 -999
P13918 2008 10 31 0 0 12 0 0 0 11 0 0 0 38 32 0 0 0 0 0 19 0 0 23 0 0 21 39 34 20 15 5 21
P13918 2008 11 11 0 0 0 0 1 0 0 0 7 0 0 5 0 0 0 25 36 15 10 0 0 7 0 0 0 0 0 0 0 -999
P13918 2008 12 0 0 0 0 0 0 0 2 0 15 0 4 7 7 0 0 5 0 6 0 7 9 10 14 34 24 18 0 0 0 0
P13918 2009 1 0 0 0 0 3 4 0 0 5 0 0 0 0 0 7 3 0 0 0 0 0 3 0 0 0 0 0 0 0 0 2
P13918 2009 2 0 0 0 0 0 0 0 1 0 0 1 0 3 0 0 0 0 0 0 2 1 0 0 1 0 0 0 10 -999 -999 -999
P13918 2009 3 28 35 28 14 10 0 11 32 0 0 0 0 0 12 0 24 57 56 39 0 0 0 35 0 0 42 38 55 58 0 17
P13918 2009 4 13 12 0 0 0 0 6 7 0 0 8 0 0 0 0 5 0 0 12 0 0 0 0 0 0 0 0 19 0 0 -999
P13918 2009 5 21 24 16 0 0 0 13 11 0 0 0 0 0 0 0 0 0 8 0 0 0 18 14 0 0 0 0 0 12 0 0
P13918 2009 6 0 0 0 14 0 17 15 10 0 0 0 4 0 23 20 0 0 0 4 0 0 0 0 0 0 0 0 0 0 22 -999
P13918 2009 7 29 0 18 0 0 0 0 0 0 0 19 22 22 0 0 9 0 0 16 0 0 0 0 0 0 0 0 0 0 19 0
P13918 2009 8 0 0 0 0 0 11 0 0 0 0 6 0 0 0 0 0 0 0 0 0 0 0 0 0 0 0 0 0 0 0 19
P13918 2009 9 27 0 4 0 0 0 0 19 31 0 0 14 0 0 0 0 0 0 0 0 0 0 19 0 0 0 0 7 0 0 -999
P13918 2009 10 10 0 0 0 0 0 0 0 0 0 12 14 0 0 0 0 18 0 0 9 10 7 25 40 0 0 0 0 0 8 0
P13918 2009 11 0 4 0 0 0 0 11 11 0 0 0 0 9 12 17 0 0 0 15 30 0 0 34 0 0 0 0 17 15 24 -999
P13918 2009 12 17 34 35 0 66 41 39 0 17 0 17 12 15 13 0 11 22 47 32 14 14 18 27 28 46 52 48 0 23 18 22
P13918 2010 1 21 0 41 75 0 0 0 0 13 0 0 8 12 5 12 0 0 8 16 0 0 1 2 0 7 0 0 0 0 13 0
P13918 2010 2 8 0 0 0 0 0 4 0 0 0 0 0 0 0 0 0 0 1 3 2 0 0 3 0 0 0 0 5 -999 -999 -999
P13918 2010 3 0 0 0 0 0 0 7 11 37 31 17 8 5 0 0 0 0 19 39 0 0 0 0 0 0 0 0 0 4 5 0
P13918 2010 4 0 16 0 0 0 0 24 0 32 25 0 0 0 17 39 0 5 0 0 0 0 0 6 14 10 0 0 0 17 0 -999
P13918 2010 5 6 0 15 19 15 9 6 0 0 6 0 0 0 9 12 17 0 21 0 0 0 9 0 0 0 0 23 0 14 9 0
P13918 2010 6 0 16 17 11 9 0 11 0 0 0 0 17 0 0 0 26 0 0 0 0 0 0 0 0 0 0 0 0 17 19 -999
P13918 2010 7 24 23 0 0 0 0 0 0 0 0 0 0 0 0 13 0 8 0 5 0 0 0 0 0 0 0 0 0 0 0 23
P13918 2010 8 0 0 0 0 0 0 0 0 0 0 0 0 0 11 0 25 0 0 0 0 0 0 14 0 0 0 0 0 0 0 0
P13918 2010 9 0 0 33 0 0 0 0 26 0 0 0 0 0 0 8 0 0 16 16 0 12 0 17 0 28 0 0 0 0 0 -999
P13918 2010 10 0 0 0 0 0 0 0 0 0 37 52 33 53 0 19 0 10 15 20 0 0 0 0 0 0 0 0 12 0 0 9
P13918 2010 11 0 0 0 0 0 0 0 0 0 0 0 0 0 0 0 0 0 0 0 0 0 0 0 0 0 0 0 0 0 0 -999
P13918 2010 12 0 0 0 0 7 0 0 0 0 5 0 16 34 0 0 0 0 8 0 0 0 0 0 0 0 0 0 0 0 0 0
P13918 2011 1 0 0 9 0 17 0 0 3 0 6 0 0 0 11 18 0 0 0 0 0 4 18 27 0 18 0 9 0 0 0 8
P13918 2011 2 13 0 8 34 44 48 36 17 0 0 11 16 9 0 15 0 0 0 0 0 0 33 0 0 0 0 11 25 -999 -999 -999
P13918 2011 3 0 17 0 8 0 9 0 0 0 11 0 21 15 0 25 41 0 17 12 17 0 32 59 135 30 15 0 73 0 0 11
P13918 2011 4 19 30 0 0 0 0 0 0 0 0 0 0 0 0 6 0 0 0 16 21 20 12 0 0 0 0 0 0 0 0 -999
P13918 2011 5 0 13 6 3 2 4 0 0 20 30 0 13 19 16 20 0 0 0 0 34 34 12 0 17 0 0 0 0 0 0 6
P13918 2011 6 0 0 10 0 0 0 0 0 0 20 0 21 0 0 14 0 0 0 0 0 0 0 9 0 0 17 0 0 0 0 -999
P13918 2011 7 0 0 0 0 0 7 0 5 0 0 9 0 0 0 11 0 0 0 13 0 0 19 0 0 0 0 0 0 0 0 0
P13918 2011 8 0 0 0 0 0 0 0 0 0 0 0 17 0 0 0 0 0 0 0 0 6 0 0 10 0 0 0 0 0 0 17
P13918 2011 9 0 0 9 14 0 0 0 0 0 0 0 0 0 0 0 0 1 0 0 6 0 0 0 0 8 0 0 0 0 0 -999
P13918 2011 10 0 0 0 0 0 0 0 0 0 0 13 0 17 0 22 17 0 16 0 0 0 18 19 0 10 9 10 9 0 0 0
P13918 2011 11 0 0 8 18 41 52 25 0 0 0 0 0 0 6 0 12 36 20 0 0 11 27 16 0 0 0 7 11 5 0 -999
P13918 2011 12 0 0 22 1 0 0 0 0 0 0 0 15 0 3 11 52 51 46 50 49 45 22 0 0 0 25 29 0 31 24 60
P13918 2012 1 34 0 0 0 0 0 0 0 0 0 0 0 0 0 0 0 0 1 0 0 0 0 0 0 0 0 6 12 15 10 0
P13918 2012 2 0 0 0 8 0 0 0 0 1 0 0 0 0 0 0 0 0 0 28 16 0 4 0 4 0 0 1 7 -999 -999 -999
P13918 2012 3 0 0 0 0 0 0 5 0 1 0 0 6 13 8 0 0 18 0 0 43 45 18 0 0 17 0 0 14 23 0 0
P13918 2012 4 0 7 0 0 0 0 16 0 4 2 0 0 12 51 35 22 0 5 4 5 0 0 0 32 0 17 27 33 26 23 -999
P13918 2012 5 0 18 14 0 0 0 0 10 15 0 14 0 0 31 24 18 17 16 0 0 0 0 0 8 0 0 0 0 0 5 0
P13918 2012 6 0 0 0 0 0 0 0 0 24 14 11 11 12 13 18 0 0 0 0 18 0 0 7 0 9 0 15 0 0 7 -999
P13918 2012 7 0 0 0 0 0 0 0 24 0 18 0 23 0 0 0 15 0 17 5 0 0 0 7 0 0 22 0 7 0 0 0
P13918 2012 8 0 0 0 0 0 0 0 0 0 0 0 0 7 10 0 0 0 0 0 0 0 0 10 0 7 0 11 0 0 0 0
P13918 2012 9 0 0 0 0 0 0 7 0 0 0 0 0 0 0 0 0 0 12 0 0 0 0 0 0 0 0 0 13 0 0 -999
P13918 2012 10 8 0 0 0 5 0 0 0 0 0 0 18 0 12 29 30 33 0 35 0 23 24 15 0 12 0 35 0 24 47 16
P13918 2012 11 43 39 0 14 16 22 0 0 12 38 25 0 0 5 0 0 0 41 55 45 0 0 0 0 0 0 13 26 35 0 -999
P13918 2012 12 8 0 0 0 0 67 59 56 13 25 22 0 0 0 32 37 0 12 0 0 21 19 10 25 12 7 0 0 13 0 0
P13918 2013 1 0 10 0 33 15 0 23 11 0 0 10 6 0 0 0 0 0 2 0 0 0 0 0 0 0 0 0 0 20 0 0
P13918 2013 2 0 0 0 0 0 0 6 8 12 0 0 0 0 70 20 8 14 57 68 52 40 56 42 51 0 0 0 0 -999 -999 -999
P13918 2013 3 15 0 0 20 9 0 17 31 25 0 94 84 58 0 31 0 29 30 35 0 18 50 41 30 30 0 18 29 36 40 0
P13918 2013 4 29 0 9 16 0 20 18 7 0 4 0 0 16 0 14 25 0 0 0 14 31 0 0 32 34 0 0 0 0 0 -999
P13918 2013 5 0 0 0 0 6 0 0 24 0 29 0 12 0 0 29 0 22 20 0 0 6 0 0 0 0 0 0 6 0 0 0
P13918 2013 6 0 22 0 23 14 0 0 34 0 43 36 0 21 0 0 0 0 14 14 0 0 0 0 0 0 26 39 39 0 0 -999
P13918 2013 7 0 0 0 10 0 23 19 0 0 10 9 0 11 0 0 0 0 9 0 0 0 0 0 0 0 0 0 0 0 0 0
P13918 2013 8 0 0 0 0 17 17 0 23 23 0 16 11 7 0 0 0 0 0 0 0 0 0 0 0 0 0 0 0 23 0 37
P13918 2013 9 31 15 0 0 0 0 0 0 19 0 25 0 0 0 0 0 0 0 0 0 0 0 0 0 0 0 0 6 0 0 -999
P13918 2013 10 0 0 0 10 0 0 0 13 0 29 0 0 0 9 8 0 0 0 7 0 0 0 2 0 0 1 0 0 0 0 0
P13918 2013 11 0 0 0 0 0 0 0 0 0 5 5 0 2 3 0 0 0 101 129 43 49 102 96 42 24 100 24 17 8 0 -999
P13918 2013 12 13 40 29 0 0 0 0 0 0 10 13 15 0 0 15 10 0 0 5 10 13 27 25 43 33 43 13 16 50 33 17
P13918 2014 1 22 10 0 20 0 27 16 31 0 0 0 0 21 0 24 0 0 0 0 0 0 0 0 0 17 25 48 57 70 42 0
P13918 2014 2 28 32 24 35 30 60 46 46 30 29 7 0 0 0 0 0 8 15 11 4 9 8 0 0 0 0 0 15 -999 -999 -999