precip	MIROC5	RCP60	REGRESION	decimas	1
P14417	41.998	-6.740	182	geo	2006	2100	-1
P14417 2006 1 0 16 0 12 12 45 0 0 24 22 73 216 326 60 237 231 178 132 52 29 13 0 45 15 32 61 60 50 83 0 21
P14417 2006 2 61 147 75 86 43 30 32 0 0 0 10 38 33 29 30 37 44 33 100 0 0 14 14 11 10 0 0 32 -999 -999 -999
P14417 2006 3 0 148 217 260 210 240 210 168 113 0 0 0 47 54 65 154 228 240 206 144 144 134 117 92 101 126 125 144 132 128 66
P14417 2006 4 77 142 82 89 55 0 0 0 0 0 0 0 0 0 0 0 0 0 0 0 0 0 0 0 41 38 0 32 0 31 -999
P14417 2006 5 37 52 57 89 66 82 36 23 0 17 0 0 0 66 57 45 0 31 71 47 0 0 17 0 0 0 0 0 32 25 0
P14417 2006 6 0 0 0 0 0 0 0 0 0 0 0 23 0 0 0 7 0 0 9 0 9 0 0 10 0 12 0 23 21 0 -999
P14417 2006 7 18 0 11 9 0 16 0 0 0 0 0 0 0 0 0 0 0 0 0 0 0 0 0 0 0 0 12 0 0 0 0
P14417 2006 8 0 0 0 0 0 0 0 0 0 10 0 0 0 17 0 0 0 0 0 0 0 0 0 0 34 23 12 0 0 0 0
P14417 2006 9 12 0 0 0 0 0 0 0 22 0 0 19 0 0 18 0 28 0 17 42 0 23 0 0 10 12 16 27 36 16 -999
P14417 2006 10 0 0 0 0 0 0 0 0 0 0 0 0 0 0 0 20 0 14 0 20 43 0 17 26 62 73 33 84 0 55 54
P14417 2006 11 54 0 0 0 0 0 78 0 0 11 0 0 0 0 0 5 12 0 7 35 0 35 41 0 24 17 11 12 0 0 -999
P14417 2006 12 0 0 0 0 0 0 0 92 122 0 0 0 0 0 166 120 24 9 0 0 0 122 204 125 152 125 0 0 144 105 55
P14417 2007 1 51 82 49 16 14 0 0 0 0 0 0 0 0 0 5 0 0 0 10 4 1 0 6 11 12 0 0 27 28 0 25
P14417 2007 2 15 33 42 26 10 0 44 126 249 111 60 35 24 28 26 0 0 43 29 35 28 25 38 65 111 102 105 54 -999 -999 -999
P14417 2007 3 0 48 44 0 99 0 0 0 0 0 34 43 75 199 72 51 0 53 0 102 74 27 0 3 0 0 14 0 6 0 2
P14417 2007 4 0 0 0 0 0 43 4 5 0 0 0 47 93 28 27 41 55 88 127 78 24 16 0 48 22 18 4 0 4 0 -999
P14417 2007 5 0 0 0 30 84 35 0 15 0 0 0 33 30 0 43 52 0 0 49 16 0 0 0 4 0 0 0 0 0 0 0
P14417 2007 6 13 0 16 17 0 13 0 0 0 0 0 0 0 0 6 0 5 0 0 0 0 0 19 0 0 0 20 23 23 0 -999
P14417 2007 7 0 0 0 22 18 0 0 0 31 0 0 0 25 0 0 0 0 0 0 45 0 0 0 0 0 0 0 0 0 0 0
P14417 2007 8 0 0 23 0 7 0 0 0 0 0 0 0 0 0 0 0 0 0 0 35 39 13 0 0 0 0 0 0 10 0 3
P14417 2007 9 0 0 0 2 0 5 0 0 0 0 0 0 0 0 0 0 0 0 0 0 0 9 8 25 0 17 0 0 0 0 -999
P14417 2007 10 16 0 0 0 0 0 0 0 0 0 0 0 70 101 55 0 76 134 44 0 0 92 161 114 41 46 93 0 38 22 0
P14417 2007 11 0 17 19 0 0 28 14 0 68 63 142 96 93 118 17 7 15 0 2 0 0 7 0 0 6 0 0 5 0 0 -999
P14417 2007 12 10 0 7 10 0 5 0 0 0 0 12 4 0 0 0 31 40 27 0 0 0 9 0 35 62 39 0 0 2 6 12
P14417 2008 1 26 45 63 69 0 8 0 0 3 0 0 0 12 0 0 0 0 0 48 0 136 120 0 45 78 156 121 62 88 130 182
P14417 2008 2 231 156 228 170 119 153 88 133 99 88 122 35 0 0 145 97 0 121 62 0 23 0 13 0 0 33 59 25 -999 -999 -999
P14417 2008 3 0 0 22 19 0 0 9 0 0 0 0 0 34 14 0 0 4 0 8 0 0 34 0 0 37 32 7 0 0 0 0
P14417 2008 4 0 0 0 16 0 9 0 0 0 0 0 12 20 0 62 59 28 0 0 0 13 10 7 0 0 0 0 0 15 0 -999
P14417 2008 5 13 0 0 8 0 0 12 0 0 55 106 0 50 62 0 0 0 14 31 0 35 54 79 25 18 0 13 0 0 0 0
P14417 2008 6 12 0 0 0 0 20 0 0 33 0 0 30 29 51 15 11 0 0 0 10 0 0 0 0 0 0 0 0 0 0 -999
P14417 2008 7 9 0 0 0 0 0 0 24 22 16 0 10 0 0 19 0 0 22 0 0 0 14 27 0 0 0 0 0 0 4 0
P14417 2008 8 0 0 0 0 0 0 12 0 0 42 30 0 0 0 0 0 13 9 0 0 0 0 0 0 0 0 0 9 0 0 0
P14417 2008 9 0 0 0 0 0 0 0 0 11 11 0 21 27 77 37 15 0 0 0 10 0 0 0 33 56 0 0 55 82 70 -999
P14417 2008 10 97 44 16 27 0 0 25 21 10 0 74 92 71 0 0 0 0 0 25 26 0 0 0 35 0 109 93 60 36 14 59
P14417 2008 11 0 14 42 0 4 0 0 5 0 17 25 0 0 0 7 22 78 121 49 34 10 12 14 0 0 0 0 0 0 0 -999
P14417 2008 12 0 0 0 0 1 0 0 0 14 48 36 0 28 22 0 0 0 19 20 0 13 0 0 48 121 0 67 31 0 0 0
P14417 2009 1 0 0 0 0 10 11 0 0 0 5 0 14 0 17 15 0 2 0 1 0 0 0 0 0 0 0 0 0 0 0 0
P14417 2009 2 0 0 14 0 7 5 2 2 2 6 3 3 6 4 2 0 0 0 0 12 2 0 0 1 0 1 6 37 -999 -999 -999
P14417 2009 3 72 81 58 28 27 0 46 89 0 0 5 7 0 28 33 86 194 193 137 88 18 21 0 73 83 86 96 119 149 107 44
P14417 2009 4 31 0 8 22 37 34 14 20 13 15 0 32 31 27 0 6 0 17 37 31 0 0 3 0 5 0 17 31 0 40 -999
P14417 2009 5 33 45 0 0 28 32 30 26 30 0 8 10 0 5 0 0 4 0 0 0 0 0 0 0 0 0 0 0 10 10 0
P14417 2009 6 0 0 0 0 0 21 0 0 18 0 7 0 0 22 0 0 7 0 0 0 0 0 0 0 0 0 0 0 0 0 -999
P14417 2009 7 21 0 0 0 0 0 0 0 0 17 0 0 0 16 12 0 0 0 10 0 0 0 0 0 0 0 0 0 0 0 37
P14417 2009 8 38 0 0 0 0 0 0 0 0 0 0 0 0 0 0 0 0 0 0 0 0 0 18 0 12 0 0 0 0 0 0
P14417 2009 9 0 55 8 0 0 0 0 0 0 35 35 23 11 0 0 0 0 0 0 0 0 0 32 28 0 0 0 7 8 0 -999
P14417 2009 10 0 0 0 0 4 0 0 0 0 11 0 0 19 20 20 0 0 0 12 15 20 16 0 104 12 0 0 0 0 13 0
P14417 2009 11 0 0 8 0 5 7 13 0 0 0 11 20 24 35 50 0 0 23 49 92 25 20 59 11 0 11 30 50 0 73 -999
P14417 2009 12 66 142 104 79 217 133 104 70 49 74 41 45 60 54 36 29 63 114 90 31 31 60 0 90 138 131 102 76 58 61 68
P14417 2010 1 56 0 99 144 39 0 0 0 31 17 0 16 0 12 35 32 51 30 62 53 0 0 0 0 0 0 0 0 0 0 0
P14417 2010 2 14 0 0 0 0 25 7 4 3 0 0 0 0 0 0 0 2 3 0 6 0 10 10 10 0 12 7 0 -999 -999 -999
P14417 2010 3 11 0 0 0 0 0 8 11 0 58 28 0 0 0 7 0 0 50 87 15 0 0 0 0 0 0 0 0 0 0 0
P14417 2010 4 0 0 36 0 0 26 36 63 0 57 29 19 16 48 59 0 0 8 9 0 14 18 16 47 19 0 10 0 0 23 -999
P14417 2010 5 13 13 31 29 0 14 0 0 0 0 10 12 0 9 15 25 27 0 0 0 0 0 0 0 0 35 34 24 0 15 0
P14417 2010 6 0 26 32 20 0 14 19 10 0 0 0 9 0 0 0 33 0 0 0 0 0 0 0 0 0 0 0 0 0 0 -999
P14417 2010 7 29 0 5 1 0 8 0 0 0 0 0 0 0 0 0 0 0 0 0 0 0 12 0 0 0 9 0 0 0 0 0
P14417 2010 8 21 0 0 10 8 0 8 0 0 0 12 0 8 0 0 0 0 0 0 0 0 0 0 10 0 0 12 0 0 0 0
P14417 2010 9 9 0 61 44 16 0 0 31 24 0 17 34 20 11 13 0 0 0 0 0 0 0 13 0 38 16 10 0 0 0 -999
P14417 2010 10 0 3 0 0 0 18 0 0 31 83 139 87 131 92 56 0 24 47 48 0 29 0 0 0 0 12 0 46 0 23 0
P14417 2010 11 14 9 34 0 15 0 0 9 0 0 0 0 0 0 0 0 41 27 21 0 15 0 0 6 0 0 3 0 0 0 -999
P14417 2010 12 0 0 9 16 12 22 21 0 0 12 0 50 105 38 0 15 45 29 13 0 0 0 0 0 0 0 0 0 0 7 0
P14417 2011 1 0 0 0 55 0 0 0 0 0 9 0 0 0 30 46 0 0 0 0 3 13 60 67 38 68 0 44 10 0 9 35
P14417 2011 2 44 25 0 119 141 147 115 56 22 0 31 61 42 27 53 25 11 0 19 0 0 63 35 14 0 0 0 34 -999 -999 -999
P14417 2011 3 0 0 0 0 0 12 0 12 0 22 0 42 27 32 57 77 0 55 34 49 49 95 175 331 75 53 72 157 16 0 0
P14417 2011 4 22 39 36 21 0 11 0 0 0 20 22 0 13 8 13 0 31 0 16 25 0 21 12 0 0 0 0 0 0 0 -999
P14417 2011 5 0 32 18 0 3 0 0 0 18 41 22 0 19 0 0 0 5 0 0 0 61 26 0 0 0 18 0 15 0 0 10
P14417 2011 6 24 0 23 0 0 0 11 0 0 0 0 0 0 0 0 0 0 0 0 0 0 0 10 0 0 35 24 0 20 0 -999
P14417 2011 7 0 0 0 0 12 0 0 3 0 0 0 0 0 0 18 0 0 0 0 0 0 0 10 0 0 0 0 0 0 0 0
P14417 2011 8 0 0 0 0 0 0 0 0 0 0 0 31 0 0 0 0 0 0 0 0 0 0 0 0 0 0 0 0 17 0 0
P14417 2011 9 11 0 0 18 0 0 0 0 38 27 0 0 0 0 0 0 0 0 0 3 0 0 0 0 0 0 0 0 0 0 -999
P14417 2011 10 0 9 8 0 3 1 0 0 7 0 13 0 0 36 0 24 16 0 0 0 0 18 24 0 12 0 19 14 0 24 19
P14417 2011 11 6 5 23 62 123 132 41 0 5 1 0 0 0 0 10 0 0 0 0 0 0 48 39 0 0 0 19 25 0 11 -999
P14417 2011 12 0 55 48 4 0 13 0 0 4 0 0 45 0 0 45 174 178 121 143 143 116 79 0 0 73 68 89 88 120 89 208
P14417 2012 1 71 19 0 7 0 0 0 0 0 0 0 0 0 0 0 0 2 0 1 0 0 2 0 0 0 0 0 0 0 23 0
P14417 2012 2 0 0 0 0 13 16 11 11 0 0 0 0 0 0 0 0 0 26 75 34 0 0 0 9 11 0 0 27 -999 -999 -999
P14417 2012 3 76 45 0 0 0 21 15 0 0 0 0 0 49 23 0 39 0 0 34 71 92 35 36 63 32 0 0 0 43 24 6
P14417 2012 4 0 0 0 0 0 0 48 47 12 4 0 11 28 87 64 35 26 0 9 10 7 0 21 71 51 0 0 51 60 39 -999
P14417 2012 5 27 0 0 11 0 0 0 11 0 30 21 0 35 70 58 41 39 32 13 0 13 0 0 0 0 33 14 7 0 0 0
P14417 2012 6 1 0 0 0 0 0 0 0 26 0 13 0 14 0 28 9 0 0 0 21 0 7 6 0 0 0 0 0 0 14 -999
P14417 2012 7 14 0 0 6 0 0 0 15 16 0 0 23 16 10 0 0 0 9 0 1 0 3 0 0 26 29 23 0 0 0 8
P14417 2012 8 6 3 0 10 0 0 0 0 0 19 0 0 0 0 0 0 0 9 0 0 6 0 0 0 0 0 0 0 0 0 0
P14417 2012 9 10 0 0 17 0 0 0 0 0 0 0 0 7 0 0 0 0 0 0 0 0 0 0 21 0 0 0 0 16 0 -999
P14417 2012 10 8 0 0 0 4 0 0 14 25 56 118 40 0 30 65 77 82 52 67 21 0 0 18 10 17 30 84 53 84 139 57
P14417 2012 11 142 114 80 38 57 66 24 48 38 116 59 7 14 13 0 0 0 100 130 0 69 25 16 0 0 33 36 64 76 21 -999
P14417 2012 12 16 13 0 0 0 0 142 144 40 77 52 0 0 76 79 75 39 26 0 35 91 58 49 95 55 36 17 22 40 25 64
P14417 2013 1 26 0 34 99 52 24 88 44 30 38 0 16 0 0 5 6 8 0 0 0 0 4 2 0 0 5 0 39 76 72 21
P14417 2013 2 0 0 0 0 0 26 31 39 50 0 0 0 0 184 42 18 40 151 183 147 114 156 124 105 31 14 0 0 -999 -999 -999
P14417 2013 3 0 32 0 0 23 11 0 42 42 105 224 203 147 75 103 114 72 0 104 67 36 79 0 0 63 22 23 45 69 97 95
P14417 2013 4 52 0 0 30 0 69 60 25 0 0 0 0 0 0 18 40 0 21 34 0 94 49 0 91 57 13 0 0 16 13 -999
P14417 2013 5 0 5 6 27 15 0 0 0 40 65 59 24 9 0 35 55 52 0 29 19 16 0 0 0 0 0 0 0 5 0 0
P14417 2013 6 0 0 35 0 16 0 0 57 64 72 81 58 34 18 17 0 0 20 23 0 18 0 0 0 0 0 54 99 79 36 -999
P14417 2013 7 14 0 0 0 37 51 37 0 0 0 0 0 0 0 0 0 33 0 0 16 0 0 0 0 0 0 0 0 0 0 24
P14417 2013 8 0 0 0 0 20 18 26 44 43 0 0 0 0 0 0 9 0 0 0 0 0 0 0 0 0 0 0 0 25 50 79
P14417 2013 9 72 29 9 10 18 0 0 0 0 0 0 0 0 0 8 0 0 0 0 0 0 0 0 0 0 2 0 7 0 0 -999
P14417 2013 10 0 0 0 0 0 1 0 14 0 51 0 0 8 0 0 0 0 0 14 9 13 0 0 2 0 2 4 0 0 0 0
P14417 2013 11 0 0 0 0 0 0 3 0 10 16 9 8 7 8 12 19 41 196 254 81 118 286 184 50 61 230 56 43 28 37 -999
P14417 2013 12 41 131 110 50 0 0 0 24 0 15 0 0 0 0 32 21 17 14 0 12 0 76 64 99 94 121 0 0 107 84 40
P14417 2014 1 58 26 16 53 90 81 56 89 26 17 72 60 89 100 76 49 4 0 0 0 0 2 0 0 27 57 0 118 107 82 0
P14417 2014 2 71 94 75 123 90 143 147 105 95 82 0 58 75 0 0 0 0 32 28 14 24 0 28 10 7 0 12 32 -999 -999 -999