precip	MIROC5	RCP60	REGRESION	decimas	1
P12336	41.330	-3.803	182	geo	2006	2100	-1
P12336 2006 1 0 0 0 0 0 0 5 5 7 0 15 47 112 52 34 66 54 64 31 19 9 7 22 9 9 13 16 0 0 24 11
P12336 2006 2 0 25 22 14 0 0 0 0 0 0 0 16 21 26 26 25 24 17 28 36 25 15 13 11 0 6 0 15 -999 -999 -999
P12336 2006 3 32 51 54 79 80 65 74 67 51 30 35 0 27 23 24 39 62 71 66 39 46 32 31 28 25 0 35 35 48 40 46
P12336 2006 4 34 37 28 31 19 0 0 0 0 3 0 6 8 7 9 0 16 0 9 8 0 5 0 0 0 0 35 41 31 26 -999
P12336 2006 5 0 27 23 29 0 38 0 12 0 0 0 18 0 26 18 13 16 0 19 25 14 7 0 0 0 0 10 0 0 17 0
P12336 2006 6 0 0 0 12 0 0 0 15 0 0 0 0 0 0 0 0 0 15 0 15 0 0 0 14 0 16 0 18 0 0 -999
P12336 2006 7 22 0 15 13 0 19 0 23 14 0 6 0 20 0 0 0 0 0 0 22 0 0 0 0 0 0 0 9 13 0 0
P12336 2006 8 0 14 0 0 0 0 0 0 0 0 0 0 0 20 20 0 0 0 0 19 0 0 0 0 0 18 12 0 0 22 20
P12336 2006 9 0 0 14 0 0 0 0 0 21 20 11 0 0 0 0 0 0 0 15 17 15 0 0 19 13 10 0 15 0 17 -999
P12336 2006 10 10 0 0 0 0 0 0 8 0 14 0 0 0 19 19 18 12 0 0 0 0 0 10 0 19 0 15 21 26 19 0
P12336 2006 11 0 0 0 0 0 9 0 20 8 0 0 0 2 0 4 0 6 7 0 11 18 21 21 0 15 9 0 0 0 0 -999
P12336 2006 12 0 0 1 2 0 0 0 0 22 15 0 14 18 20 33 55 0 0 0 0 13 29 52 41 38 35 23 19 23 20 13
P12336 2007 1 13 16 15 0 4 0 0 0 0 0 1 2 0 0 0 0 0 4 20 11 0 3 0 17 20 16 13 31 32 20 16
P12336 2007 2 10 16 33 36 19 13 20 45 95 81 31 20 14 15 14 0 0 24 0 15 16 0 22 18 0 18 21 26 -999 -999 -999
P12336 2007 3 18 0 19 22 30 25 15 0 12 0 19 45 0 62 41 17 20 0 0 21 0 20 0 0 7 7 0 0 0 0 4
P12336 2007 4 0 0 4 0 14 25 11 0 0 5 0 0 39 20 11 14 19 0 36 30 26 23 30 32 17 20 0 0 4 0 -999
P12336 2007 5 0 0 11 18 0 0 14 0 0 0 0 0 23 0 22 19 15 0 25 0 0 0 2 0 8 0 0 0 8 11 15
P12336 2007 6 0 15 15 0 0 17 0 0 0 0 0 0 0 19 0 8 0 0 0 12 0 0 0 17 0 0 0 20 22 0 -999
P12336 2007 7 16 0 18 0 20 0 0 0 20 0 27 27 0 0 0 22 0 0 0 0 0 0 0 0 0 0 0 0 0 0 13
P12336 2007 8 14 0 0 16 0 0 0 0 0 0 16 0 0 0 0 0 0 0 0 0 0 0 0 0 12 0 0 0 18 0 9
P12336 2007 9 0 0 0 0 7 10 0 0 0 0 0 12 0 0 0 0 0 0 0 0 0 0 0 0 0 0 9 0 0 0 -999
P12336 2007 10 0 0 0 14 0 0 0 13 0 19 20 22 33 37 19 0 0 0 0 0 14 30 0 43 22 0 31 15 0 16 19
P12336 2007 11 18 12 24 0 10 16 0 0 0 0 22 22 17 23 0 0 0 0 0 0 0 0 0 0 10 0 0 0 0 12 -999
P12336 2007 12 0 0 0 11 0 10 12 0 4 0 13 0 6 5 0 13 0 15 10 0 0 4 6 9 0 10 16 19 7 9 14
P12336 2008 1 21 27 33 37 16 0 0 0 0 3 0 0 6 0 0 0 12 0 0 26 54 54 26 14 22 0 53 0 0 38 48
P12336 2008 2 72 46 47 34 28 41 31 43 23 23 39 24 14 14 0 39 15 32 28 24 13 9 0 0 0 18 15 17 -999 -999 -999
P12336 2008 3 15 0 9 0 0 0 0 0 0 0 0 0 0 0 0 4 4 0 0 0 0 0 0 0 0 16 10 5 0 0 0
P12336 2008 4 0 5 12 0 0 0 6 5 3 0 6 9 14 17 24 28 28 19 10 0 11 0 0 0 0 0 4 0 13 17 -999
P12336 2008 5 14 0 5 7 15 0 13 11 16 25 37 22 0 27 22 18 0 10 0 31 31 25 0 0 13 13 12 0 0 0 0
P12336 2008 6 0 0 0 0 13 18 0 0 19 0 17 0 0 29 23 9 0 0 0 12 0 12 16 0 0 0 0 19 23 14 -999
P12336 2008 7 0 0 0 0 0 0 0 26 0 0 0 0 0 0 22 0 0 0 0 0 0 0 0 0 0 0 0 0 0 0 0
P12336 2008 8 28 0 0 0 0 0 0 0 17 0 19 0 0 0 0 0 0 14 0 0 0 0 9 0 0 15 0 0 10 0 7
P12336 2008 9 0 17 0 0 0 0 0 0 0 0 0 23 17 23 22 0 0 0 14 14 0 0 0 0 21 19 0 0 36 29 -999
P12336 2008 10 30 25 0 0 0 0 18 0 18 15 0 38 29 19 0 6 8 0 14 0 0 14 0 0 17 35 41 32 25 18 15
P12336 2008 11 20 10 28 13 7 4 0 7 12 13 27 0 0 0 0 5 12 31 18 14 0 0 0 0 0 0 0 2 0 0 -999
P12336 2008 12 0 3 0 2 0 3 0 0 8 28 26 11 21 22 7 0 9 11 7 5 0 6 6 9 20 0 25 16 0 0 0
P12336 2009 1 1 0 2 10 0 17 7 0 7 7 5 13 0 14 12 0 2 0 0 0 0 0 0 0 2 2 0 0 0 0 0
P12336 2009 2 6 0 12 11 7 7 0 0 3 8 11 5 8 0 0 0 0 0 4 11 7 0 0 0 0 4 0 40 -999 -999 -999
P12336 2009 3 49 39 36 18 0 16 19 35 0 15 0 0 8 0 27 36 56 50 39 29 0 0 21 27 26 41 35 0 52 44 0
P12336 2009 4 0 23 0 15 20 32 20 0 12 11 14 20 23 20 23 0 0 10 13 21 0 0 6 0 0 0 0 18 0 34 -999
P12336 2009 5 25 25 25 21 0 0 17 15 0 20 0 16 0 5 0 0 0 0 0 0 0 0 21 0 0 11 0 9 12 0 0
P12336 2009 6 12 0 0 0 0 20 19 0 0 0 0 0 0 0 0 0 0 0 8 0 0 0 0 14 0 0 0 0 0 0 -999
P12336 2009 7 0 0 20 0 0 0 0 0 0 0 20 23 22 16 13 0 10 0 0 0 24 0 0 0 14 0 0 0 0 0 0
P12336 2009 8 29 0 0 12 0 0 0 0 0 18 14 0 12 0 0 0 0 0 0 0 0 0 0 20 0 0 0 0 16 21 0
P12336 2009 9 0 21 0 4 0 0 0 0 0 0 26 17 12 7 0 8 0 0 0 0 0 0 25 21 10 0 0 0 0 0 -999
P12336 2009 10 12 0 4 4 5 5 0 0 0 12 0 0 0 13 0 0 19 20 16 14 14 10 15 35 11 6 0 0 0 0 12
P12336 2009 11 0 0 0 0 6 0 0 10 0 0 0 0 8 8 0 13 16 0 0 22 12 0 23 17 0 10 15 0 18 19 -999
P12336 2009 12 25 30 42 24 54 55 54 42 24 0 33 17 21 0 11 0 14 21 25 16 12 0 22 0 19 0 26 21 18 11 10
P12336 2010 1 0 0 17 38 44 14 8 0 9 9 5 0 10 0 9 15 0 12 0 11 0 0 0 0 0 0 0 0 0 7 8
P12336 2010 2 7 0 0 0 13 0 13 7 0 7 0 0 0 0 5 0 0 5 0 15 12 19 11 16 5 0 7 0 -999 -999 -999
P12336 2010 3 6 0 5 0 14 0 12 0 0 24 17 0 8 9 6 0 7 19 35 26 0 0 0 0 2 0 0 3 0 0 9
P12336 2010 4 14 0 26 0 0 0 17 26 29 28 21 19 21 0 0 32 19 12 9 0 0 0 14 25 30 0 10 17 29 24 -999
P12336 2010 5 20 0 19 21 0 0 0 0 0 0 13 0 0 12 0 25 19 20 15 0 0 12 0 10 0 26 33 21 0 14 0
P12336 2010 6 0 20 21 16 12 0 0 10 0 0 0 10 0 0 0 29 19 7 7 8 0 0 0 0 0 0 0 0 16 21 -999
P12336 2010 7 0 0 0 9 0 15 16 17 21 18 14 0 0 0 0 21 0 0 0 0 0 0 0 0 0 0 0 0 9 0 0
P12336 2010 8 0 0 0 0 11 0 0 0 17 0 0 0 0 0 0 0 0 0 0 0 6 0 0 0 0 0 0 0 9 10 0
P12336 2010 9 0 0 0 22 0 0 0 0 0 0 16 22 23 0 31 15 0 0 0 0 0 13 0 11 0 0 0 0 8 0 -999
P12336 2010 10 7 0 0 0 8 0 0 0 20 0 38 30 41 34 26 19 14 0 25 13 0 18 15 0 0 0 9 13 24 19 12
P12336 2010 11 16 8 14 0 0 0 0 0 0 0 5 0 4 0 0 12 21 0 0 5 0 5 0 0 0 0 0 2 0 0 -999
P12336 2010 12 0 5 10 0 13 15 16 6 0 0 0 0 0 25 0 0 10 13 0 6 0 0 0 0 0 0 0 0 0 0 0
P12336 2011 1 0 0 0 8 13 0 0 0 2 0 0 0 4 5 0 0 0 1 2 8 19 25 52 23 24 0 17 0 6 4 6
P12336 2011 2 8 10 12 21 0 0 0 12 6 3 0 20 22 0 23 17 0 0 8 0 0 0 0 0 7 8 0 18 -999 -999 -999
P12336 2011 3 24 15 0 0 0 0 0 7 7 0 16 0 18 18 28 51 55 39 27 30 30 35 52 86 49 17 21 37 0 0 0
P12336 2011 4 0 17 0 14 0 0 12 0 0 0 17 0 0 0 9 0 0 24 21 0 22 0 0 0 8 0 0 0 0 0 -999
P12336 2011 5 0 0 16 0 8 7 0 0 0 29 15 0 0 0 0 0 0 0 0 19 26 16 10 0 0 0 0 0 14 14 17
P12336 2011 6 0 13 12 0 0 0 0 0 0 0 0 0 0 0 0 13 0 0 0 0 0 19 17 0 0 18 19 17 0 12 -999
P12336 2011 7 0 0 0 0 0 0 0 8 0 0 0 0 0 0 0 0 0 0 0 0 0 0 11 0 0 16 9 0 18 0 0
P12336 2011 8 0 0 20 0 0 0 11 0 0 0 0 0 0 0 0 0 0 0 0 0 0 0 0 0 0 0 0 0 17 22 0
P12336 2011 9 0 0 0 0 0 0 7 0 0 37 16 6 0 0 0 4 0 0 0 0 0 0 7 0 0 9 0 0 0 0 -999
P12336 2011 10 0 0 8 6 0 0 0 0 8 9 10 0 15 15 0 0 0 0 0 7 0 13 13 14 14 9 10 12 17 22 0
P12336 2011 11 12 0 21 40 57 52 35 15 0 0 0 0 0 0 4 0 20 15 0 0 0 41 44 33 0 9 8 0 7 0 -999
P12336 2011 12 0 13 22 12 0 8 0 0 5 0 10 22 18 8 12 35 51 43 53 45 54 34 0 0 0 30 33 0 31 29 38
P12336 2012 1 45 23 8 0 0 0 0 0 0 0 2 0 0 0 0 4 9 6 0 0 4 3 1 0 1 0 3 0 14 18 7
P12336 2012 2 0 11 25 17 7 0 4 5 0 0 0 0 0 1 0 0 0 8 0 23 12 0 3 4 12 5 4 18 -999 -999 -999
P12336 2012 3 36 46 23 0 14 15 0 0 0 1 4 13 24 14 0 0 20 16 17 0 25 18 14 17 16 0 0 0 0 12 0
P12336 2012 4 0 11 3 0 0 16 33 31 0 0 8 15 20 49 43 0 27 22 15 13 11 10 0 0 0 32 0 25 31 31 -999
P12336 2012 5 21 18 17 12 0 6 9 12 0 0 0 0 25 31 30 0 18 0 12 11 13 0 0 12 27 28 25 0 10 0 6
P12336 2012 6 0 6 0 0 0 0 0 0 28 0 15 15 15 0 23 0 8 0 0 0 0 0 0 0 9 0 0 0 0 0 -999
P12336 2012 7 0 0 0 0 0 0 0 0 0 0 0 0 0 0 12 13 0 17 15 13 13 13 0 0 22 0 0 0 0 12 0
P12336 2012 8 0 9 0 0 0 0 0 0 0 0 18 0 0 0 0 0 0 12 9 0 0 0 0 0 0 0 14 0 0 0 9
P12336 2012 9 0 0 0 0 0 0 18 0 0 0 0 0 0 0 0 0 0 8 0 10 0 0 0 17 0 0 0 0 15 0 -999
P12336 2012 10 9 6 5 0 0 0 0 0 20 26 36 0 11 0 0 27 18 0 20 13 16 26 18 0 10 14 0 0 21 49 44
P12336 2012 11 44 62 43 25 19 23 0 0 13 37 0 0 0 5 0 0 0 0 40 31 19 8 0 6 8 14 0 18 23 19 -999
P12336 2012 12 0 0 0 10 8 0 0 35 14 13 12 0 11 42 44 40 34 21 14 19 14 22 10 19 21 17 12 9 15 0 41
P12336 2013 1 24 0 12 0 33 0 17 18 12 0 7 0 0 0 0 0 0 8 0 2 2 4 0 0 0 2 0 8 13 22 0
P12336 2013 2 0 0 0 0 0 6 7 11 0 0 0 0 0 52 41 0 14 0 52 47 43 47 41 62 22 10 0 3 -999 -999 -999
P12336 2013 3 4 0 0 8 9 0 10 0 21 31 60 56 50 27 0 0 27 23 0 0 0 25 32 15 0 13 16 0 31 37 51
P12336 2013 4 28 13 10 15 16 28 33 18 8 7 8 0 0 0 0 0 10 9 15 0 36 31 0 25 37 16 0 0 7 0 -999
P12336 2013 5 0 0 0 0 15 0 0 21 26 32 38 30 13 0 0 32 30 29 20 16 18 0 0 0 13 0 0 0 0 0 0
P12336 2013 6 0 0 0 21 16 0 23 32 30 39 37 34 27 22 0 13 0 16 16 12 0 0 0 0 0 0 29 25 0 20 -999
P12336 2013 7 16 14 10 11 0 0 0 14 0 0 0 0 0 0 0 0 23 0 0 0 22 0 16 0 0 0 0 0 0 0 0
P12336 2013 8 0 0 17 0 22 20 0 21 0 0 17 16 12 9 0 0 0 8 0 8 9 0 0 17 0 0 8 16 0 24 33
P12336 2013 9 31 19 0 0 10 0 0 0 0 0 0 0 0 0 9 11 0 0 0 21 19 0 0 0 0 0 0 8 0 0 -999
P12336 2013 10 0 0 0 0 0 0 0 0 0 0 0 0 8 0 10 15 25 18 0 0 0 10 0 7 0 0 0 0 7 0 4
P12336 2013 11 0 0 0 0 2 0 0 0 11 15 0 11 8 11 13 9 0 0 102 64 39 0 68 58 32 56 39 26 16 0 -999
P12336 2013 12 22 47 39 34 0 0 4 0 0 0 3 0 0 0 10 0 0 0 0 0 0 0 10 0 0 19 14 12 19 25 12
P12336 2014 1 15 9 0 0 19 0 13 16 13 6 0 19 30 0 0 14 0 0 0 0 0 0 1 0 0 14 23 0 0 53 0
P12336 2014 2 22 37 24 36 27 33 34 45 31 49 10 14 27 10 0 0 0 11 24 9 10 0 10 0 0 0 0 15 -999 -999 -999