precip	MIROC5	RCP60	REGRESION	decimas	1
P1191	37.284	-4.118	182	geo	2006	2100	-1
P1191 2006 1 0 0 0 6 9 0 0 0 9 0 18 104 189 86 44 130 105 111 104 0 10 9 0 17 15 0 0 0 0 0 14
P1191 2006 2 0 54 0 11 0 0 0 0 0 0 8 0 38 57 0 38 24 12 0 58 28 22 21 14 0 6 0 0 -999 -999 -999
P1191 2006 3 51 75 85 134 136 126 117 126 82 48 68 39 31 28 29 52 103 165 115 48 72 41 0 26 33 39 0 45 75 51 107
P1191 2006 4 36 0 36 35 21 0 0 84 0 0 0 0 0 8 8 0 14 0 12 0 1 0 0 0 0 23 53 68 63 35 -999
P1191 2006 5 0 36 0 39 37 0 0 12 0 7 0 0 0 0 20 0 15 17 18 28 10 6 8 0 0 0 0 0 0 15 0
P1191 2006 6 0 0 0 0 0 0 0 0 0 0 7 0 0 0 0 0 0 0 0 0 0 0 0 0 0 0 0 0 13 0 -999
P1191 2006 7 0 0 0 0 0 0 0 0 0 0 0 6 0 0 0 0 0 0 0 0 0 0 0 0 0 0 0 0 0 0 0
P1191 2006 8 0 0 0 0 0 16 0 0 0 0 0 0 0 0 0 0 0 0 10 0 0 0 0 0 0 0 0 8 0 0 0
P1191 2006 9 0 0 0 0 18 16 7 0 0 0 0 0 0 0 0 0 0 0 0 11 0 0 0 0 0 0 0 0 0 0 -999
P1191 2006 10 0 0 0 0 0 0 2 0 0 27 27 0 0 21 0 21 0 0 0 0 0 0 0 0 0 16 0 0 0 10 0
P1191 2006 11 0 0 0 0 0 0 0 0 0 0 0 0 2 0 0 6 0 0 0 11 28 28 34 72 32 9 4 0 0 0 -999
P1191 2006 12 0 0 0 0 0 0 32 51 0 0 24 0 0 0 53 101 0 0 0 0 0 36 94 77 54 60 39 0 0 0 17
P1191 2007 1 19 0 8 0 0 0 0 0 0 0 0 6 0 0 0 0 0 6 22 0 0 0 11 0 34 26 21 43 34 27 24
P1191 2007 2 16 15 32 44 0 19 35 94 214 0 37 42 20 13 16 8 20 0 39 21 35 57 39 19 0 20 22 38 -999 -999 -999
P1191 2007 3 25 43 0 36 56 0 0 0 0 10 0 65 76 80 48 17 19 18 12 0 0 0 8 2 0 13 0 0 9 0 0
P1191 2007 4 0 0 0 0 23 26 9 0 0 0 0 0 0 0 12 0 0 0 41 0 49 47 41 0 34 22 7 0 0 0 -999
P1191 2007 5 0 0 0 0 0 21 0 7 0 0 0 0 0 40 0 19 17 0 0 29 0 0 0 0 0 0 0 0 9 0 0
P1191 2007 6 0 24 22 25 25 19 0 0 0 0 0 0 0 27 12 0 0 7 0 0 0 0 25 17 0 12 16 0 22 0 -999
P1191 2007 7 0 15 0 0 0 0 0 0 0 24 0 0 0 0 0 0 0 0 0 15 13 0 0 0 0 0 0 0 0 0 0
P1191 2007 8 0 0 0 0 0 0 0 0 0 0 0 0 0 0 0 0 0 0 0 19 0 0 0 0 0 0 0 18 0 0 0
P1191 2007 9 8 0 0 0 0 7 0 0 0 0 0 0 0 0 0 0 0 0 0 0 0 0 0 0 0 0 0 0 0 0 -999
P1191 2007 10 0 0 0 0 0 0 0 0 0 23 0 24 0 0 19 12 0 28 0 0 0 34 41 48 0 12 0 24 0 0 0
P1191 2007 11 0 5 0 0 4 0 7 0 0 0 0 22 0 0 0 5 0 0 0 0 0 0 0 0 0 10 20 23 0 0 -999
P1191 2007 12 13 0 0 21 28 26 0 19 0 3 0 0 2 0 7 0 0 32 15 0 9 0 0 0 10 0 10 22 3 0 0
P1191 2008 1 19 0 25 54 26 3 0 0 0 8 0 8 0 0 59 46 30 11 0 32 94 109 57 26 0 0 118 93 0 62 72
P1191 2008 2 144 52 67 0 0 44 39 76 19 0 79 0 17 0 0 55 0 57 50 97 0 21 17 24 34 33 24 29 -999 -999 -999
P1191 2008 3 18 4 0 0 0 0 0 0 0 0 11 0 0 0 6 0 0 0 0 0 0 0 0 0 0 0 0 0 0 0 0
P1191 2008 4 0 0 13 0 0 0 6 0 2 0 0 0 0 0 41 56 43 0 0 0 0 9 0 0 10 0 0 0 0 0 -999
P1191 2008 5 12 0 8 0 19 0 8 11 0 34 0 0 0 37 24 31 21 0 0 45 62 38 56 28 0 0 0 12 0 18 0
P1191 2008 6 0 11 0 0 14 0 10 0 0 0 0 0 17 0 23 8 0 0 0 0 0 0 0 0 0 0 0 0 0 0 -999
P1191 2008 7 0 0 0 0 0 0 0 0 0 0 0 0 0 0 0 0 0 0 0 0 0 0 0 0 0 0 0 0 0 0 0
P1191 2008 8 0 0 0 0 0 0 0 0 0 15 13 0 0 0 0 0 0 0 0 0 0 0 0 5 0 0 24 11 0 0 0
P1191 2008 9 6 8 0 0 0 0 0 6 0 0 0 0 0 0 0 0 0 0 0 0 0 0 0 0 0 15 0 0 0 0 -999
P1191 2008 10 0 18 0 13 8 0 0 0 0 0 0 37 0 0 4 0 9 12 0 0 0 0 0 0 18 0 0 36 36 13 13
P1191 2008 11 25 7 41 12 8 0 0 0 0 9 0 0 0 0 0 0 0 0 0 0 0 0 7 0 0 4 5 0 0 0 -999
P1191 2008 12 0 0 0 0 4 0 6 2 0 36 49 0 0 34 11 5 13 0 0 2 0 7 6 7 0 34 0 25 0 0 0
P1191 2009 1 0 0 0 0 6 0 5 0 4 0 7 19 21 19 27 11 4 2 0 0 0 0 0 0 1 1 0 0 6 0 0
P1191 2009 2 0 14 13 21 17 0 0 5 4 0 0 3 11 6 5 0 0 0 2 0 0 3 0 6 14 7 0 0 -999 -999 -999
P1191 2009 3 68 87 85 0 29 15 18 0 99 52 0 0 19 0 39 0 70 58 34 24 6 0 18 27 24 69 65 98 105 76 39
P1191 2009 4 32 106 59 24 0 82 27 20 15 11 0 25 40 0 36 24 12 0 0 22 27 0 0 4 0 0 9 15 0 0 -999
P1191 2009 5 40 48 30 0 20 0 0 23 34 58 63 35 8 0 0 0 0 0 0 20 0 0 0 23 0 8 0 0 0 7 0
P1191 2009 6 0 0 0 0 0 0 0 0 0 0 0 0 0 0 0 0 13 10 0 0 0 0 0 0 0 0 0 0 0 0 -999
P1191 2009 7 0 0 10 0 0 0 0 0 0 0 0 0 0 14 0 0 6 0 0 0 0 0 0 0 0 0 0 0 0 0 0
P1191 2009 8 0 0 0 0 0 0 0 0 0 0 0 0 0 0 0 0 0 0 0 0 0 0 0 0 11 16 0 0 0 0 12
P1191 2009 9 0 0 0 0 0 0 0 0 0 0 0 0 13 6 0 0 7 0 0 0 0 0 0 0 11 0 0 5 0 0 -999
P1191 2009 10 7 7 2 0 0 0 0 0 0 0 23 0 0 20 18 0 27 29 0 24 23 11 0 41 20 0 0 0 0 0 0
P1191 2009 11 0 0 0 0 0 0 0 0 0 0 0 3 0 0 0 0 0 9 0 0 13 0 38 49 11 19 0 0 0 0 -999
P1191 2009 12 21 22 40 25 42 77 125 0 33 90 78 0 16 0 0 0 7 21 23 19 9 13 13 0 19 24 45 43 0 6 0
P1191 2010 1 0 0 26 98 74 42 15 12 20 0 0 0 10 0 15 23 17 0 0 0 21 0 0 0 0 0 0 5 0 13 16
P1191 2010 2 13 13 9 0 0 35 0 0 9 0 0 0 0 0 0 4 3 0 0 0 4 11 6 0 4 6 0 9 -999 -999 -999
P1191 2010 3 0 0 0 0 20 0 0 41 54 50 23 21 0 0 0 0 0 26 48 45 0 0 0 0 0 0 0 0 0 0 0
P1191 2010 4 13 0 0 0 0 9 0 0 0 28 24 46 41 0 72 75 0 9 13 0 40 25 13 19 54 23 10 0 42 42 -999
P1191 2010 5 0 0 30 0 40 0 0 0 0 0 0 0 23 0 0 47 27 17 0 4 0 7 0 16 0 36 53 28 20 20 15
P1191 2010 6 22 0 0 0 0 0 0 10 0 0 0 0 0 13 0 0 0 0 0 0 0 0 0 0 0 0 0 0 0 0 -999
P1191 2010 7 0 24 0 0 12 0 0 0 15 0 16 0 0 0 0 0 0 0 0 0 0 0 0 0 0 0 0 0 5 6 0
P1191 2010 8 0 0 0 0 0 0 0 0 0 0 0 0 15 0 0 0 0 0 0 0 0 0 0 0 0 0 0 0 10 0 0
P1191 2010 9 15 0 0 0 0 0 0 0 0 0 16 0 30 23 25 15 0 0 0 0 0 0 0 0 0 0 0 0 0 0 -999
P1191 2010 10 0 0 0 0 0 0 0 22 0 0 0 25 0 48 0 17 0 9 20 20 28 38 0 11 14 0 0 0 0 19 11
P1191 2010 11 16 0 0 0 0 0 0 0 0 0 0 0 0 0 0 16 0 11 0 0 0 0 0 0 4 0 0 0 0 0 -999
P1191 2010 12 0 0 0 15 0 18 24 12 16 16 0 0 37 58 0 0 0 5 14 0 0 0 0 0 4 0 0 8 0 0 0
P1191 2011 1 0 0 0 0 0 9 0 0 0 0 0 0 0 0 11 0 0 0 0 0 0 0 58 0 0 0 0 0 3 0 0
P1191 2011 2 0 0 0 18 0 0 12 0 0 0 0 20 0 10 13 0 0 0 6 8 0 0 0 0 0 0 0 30 -999 -999 -999
P1191 2011 3 65 31 0 5 0 0 0 10 0 18 0 28 27 23 55 126 237 59 0 46 38 50 64 160 85 18 0 55 21 0 6
P1191 2011 4 0 20 0 0 0 0 0 0 0 0 0 22 32 22 10 0 0 0 0 0 0 0 0 0 0 0 0 0 0 0 -999
P1191 2011 5 7 23 13 7 0 6 0 9 0 0 0 8 0 8 0 0 0 0 0 0 23 18 0 9 16 0 0 0 0 0 26
P1191 2011 6 17 14 11 0 0 0 0 6 0 0 0 0 0 0 0 0 0 2 0 0 0 0 19 16 0 19 23 20 17 11 -999
P1191 2011 7 0 0 0 0 0 0 0 0 0 0 0 0 0 0 0 8 0 0 0 0 0 0 0 0 0 0 0 0 0 0 0
P1191 2011 8 0 0 0 0 0 0 0 0 0 0 0 0 0 0 0 0 0 0 15 0 0 0 3 0 0 0 0 11 16 0 16
P1191 2011 9 0 0 0 0 0 10 7 13 28 50 0 5 0 0 0 0 1 0 0 0 0 0 0 0 0 0 5 0 0 0 -999
P1191 2011 10 0 0 0 0 0 0 0 0 0 10 0 0 18 10 0 0 0 0 0 0 0 0 0 0 0 0 9 13 0 0 40
P1191 2011 11 15 14 16 37 86 71 98 0 10 10 14 9 5 0 0 0 33 29 0 7 0 70 76 63 0 15 0 0 9 7 -999
P1191 2011 12 0 0 0 0 0 12 0 7 0 0 0 0 0 8 0 42 56 50 61 70 102 40 66 0 20 36 28 0 0 25 0
P1191 2012 1 100 52 0 0 0 0 0 0 0 1 0 0 2 0 0 3 0 5 6 17 16 0 0 2 0 3 0 11 18 44 14
P1191 2012 2 10 0 57 35 11 0 0 5 0 2 0 0 0 0 0 0 0 10 38 50 0 0 6 0 17 0 3 0 -999 -999 -999
P1191 2012 3 39 104 56 39 32 0 21 0 0 0 3 9 25 0 10 0 0 0 0 25 23 13 0 0 0 0 0 4 10 0 0
P1191 2012 4 0 0 0 0 0 0 0 34 12 6 0 0 26 87 76 58 58 44 24 0 21 0 11 36 68 51 68 0 72 49 -999
P1191 2012 5 0 0 31 0 0 0 0 19 0 0 0 27 0 0 38 26 0 0 0 0 12 20 22 0 41 35 0 17 0 0 0
P1191 2012 6 5 0 0 0 0 0 0 0 31 0 23 26 24 0 0 37 9 0 0 0 22 0 7 0 0 0 0 0 0 0 -999
P1191 2012 7 10 0 0 0 0 0 0 0 0 0 0 0 0 0 0 11 13 0 0 14 16 0 19 0 0 0 0 0 0 15 0
P1191 2012 8 14 0 0 0 9 0 0 0 0 0 17 0 0 0 0 0 0 0 0 0 3 4 0 0 0 0 0 0 12 0 0
P1191 2012 9 0 0 0 0 0 0 28 0 0 0 0 0 0 0 0 0 0 0 0 0 0 4 0 0 0 0 0 22 0 16 -999
P1191 2012 10 0 0 0 0 0 2 0 0 0 0 41 26 0 8 0 26 17 0 0 0 26 33 0 13 0 10 21 0 0 0 40
P1191 2012 11 0 73 59 0 14 0 6 0 0 26 0 0 0 0 0 2 0 32 61 0 14 0 0 0 0 0 0 0 36 0 -999
P1191 2012 12 25 0 0 0 13 42 63 68 14 0 0 6 0 108 92 71 64 0 21 0 0 0 8 0 17 0 0 0 13 24 0
P1191 2013 1 0 21 27 79 0 0 0 17 5 0 0 0 0 2 0 3 0 0 0 3 1 0 2 3 0 1 0 0 0 24 0
P1191 2013 2 0 0 0 0 2 3 0 4 0 0 0 0 20 86 75 22 25 43 88 87 67 64 0 124 41 18 2 4 -999 -999 -999
P1191 2013 3 0 0 0 15 17 0 14 0 41 45 108 119 0 32 20 25 32 0 0 29 16 33 0 0 16 14 0 0 43 65 101
P1191 2013 4 48 15 13 18 34 0 45 13 0 0 0 0 0 24 16 0 0 0 0 0 0 27 18 28 0 0 5 0 0 2 -999
P1191 2013 5 0 0 0 0 23 9 10 20 0 47 55 34 14 0 0 0 42 0 29 0 21 0 0 0 12 7 0 0 0 0 0
P1191 2013 6 0 0 0 0 0 0 0 31 42 0 45 44 34 30 0 18 18 0 0 11 0 0 0 0 0 0 30 20 0 24 -999
P1191 2013 7 16 15 0 0 15 22 0 0 0 0 0 0 0 5 0 0 0 0 0 0 0 0 0 0 0 0 0 0 0 0 0
P1191 2013 8 0 0 0 0 0 0 0 0 19 0 0 18 0 0 0 0 0 0 0 6 0 0 0 0 0 8 0 0 0 0 36
P1191 2013 9 24 0 19 0 0 0 0 0 0 0 0 0 0 3 0 0 0 0 0 0 0 20 14 9 0 3 0 0 0 0 -999
P1191 2013 10 0 0 0 0 0 0 0 0 5 0 0 0 6 6 8 15 32 36 16 10 0 8 0 3 3 5 10 0 0 0 0
P1191 2013 11 0 0 0 1 0 0 0 12 16 14 25 16 0 11 10 18 0 144 224 130 77 122 182 121 0 55 83 45 13 21 -999
P1191 2013 12 0 58 31 35 0 0 0 0 0 0 0 0 0 0 12 0 7 2 2 0 0 0 7 20 0 16 26 0 40 37 16
P1191 2014 1 16 0 0 0 0 0 0 19 0 0 7 0 22 14 38 0 0 0 0 0 0 0 0 0 13 18 0 50 116 149 57
P1191 2014 2 27 0 26 40 36 55 37 88 49 90 11 12 21 8 0 0 0 0 22 8 0 0 8 6 0 0 0 31 -999 -999 -999