precip	MIROC5	RCP60	REGRESION	decimas	1
P1292	37.344	-4.807	182	geo	2006	2100	-1
P1292 2006 1 0 0 0 0 7 0 8 0 0 0 0 110 156 51 44 116 89 88 83 0 6 9 19 0 15 0 0 0 0 34 0
P1292 2006 2 0 64 24 0 0 0 0 1 0 0 7 22 44 57 46 19 14 0 17 38 0 12 12 0 0 0 0 0 -999 -999 -999
P1292 2006 3 0 62 85 112 105 105 93 100 0 0 76 0 0 0 28 59 126 151 87 38 63 40 0 0 29 32 0 47 68 41 79
P1292 2006 4 21 0 40 35 21 14 0 74 0 0 0 0 0 0 8 0 0 0 0 0 0 0 0 0 0 0 49 42 0 23 -999
P1292 2006 5 0 26 23 33 30 53 17 0 0 0 0 0 0 0 0 0 0 11 0 21 0 0 0 0 0 0 0 0 0 0 0
P1292 2006 6 0 0 0 0 8 0 0 0 0 0 7 0 0 0 9 0 0 0 11 0 0 0 0 0 0 0 15 0 0 0 -999
P1292 2006 7 0 0 0 0 0 0 17 0 0 0 0 0 0 0 0 0 0 0 0 0 0 0 0 0 0 0 0 0 0 0 0
P1292 2006 8 22 0 7 0 0 0 0 0 0 0 0 0 0 0 0 13 0 0 0 0 0 0 0 0 0 12 9 0 0 0 0
P1292 2006 9 0 0 16 26 0 0 0 0 0 0 0 0 0 0 0 0 0 0 9 0 0 0 0 0 12 0 5 0 0 0 -999
P1292 2006 10 0 0 0 0 0 0 0 0 15 35 0 0 0 0 18 0 9 0 0 0 0 0 0 0 15 13 0 0 0 0 0
P1292 2006 11 0 0 0 0 0 0 0 28 0 0 0 0 0 0 0 5 4 4 0 11 22 0 28 48 20 5 0 0 0 0 -999
P1292 2006 12 0 0 0 0 0 0 27 69 49 44 0 0 42 0 63 103 28 3 0 0 0 0 101 57 49 50 36 29 24 0 0
P1292 2007 1 0 0 0 0 0 0 0 0 0 2 0 0 0 0 0 0 0 0 0 12 11 0 0 8 20 0 10 20 17 0 17
P1292 2007 2 12 9 17 19 10 0 31 0 196 151 24 29 0 0 12 8 0 51 31 24 38 55 35 20 21 27 27 31 -999 -999 -999
P1292 2007 3 0 38 0 51 58 37 18 17 0 0 17 52 52 60 33 0 15 14 0 0 0 0 0 0 0 9 0 0 0 0 0
P1292 2007 4 1 0 0 0 0 15 4 0 0 0 14 38 46 0 0 10 18 41 0 31 39 0 0 41 20 0 0 0 0 0 -999
P1292 2007 5 0 0 0 0 0 0 0 8 0 0 0 0 0 28 20 0 0 23 0 21 0 0 0 0 0 0 0 0 0 0 0
P1292 2007 6 0 17 14 18 0 0 0 0 0 0 0 0 0 0 0 0 0 0 9 0 0 15 0 0 0 0 0 17 20 0 -999
P1292 2007 7 0 0 0 17 0 0 0 0 0 21 26 0 0 0 0 0 0 0 0 0 0 0 0 0 0 0 0 0 0 0 0
P1292 2007 8 0 0 0 0 0 0 0 0 0 0 0 0 0 0 0 0 0 0 0 18 0 7 0 0 0 16 23 0 0 0 0
P1292 2007 9 0 0 0 0 0 0 0 0 0 0 0 0 0 0 0 0 0 0 0 3 2 4 0 0 0 0 0 0 0 0 -999
P1292 2007 10 0 0 0 0 0 0 0 0 0 0 0 19 43 46 0 16 0 0 0 0 0 39 39 39 17 0 0 16 0 0 0
P1292 2007 11 0 0 0 0 0 0 0 0 0 0 19 0 10 14 13 0 4 0 0 0 0 0 0 7 2 0 21 0 0 0 -999
P1292 2007 12 0 0 0 0 18 0 0 14 0 0 0 0 0 0 5 0 35 34 16 0 0 0 0 0 10 0 0 16 0 0 0
P1292 2008 1 13 19 18 38 17 0 0 0 3 6 0 0 13 0 44 47 0 0 20 0 0 88 42 24 0 93 127 73 46 62 81
P1292 2008 2 159 41 78 38 29 41 42 79 0 33 79 0 14 0 0 47 45 57 40 88 0 15 0 0 30 27 23 22 -999 -999 -999
P1292 2008 3 0 0 0 9 0 0 0 0 0 0 0 0 0 0 0 0 0 0 0 0 0 0 0 0 0 0 0 0 0 0 0
P1292 2008 4 0 0 0 24 0 0 4 0 0 0 0 0 0 19 0 0 32 20 0 0 7 0 0 0 0 0 0 0 0 0 -999
P1292 2008 5 0 11 6 9 16 0 4 6 0 30 0 22 22 33 0 0 0 0 24 38 38 0 49 17 8 0 0 0 0 0 0
P1292 2008 6 8 0 0 0 14 0 10 0 0 0 0 0 0 36 0 0 0 0 0 0 0 0 0 0 0 0 0 0 14 0 -999
P1292 2008 7 0 0 0 0 0 0 0 0 0 0 0 0 0 0 0 15 0 0 0 0 0 5 0 0 0 0 0 0 0 0 0
P1292 2008 8 0 0 0 0 0 0 0 0 0 0 0 0 0 0 0 0 8 0 0 0 0 14 0 0 0 0 15 0 10 0 0
P1292 2008 9 0 0 0 0 0 0 0 0 0 0 0 0 15 0 0 0 0 8 0 0 0 0 0 0 0 0 0 0 0 28 -999
P1292 2008 10 0 0 0 0 0 0 0 0 0 0 0 0 0 16 0 0 0 0 0 0 0 0 0 23 0 29 38 23 0 6 0
P1292 2008 11 0 0 26 0 0 2 0 0 0 0 0 0 0 0 0 0 0 0 0 0 0 0 0 0 0 0 0 3 1 0 -999
P1292 2008 12 0 0 0 0 3 0 0 0 0 24 0 0 7 18 0 0 0 6 6 0 0 0 0 0 16 26 23 21 0 0 0
P1292 2009 1 0 1 0 0 0 0 3 0 0 0 0 11 0 12 0 6 0 0 0 0 0 0 0 0 0 0 0 0 0 0 0
P1292 2009 2 0 8 8 0 11 4 0 0 0 0 0 1 6 4 3 0 0 0 0 0 0 0 0 3 0 6 0 0 -999 -999 -999
P1292 2009 3 45 58 61 30 0 0 11 48 66 0 20 0 13 0 28 22 55 47 27 19 0 0 0 0 0 64 61 81 86 56 26
P1292 2009 4 31 0 29 0 32 59 15 0 0 6 12 0 0 0 23 0 0 10 8 0 0 13 0 0 0 0 9 0 0 0 -999
P1292 2009 5 31 38 0 0 0 30 0 0 28 0 39 0 5 0 0 0 0 0 23 0 0 31 0 0 17 0 0 0 0 7 0
P1292 2009 6 0 0 0 0 0 0 0 0 0 13 0 0 0 0 19 21 0 0 0 0 0 0 0 0 0 0 0 0 0 0 -999
P1292 2009 7 0 13 0 0 0 0 0 0 0 0 0 23 20 0 0 0 6 0 0 0 0 0 0 0 0 0 0 0 0 0 0
P1292 2009 8 0 0 0 0 0 0 0 0 0 0 0 0 0 0 0 0 0 0 0 0 0 0 0 23 0 0 0 0 0 0 18
P1292 2009 9 0 0 0 0 0 0 0 0 0 0 0 0 11 0 0 0 0 0 0 0 0 0 0 17 0 0 0 0 5 0 -999
P1292 2009 10 6 0 0 0 0 5 0 0 0 0 21 18 16 17 18 0 0 21 0 14 17 7 0 0 17 0 0 0 7 0 0
P1292 2009 11 2 0 0 4 0 0 6 0 0 0 0 0 0 7 7 0 0 0 0 0 0 17 43 45 7 0 0 0 15 0 -999
P1292 2009 12 0 17 0 18 37 51 89 20 0 66 55 0 0 0 0 0 0 0 20 15 8 10 0 0 0 31 0 49 19 0 0
P1292 2010 1 0 0 31 0 0 28 0 12 21 0 0 0 10 0 12 14 11 12 0 17 22 0 0 0 0 0 7 0 0 0 18
P1292 2010 2 0 0 9 0 0 20 0 0 0 0 0 0 0 0 0 0 0 0 0 0 0 3 0 8 2 0 0 0 -999 -999 -999
P1292 2010 3 0 0 0 0 0 24 38 41 69 53 23 0 7 10 10 8 11 24 49 0 0 3 0 0 0 3 0 0 4 0 0
P1292 2010 4 14 0 0 0 0 0 0 0 0 29 0 0 0 21 64 0 0 0 8 26 28 0 0 13 32 0 6 7 0 0 -999
P1292 2010 5 16 8 24 35 0 0 6 0 0 0 0 0 0 0 14 0 15 13 0 3 0 0 0 0 0 0 40 0 16 16 0
P1292 2010 6 14 29 24 0 11 0 0 0 0 0 0 0 0 13 0 24 0 0 0 0 0 0 0 0 0 0 0 0 0 0 -999
P1292 2010 7 0 0 0 0 9 11 0 0 0 0 0 0 0 0 9 0 0 0 0 0 0 0 0 0 0 0 0 0 0 0 0
P1292 2010 8 0 0 0 10 8 0 0 0 0 0 0 12 0 0 0 0 0 0 0 0 0 0 0 0 0 0 0 9 8 0 0
P1292 2010 9 13 13 0 0 0 0 0 0 0 0 11 0 21 0 0 0 0 0 21 0 0 0 0 0 0 0 0 0 0 0 -999
P1292 2010 10 0 0 0 0 0 0 0 0 0 0 46 22 36 40 0 11 0 0 18 0 24 0 0 0 0 0 0 0 0 12 0
P1292 2010 11 0 0 0 0 0 0 0 0 0 0 0 0 0 4 0 11 0 0 0 0 0 0 0 0 4 0 0 0 0 0 -999
P1292 2010 12 0 0 0 0 0 12 15 11 0 0 8 0 34 43 0 0 0 0 0 0 0 0 0 0 3 0 0 0 0 0 0
P1292 2011 1 0 0 0 7 11 0 0 3 0 0 0 5 0 0 0 8 0 0 0 0 9 0 35 0 11 0 0 0 0 0 0
P1292 2011 2 7 0 0 0 0 0 13 0 0 0 0 0 0 0 0 7 0 0 0 0 16 31 0 0 7 0 17 0 -999 -999 -999
P1292 2011 3 61 33 0 6 0 0 7 6 0 0 20 0 18 16 0 104 169 36 0 31 24 35 56 155 0 15 29 69 0 0 0
P1292 2011 4 0 0 0 0 10 0 0 0 15 0 23 0 0 12 8 0 0 52 30 31 0 0 0 0 0 0 0 3 0 0 -999
P1292 2011 5 0 0 0 0 0 4 0 0 0 0 0 0 0 0 0 0 0 0 0 0 0 0 0 0 0 20 0 0 22 22 0
P1292 2011 6 0 0 0 0 0 0 0 0 0 0 0 0 0 0 0 0 0 2 0 0 0 0 0 13 13 0 20 0 0 6 -999
P1292 2011 7 0 5 0 0 0 0 0 0 0 0 0 0 0 0 0 0 0 0 0 0 0 0 0 0 0 0 0 0 0 0 0
P1292 2011 8 0 0 0 0 0 0 0 0 0 0 0 0 0 0 0 0 0 9 0 0 0 0 2 0 0 4 0 0 0 0 0
P1292 2011 9 0 0 0 0 0 0 6 0 0 40 0 0 0 0 0 0 0 0 0 0 0 0 0 0 0 0 0 0 0 0 -999
P1292 2011 10 0 0 0 0 0 4 0 0 0 0 0 0 0 13 0 0 0 0 0 10 0 0 8 14 0 0 10 0 0 36 24
P1292 2011 11 8 0 8 0 60 59 64 0 6 6 11 8 0 0 0 0 37 27 0 0 0 0 0 0 0 12 0 20 0 0 -999
P1292 2011 12 0 15 0 0 0 0 0 0 0 0 0 23 0 5 0 0 43 0 47 56 78 28 46 18 22 27 18 0 15 20 0
P1292 2012 1 92 30 3 1 0 0 0 0 0 0 0 0 0 0 0 0 0 0 0 11 10 0 0 2 0 0 7 13 19 37 0
P1292 2012 2 13 26 0 24 0 11 7 4 0 0 0 0 0 0 0 0 0 0 35 41 26 14 0 7 13 0 0 0 -999 -999 -999
P1292 2012 3 25 69 0 27 0 0 0 0 0 0 0 6 19 13 0 0 28 18 0 0 0 0 11 0 0 0 0 0 0 13 0
P1292 2012 4 0 0 0 0 0 0 0 21 5 3 0 11 17 66 58 46 0 26 12 0 12 0 0 0 50 0 72 50 56 34 -999
P1292 2012 5 0 0 24 0 0 0 0 14 24 0 18 0 27 29 26 0 0 0 0 0 0 0 0 15 34 23 0 0 0 6 0
P1292 2012 6 0 1 0 0 0 0 0 0 0 0 17 19 0 24 30 21 0 0 0 0 0 9 0 0 0 0 0 0 0 8 -999
P1292 2012 7 0 0 0 0 0 0 0 0 0 0 0 0 0 0 0 0 0 0 0 0 0 0 0 0 0 13 0 0 0 0 0
P1292 2012 8 0 0 0 0 0 0 0 0 0 0 0 0 0 0 0 0 0 0 0 0 0 0 0 0 0 15 0 0 0 0 5
P1292 2012 9 0 0 0 11 0 0 23 0 0 0 0 0 0 0 0 0 0 0 0 0 0 0 0 0 30 0 0 21 0 13 -999
P1292 2012 10 0 0 0 0 0 0 0 0 0 0 44 0 0 0 0 24 21 22 0 0 0 0 29 12 0 0 0 0 0 0 23
P1292 2012 11 22 52 43 0 0 0 0 0 0 20 37 0 0 0 0 0 0 0 64 37 0 0 0 0 0 0 0 0 40 0 -999
P1292 2012 12 0 0 0 0 20 61 62 61 0 0 14 0 20 102 70 50 46 25 14 10 0 22 0 13 11 0 0 0 0 15 51
P1292 2013 1 0 0 0 61 23 0 0 12 0 0 7 0 0 0 0 0 0 0 0 2 0 0 0 0 0 0 0 0 0 22 12
P1292 2013 2 0 0 0 0 0 3 0 0 0 0 0 0 28 71 42 13 20 53 81 69 48 50 0 92 31 0 0 4 -999 -999 -999
P1292 2013 3 0 0 0 18 15 0 0 25 31 52 111 117 80 0 20 30 33 33 32 26 18 0 53 0 21 0 0 0 0 45 79
P1292 2013 4 37 0 0 18 0 0 26 0 0 0 0 0 0 19 0 24 0 0 0 10 34 17 0 0 52 0 0 0 0 0 -999
P1292 2013 5 0 0 0 0 17 0 0 0 23 36 38 18 0 0 0 0 33 24 23 15 12 2 0 0 0 0 0 0 0 0 0
P1292 2013 6 0 0 26 0 0 0 0 0 41 42 0 33 0 16 0 12 0 0 0 0 0 0 0 0 0 0 0 0 20 17 -999
P1292 2013 7 12 0 0 0 0 0 0 0 0 0 0 0 0 0 0 0 0 0 0 0 0 0 0 0 0 0 0 0 0 0 0
P1292 2013 8 0 0 0 0 0 0 0 0 19 0 0 0 0 0 12 0 0 0 0 0 0 0 0 0 0 0 0 0 24 16 0
P1292 2013 9 0 0 11 5 0 6 0 0 0 0 9 0 0 0 0 0 0 0 0 14 11 0 11 5 0 2 0 0 3 0 -999
P1292 2013 10 0 0 0 0 0 0 0 0 0 13 0 16 6 5 6 12 0 25 0 0 0 0 0 1 0 0 5 0 0 0 0
P1292 2013 11 0 0 0 0 0 0 0 11 11 0 13 0 0 0 4 0 0 145 197 79 78 116 161 87 0 57 59 29 0 11 -999
P1292 2013 12 0 44 21 18 0 0 0 13 0 0 0 0 11 13 15 10 0 0 0 0 0 0 0 0 13 0 26 21 47 27 0
P1292 2014 1 16 7 0 13 24 0 0 0 12 0 0 11 13 0 36 0 0 1 0 0 0 0 0 0 15 22 43 0 111 111 0
P1292 2014 2 19 35 17 0 34 58 33 78 34 58 8 10 18 0 0 0 0 0 16 0 11 5 10 0 0 0 0 32 -999 -999 -999