precip	MIROC5	RCP60	REGRESION	decimas	1
P11421	41.048	-6.597	182	geo	2006	2100	-1
P11421 2006 1 0 8 0 6 0 20 0 0 11 9 0 106 198 38 89 118 111 89 0 0 7 17 0 8 13 0 33 24 41 38 10
P11421 2006 2 0 72 34 32 18 0 0 0 0 0 0 0 21 0 22 21 25 17 47 30 11 9 8 6 0 4 0 15 -999 -999 -999
P11421 2006 3 0 87 119 154 123 128 119 104 69 45 0 31 33 31 39 83 133 141 118 75 78 64 60 47 48 64 71 70 77 65 48
P11421 2006 4 0 74 44 47 0 0 0 12 0 0 0 0 0 7 0 0 0 0 0 0 0 0 0 0 0 0 43 37 0 23 -999
P11421 2006 5 23 32 0 47 41 60 27 0 0 0 8 0 0 33 26 19 18 16 32 27 10 0 0 0 0 0 0 25 0 0 0
P11421 2006 6 0 0 0 0 0 13 0 0 0 0 0 0 21 0 0 0 0 0 15 0 0 0 0 0 0 0 0 0 0 0 -999
P11421 2006 7 0 0 0 0 14 0 0 0 0 0 0 0 0 0 0 0 0 0 0 0 0 0 0 0 0 0 0 0 0 0 0
P11421 2006 8 0 0 0 0 17 0 0 0 0 0 14 0 0 0 17 0 0 0 0 21 0 0 0 0 0 16 0 0 0 0 0
P11421 2006 9 0 0 25 27 0 0 0 14 0 0 0 0 18 0 0 0 0 0 0 0 0 0 0 0 8 0 0 18 0 0 -999
P11421 2006 10 3 0 0 0 18 0 0 9 0 0 0 0 0 0 23 19 0 11 0 17 29 0 0 15 33 38 0 43 27 28 29
P11421 2006 11 31 11 0 0 0 16 42 25 0 0 0 0 0 0 0 0 0 0 0 15 0 19 23 18 0 8 4 0 3 0 -999
P11421 2006 12 0 0 0 0 0 0 0 51 59 33 21 0 23 32 83 88 0 4 0 6 18 56 109 62 79 64 45 45 69 43 0
P11421 2007 1 24 38 0 0 7 1 0 0 0 0 0 0 0 4 0 0 0 0 9 3 0 0 0 8 0 8 0 21 20 16 0
P11421 2007 2 7 16 27 22 0 7 22 64 152 90 36 21 12 14 0 0 0 31 0 0 18 16 27 29 45 47 52 0 -999 -999 -999
P11421 2007 3 0 29 0 45 59 0 0 0 10 9 21 32 41 96 0 20 41 0 19 45 33 19 0 0 0 0 9 4 0 0 0
P11421 2007 4 0 0 0 13 0 27 3 0 0 0 0 37 56 0 0 22 0 56 68 47 23 0 37 31 13 14 0 0 0 0 -999
P11421 2007 5 0 0 0 0 60 0 13 0 0 0 0 23 0 27 26 0 0 26 31 12 0 0 0 0 0 0 0 0 0 0 0
P11421 2007 6 15 0 15 15 0 0 11 6 0 0 0 0 0 0 8 0 0 0 0 0 0 0 0 0 13 0 0 0 0 0 -999
P11421 2007 7 18 0 0 0 18 0 0 0 0 33 37 0 0 0 0 0 0 0 0 0 0 0 0 0 0 0 0 0 0 0 0
P11421 2007 8 0 0 16 0 0 0 0 0 0 0 0 0 0 0 0 0 0 0 0 0 27 0 0 0 0 19 21 0 0 10 0
P11421 2007 9 0 0 0 0 0 0 0 0 0 0 0 0 15 0 0 11 0 0 0 0 9 0 0 0 21 0 0 0 0 0 -999
P11421 2007 10 0 0 0 16 0 0 0 0 0 17 0 0 49 60 31 30 46 74 24 0 0 55 84 0 0 23 57 12 0 16 0
P11421 2007 11 0 8 18 0 0 0 9 0 27 31 69 48 35 52 11 3 7 0 0 0 0 0 0 0 4 11 10 0 0 7 -999
P11421 2007 12 5 0 4 6 0 0 6 0 0 2 0 4 0 3 9 20 30 0 9 0 5 4 8 18 0 0 24 12 0 0 0
P11421 2008 1 14 0 33 41 11 0 0 0 0 0 0 0 0 0 0 0 0 0 29 0 90 85 25 20 0 102 87 51 55 71 105
P11421 2008 2 139 81 115 74 57 89 54 80 39 40 59 19 19 20 61 54 25 67 40 0 12 8 6 0 0 17 25 16 -999 -999 -999
P11421 2008 3 0 0 0 11 0 4 0 0 0 0 0 21 21 0 0 0 0 0 0 0 13 17 0 16 0 16 0 0 0 0 0
P11421 2008 4 0 0 12 13 0 0 0 1 0 4 0 0 0 25 0 40 0 17 0 0 0 8 7 0 0 0 0 0 0 0 -999
P11421 2008 5 0 7 0 0 0 0 0 0 0 31 60 34 0 39 0 0 0 10 0 33 0 36 50 18 12 0 0 0 0 0 0
P11421 2008 6 11 0 0 0 0 21 0 0 31 0 0 0 21 0 17 8 13 0 0 0 0 0 0 0 0 0 0 0 0 0 -999
P11421 2008 7 0 0 0 0 0 0 0 0 0 0 0 0 0 0 0 0 0 0 0 0 0 0 0 0 0 0 0 0 10 0 0
P11421 2008 8 0 0 0 0 0 0 0 0 0 0 0 0 0 15 0 0 0 0 0 0 0 13 0 0 0 0 11 9 0 0 0
P11421 2008 9 13 18 0 0 0 0 0 0 0 0 0 0 21 43 24 0 0 12 0 0 0 0 28 26 0 0 0 0 56 38 -999
P11421 2008 10 52 35 0 20 0 0 0 0 0 0 49 54 48 13 0 0 0 0 0 0 0 0 0 0 0 61 54 34 21 12 27
P11421 2008 11 19 8 0 0 0 0 0 0 6 0 0 0 0 0 0 12 35 65 29 0 0 0 0 0 0 0 0 0 0 2 -999
P11421 2008 12 0 0 0 0 0 0 0 0 7 27 21 5 16 16 0 0 0 10 8 6 0 0 14 22 56 45 34 20 0 0 0
P11421 2009 1 0 0 0 0 0 9 0 0 0 0 0 8 6 0 0 3 0 0 0 0 0 3 0 0 0 0 0 0 0 0 0
P11421 2009 2 0 0 7 0 0 2 2 0 0 3 0 0 0 2 0 0 0 0 0 7 0 1 0 0 0 1 0 27 -999 -999 -999
P11421 2009 3 44 43 37 17 0 12 21 52 19 0 0 0 4 0 0 43 108 107 78 50 10 12 46 40 39 59 51 78 87 65 30
P11421 2009 4 0 14 8 14 0 0 9 12 0 7 0 17 0 17 12 6 0 0 0 19 0 0 0 0 0 0 0 25 0 41 -999
P11421 2009 5 27 29 22 25 0 26 18 17 0 0 8 8 5 0 0 0 5 0 0 19 0 20 0 0 0 0 0 0 0 0 0
P11421 2009 6 0 0 14 0 17 0 19 0 15 0 5 0 0 23 23 0 0 8 0 0 0 0 0 0 18 0 0 0 13 0 -999
P11421 2009 7 0 21 19 0 0 0 0 0 0 0 0 0 0 0 0 0 0 0 17 0 0 0 0 0 12 0 0 0 0 0 0
P11421 2009 8 0 0 0 0 0 0 0 0 0 13 0 0 0 0 0 0 0 0 0 0 0 0 24 19 0 0 0 0 0 23 18
P11421 2009 9 28 29 0 0 0 0 0 20 0 32 0 0 0 0 0 0 0 0 0 0 0 0 0 0 0 0 0 0 0 11 -999
P11421 2009 10 0 0 0 3 4 5 0 0 9 14 0 0 16 0 16 0 0 18 11 12 14 0 33 0 0 0 5 0 0 11 0
P11421 2009 11 0 0 6 6 0 0 0 11 0 0 8 13 15 17 26 0 0 0 21 43 11 13 51 16 0 5 15 27 24 34 -999
P11421 2009 12 32 60 72 41 116 77 61 42 27 64 27 20 31 0 16 14 36 58 45 0 13 31 45 43 59 59 50 42 29 29 26
P11421 2010 1 24 0 46 76 38 0 0 6 13 8 4 0 14 0 13 0 23 16 0 26 0 0 0 0 0 0 0 4 0 0 0
P11421 2010 2 8 0 0 0 11 15 0 2 2 1 0 0 0 0 0 0 0 2 0 5 0 9 0 0 0 6 0 5 -999 -999 -999
P11421 2010 3 5 0 0 0 10 0 0 6 0 37 19 0 7 4 5 0 7 26 49 12 0 0 0 0 0 0 0 3 4 5 0
P11421 2010 4 19 20 0 0 0 20 0 43 43 33 20 14 0 26 45 18 0 0 0 20 0 0 9 27 19 4 6 0 26 0 -999
P11421 2010 5 11 0 19 22 16 0 0 0 0 0 11 14 0 0 0 22 0 31 12 0 0 0 0 0 17 34 34 0 17 12 5
P11421 2010 6 0 20 22 14 0 9 13 0 0 0 0 0 0 0 0 31 15 0 0 0 0 0 13 0 0 0 0 0 0 0 -999
P11421 2010 7 0 0 7 0 0 0 0 0 0 13 0 0 0 0 0 0 0 0 0 0 0 0 0 0 0 0 0 0 0 0 0
P11421 2010 8 0 0 0 0 0 0 0 0 0 0 15 0 0 0 0 28 0 0 0 0 0 0 0 0 0 0 0 0 5 0 20
P11421 2010 9 0 0 0 0 0 0 0 0 0 0 0 0 17 11 19 0 0 0 19 0 0 0 0 0 0 13 0 0 0 0 -999
P11421 2010 10 0 0 0 6 0 0 0 0 0 45 75 54 80 47 33 17 13 0 33 0 16 0 0 6 21 0 9 22 34 14 0
P11421 2010 11 0 0 0 0 0 0 0 0 0 0 0 0 0 0 0 0 23 19 0 0 0 0 0 0 0 0 2 0 0 0 -999
P11421 2010 12 0 0 0 0 0 12 0 0 0 0 0 21 53 0 0 0 25 20 0 0 0 0 0 0 0 0 0 9 3 0 0
P11421 2011 1 0 0 9 21 28 0 0 0 0 0 6 5 0 9 20 0 1 0 0 2 9 31 47 20 37 0 20 4 0 4 12
P11421 2011 2 18 13 17 52 60 59 46 25 11 0 16 31 23 0 29 0 0 0 10 0 0 37 0 8 0 0 11 0 -999 -999 -999
P11421 2011 3 25 17 0 0 0 9 0 0 0 13 0 26 18 0 38 74 34 32 21 30 29 46 93 181 51 22 0 82 0 0 0
P11421 2011 4 0 28 22 0 0 0 0 16 22 0 18 0 0 0 0 0 25 21 0 0 23 0 0 0 0 0 0 0 0 0 -999
P11421 2011 5 0 20 0 0 0 0 0 0 0 37 15 0 0 0 0 17 7 0 0 0 35 15 11 0 0 0 0 0 0 0 0
P11421 2011 6 0 15 0 0 0 0 0 0 0 18 0 0 14 0 0 0 0 0 0 0 0 0 0 0 0 20 0 15 13 0 -999
P11421 2011 7 13 0 0 0 0 0 0 5 0 0 0 0 0 0 0 0 0 14 0 0 0 0 0 0 8 0 0 0 0 0 0
P11421 2011 8 0 0 0 0 0 0 0 0 0 0 0 0 0 0 0 0 0 0 14 0 0 0 0 9 0 0 12 0 0 0 21
P11421 2011 9 0 0 0 0 0 0 0 20 0 35 0 0 0 0 0 0 0 0 0 0 0 0 0 0 7 0 8 0 0 19 -999
P11421 2011 10 0 0 0 0 0 2 0 8 0 10 12 0 0 28 26 19 0 0 0 0 0 16 17 0 0 10 0 0 0 17 0
P11421 2011 11 0 0 15 42 73 75 29 0 0 0 0 0 5 4 0 0 40 15 0 5 16 40 30 15 0 0 0 14 0 0 -999
P11421 2011 12 0 0 28 0 0 8 0 0 0 0 0 0 0 0 0 80 89 78 90 74 71 43 33 26 42 38 58 54 63 45 95
P11421 2012 1 61 15 4 0 0 5 0 5 0 1 0 0 0 0 0 0 0 1 1 0 1 0 0 0 0 2 0 11 25 18 3
P11421 2012 2 4 0 22 10 4 0 0 0 2 0 0 0 0 2 0 1 0 14 39 24 7 0 0 0 0 0 1 13 -999 -999 -999
P11421 2012 3 42 40 0 0 8 11 9 0 0 0 1 0 25 0 13 30 0 0 22 42 49 21 23 36 21 0 0 0 27 0 0
P11421 2012 4 0 10 0 0 0 0 30 27 7 0 5 8 17 62 52 29 23 9 0 7 5 0 0 41 38 25 24 34 37 34 -999
P11421 2012 5 19 18 0 0 0 0 0 0 17 21 17 0 26 44 38 27 23 19 0 0 12 0 0 11 0 24 0 8 0 0 0
P11421 2012 6 0 0 0 0 0 0 0 0 32 17 0 0 14 0 25 10 0 0 0 0 0 0 0 0 0 0 0 0 0 10 -999
P11421 2012 7 0 0 0 11 0 0 0 0 24 0 0 0 0 0 0 15 0 15 0 0 0 0 8 0 0 0 0 0 0 0 0
P11421 2012 8 0 0 0 0 0 0 0 0 0 0 0 0 0 0 0 0 0 0 10 0 0 0 0 0 0 0 0 11 9 0 0
P11421 2012 9 0 12 0 0 0 0 0 0 0 0 0 0 0 0 0 0 0 10 9 12 0 0 0 0 0 0 0 0 16 0 -999
P11421 2012 10 0 0 0 0 0 0 8 0 25 0 69 27 16 0 39 46 41 32 0 0 0 30 0 9 12 0 44 31 38 85 40
P11421 2012 11 81 77 47 23 29 39 0 0 21 67 0 4 0 0 0 0 0 51 71 59 30 0 10 0 10 18 21 33 43 0 -999
P11421 2012 12 11 0 8 0 13 0 78 77 20 33 24 11 22 58 56 59 0 16 0 19 32 0 17 42 27 22 13 11 22 0 50
P11421 2013 1 0 11 15 61 0 0 40 0 0 19 16 0 2 0 0 3 0 0 0 0 0 0 0 0 1 0 4 0 32 38 0
P11421 2013 2 0 0 0 0 0 9 12 18 26 0 0 0 33 96 35 11 18 69 100 84 72 83 0 90 0 0 0 5 -999 -999 -999
P11421 2013 3 0 0 16 18 12 0 0 27 24 57 121 113 84 39 45 50 0 42 52 34 19 48 55 0 0 0 0 33 42 56 58
P11421 2013 4 31 0 0 21 0 36 37 15 0 0 0 0 21 0 0 0 0 0 17 19 50 30 20 0 43 0 0 8 0 0 -999
P11421 2013 5 0 0 0 22 8 0 0 26 28 42 42 21 0 0 0 36 30 31 19 13 12 0 0 0 11 0 0 0 0 0 0
P11421 2013 6 0 0 34 27 0 0 0 42 44 54 51 44 28 16 13 10 0 0 18 14 0 0 0 15 0 0 0 45 46 23 -999
P11421 2013 7 0 0 0 0 0 30 24 0 0 0 0 0 0 0 0 0 0 0 0 0 0 0 0 0 0 0 0 0 20 0 0
P11421 2013 8 0 0 0 0 0 19 20 30 0 0 0 15 0 0 0 0 0 0 0 0 0 0 0 0 0 0 0 0 30 0 52
P11421 2013 9 46 20 8 0 12 0 0 0 0 0 0 0 0 0 0 0 0 19 0 0 0 17 0 0 0 0 0 0 0 0 -999
P11421 2013 10 0 0 0 0 0 0 0 12 21 29 12 0 0 0 9 0 0 0 0 0 8 0 0 0 1 0 3 0 0 5 0
P11421 2013 11 0 0 0 2 0 0 0 0 6 0 0 0 0 0 0 0 0 128 169 66 80 147 131 55 0 139 37 24 15 27 -999
P11421 2013 12 32 79 57 44 0 0 0 13 10 0 0 0 8 0 21 0 11 8 0 5 0 31 30 47 36 52 0 0 48 41 18
P11421 2014 1 26 12 7 0 0 35 0 41 14 0 34 32 51 46 37 21 0 0 0 0 0 0 1 0 15 0 53 64 72 70 33
P11421 2014 2 33 53 38 68 52 77 66 62 48 58 0 31 43 0 0 18 13 0 20 0 0 8 0 0 3 2 0 18 -999 -999 -999