precip	MIROC5	RCP60	REGRESION	decimas	1
P13288	41.623	-3.458	182	geo	2006	2100	-1
P13288 2006 1 0 0 6 0 0 10 5 7 0 0 0 43 102 45 28 57 44 50 29 15 0 0 0 10 0 0 0 0 20 22 0
P13288 2006 2 9 0 22 14 0 5 0 0 0 0 0 0 0 25 24 23 19 12 19 28 22 14 0 0 8 5 8 12 -999 -999 -999
P13288 2006 3 0 41 48 67 66 58 65 0 44 0 38 33 27 22 22 36 0 63 54 30 36 26 25 22 22 24 26 30 41 33 42
P13288 2006 4 27 28 0 26 17 0 0 0 0 3 0 0 9 9 10 12 14 0 9 0 0 0 0 0 18 25 0 41 31 25 -999
P13288 2006 5 23 24 0 0 23 34 0 0 9 0 9 0 0 23 16 11 14 14 0 0 0 0 0 0 0 0 0 0 0 0 0
P13288 2006 6 0 0 0 0 0 0 0 0 0 0 12 19 20 0 0 0 16 0 0 0 0 0 0 0 0 0 20 18 16 24 -999
P13288 2006 7 0 0 0 0 0 0 0 22 0 6 6 11 21 0 0 0 0 9 0 0 0 0 0 0 0 0 0 0 13 0 0
P13288 2006 8 18 0 0 10 0 0 0 0 0 0 13 0 0 20 19 0 11 0 0 19 0 0 0 19 0 15 11 0 14 21 0
P13288 2006 9 0 14 0 0 19 0 0 11 0 19 0 8 12 0 0 20 22 23 0 14 13 0 0 0 0 9 8 0 14 13 -999
P13288 2006 10 7 0 0 0 0 0 0 0 13 14 0 0 18 21 0 19 12 8 0 12 0 13 0 0 17 17 0 17 19 0 0
P13288 2006 11 0 11 6 0 8 0 20 20 0 0 0 0 2 0 0 0 0 0 0 0 16 18 20 0 15 0 0 0 0 0 -999
P13288 2006 12 0 0 0 0 0 0 13 0 0 0 0 17 20 19 31 48 17 0 0 0 0 28 52 36 32 29 19 15 0 16 11
P13288 2007 1 0 13 10 4 3 0 0 0 1 0 0 0 0 0 0 0 0 0 18 12 0 0 6 14 0 0 13 24 26 18 14
P13288 2007 2 9 0 25 28 16 12 18 47 96 76 27 18 13 12 0 0 11 0 0 0 18 0 25 0 20 19 20 23 -999 -999 -999
P13288 2007 3 0 0 0 24 30 24 0 0 12 0 17 40 42 54 34 0 17 14 10 20 0 18 0 5 7 7 0 0 0 5 4
P13288 2007 4 3 0 0 12 11 20 9 0 0 0 0 0 36 17 10 0 19 0 32 0 23 23 28 27 0 17 0 0 0 0 -999
P13288 2007 5 0 0 10 0 0 20 0 0 16 19 0 0 0 24 0 16 0 0 22 0 9 4 2 0 0 0 0 0 0 0 16
P13288 2007 6 0 0 0 16 0 19 16 0 0 0 0 0 26 19 0 0 0 0 0 12 10 0 22 15 0 16 21 19 0 20 -999
P13288 2007 7 15 16 0 0 0 0 0 0 19 27 0 25 17 0 0 0 28 0 0 20 0 0 0 0 0 0 0 0 15 12 0
P13288 2007 8 0 0 0 15 0 0 0 0 0 16 0 0 0 0 0 0 0 0 0 0 19 10 0 0 14 0 0 18 18 0 8
P13288 2007 9 0 0 0 0 0 0 0 0 0 0 0 0 0 15 25 18 0 0 0 7 0 9 10 0 13 0 0 0 0 0 -999
P13288 2007 10 8 0 0 0 0 0 10 0 0 0 0 21 30 32 15 0 0 27 12 7 16 29 31 33 17 11 24 0 10 10 13
P13288 2007 11 12 0 18 0 0 0 10 0 0 15 19 0 14 18 0 0 0 0 0 0 0 0 0 0 0 9 0 0 14 13 -999
P13288 2007 12 0 0 0 0 10 0 0 7 4 5 8 7 4 4 0 12 0 16 0 0 0 0 0 8 10 8 0 0 6 0 11
P13288 2008 1 17 22 28 31 14 0 0 0 0 0 0 0 0 12 0 0 0 7 0 0 41 43 0 0 19 39 44 31 23 32 41
P13288 2008 2 65 36 41 28 23 33 25 39 19 23 0 20 10 10 23 29 0 30 25 20 12 8 0 0 0 19 16 17 -999 -999 -999
P13288 2008 3 16 0 9 9 0 0 0 0 0 7 0 13 15 0 0 5 0 0 0 0 0 0 0 0 0 12 8 4 0 0 0
P13288 2008 4 0 5 0 0 0 11 0 4 3 0 0 0 0 19 26 0 27 0 0 10 0 0 0 0 0 0 0 0 0 0 -999
P13288 2008 5 15 0 0 0 14 15 13 0 0 23 35 18 16 24 19 17 0 9 0 31 29 0 0 0 11 12 12 0 0 0 0
P13288 2008 6 0 0 0 0 0 19 13 0 18 0 0 0 15 0 0 8 10 0 0 0 0 0 0 0 0 0 0 0 22 0 -999
P13288 2008 7 9 0 0 0 0 17 0 0 0 0 0 0 0 0 21 17 0 0 0 14 0 0 0 0 0 0 0 0 0 0 0
P13288 2008 8 28 0 10 0 0 0 0 0 17 0 0 11 0 15 0 0 0 0 0 9 0 17 8 0 0 0 15 10 0 0 0
P13288 2008 9 0 13 0 0 0 0 0 0 0 0 0 21 15 21 17 0 0 12 13 0 0 0 0 18 19 17 0 0 30 0 -999
P13288 2008 10 0 19 0 0 0 8 0 0 14 0 29 32 25 17 0 0 0 0 0 15 0 13 0 0 0 27 34 24 22 0 14
P13288 2008 11 16 9 26 15 0 0 0 6 11 0 24 0 8 0 0 0 0 21 0 9 0 0 8 0 0 0 0 0 0 0 -999
P13288 2008 12 0 0 0 0 0 4 0 3 0 22 23 10 15 17 7 4 0 8 0 0 0 0 5 7 14 20 18 13 0 0 0
P13288 2009 1 0 0 0 7 10 0 0 0 6 6 5 13 0 12 0 0 0 1 1 0 0 0 0 0 0 3 0 0 3 0 0
P13288 2009 2 0 10 10 0 8 0 8 4 3 6 9 5 0 4 2 0 0 0 0 0 5 5 5 0 0 0 8 29 -999 -999 -999
P13288 2009 3 43 39 35 17 14 0 14 28 0 16 10 0 0 15 25 0 43 36 27 20 0 0 19 22 21 38 31 0 44 38 22
P13288 2009 4 0 24 22 14 20 30 19 14 0 9 12 19 22 18 21 15 9 0 0 18 0 0 0 0 0 0 0 0 0 0 -999
P13288 2009 5 24 23 22 19 0 25 14 12 0 0 0 13 0 0 0 0 0 0 0 0 0 0 23 0 0 11 0 0 13 0 0
P13288 2009 6 0 0 12 0 0 20 18 0 12 14 6 6 0 0 24 0 0 12 0 0 0 0 0 0 16 0 0 0 0 0 -999
P13288 2009 7 0 0 0 0 0 0 14 0 0 0 21 23 0 14 0 0 0 0 0 0 23 0 0 0 0 0 0 0 10 15 0
P13288 2009 8 26 0 0 0 0 0 0 0 0 18 0 0 12 0 4 0 0 0 0 0 0 0 0 0 0 12 0 0 0 22 0
P13288 2009 9 0 18 0 3 0 0 8 0 15 21 26 0 0 0 0 0 0 0 11 13 16 23 22 18 8 0 0 8 0 10 -999
P13288 2009 10 0 0 0 0 0 0 0 0 8 0 0 15 0 0 0 0 0 19 17 0 13 0 13 27 0 0 0 0 0 8 0
P13288 2009 11 0 0 0 0 0 0 0 0 0 0 0 0 0 0 0 0 14 0 11 17 9 0 0 0 0 0 14 15 14 16 -999
P13288 2009 12 18 20 30 17 38 42 47 31 20 0 28 13 14 9 9 0 10 17 22 0 11 12 15 15 0 18 24 20 16 9 0
P13288 2010 1 0 9 0 38 40 15 8 0 9 10 0 0 10 0 8 0 0 8 6 0 6 0 0 0 0 0 0 0 0 0 0
P13288 2010 2 0 0 0 0 12 0 13 0 8 0 0 0 0 2 5 5 0 0 0 11 8 13 0 14 5 6 0 5 -999 -999 -999
P13288 2010 3 5 0 0 0 0 14 0 0 0 24 0 0 0 8 6 0 0 17 31 27 0 0 2 0 0 0 0 0 0 0 0
P13288 2010 4 0 0 23 0 0 0 0 0 28 26 21 0 21 22 0 33 18 0 8 14 0 0 13 18 27 11 9 0 25 22 -999
P13288 2010 5 17 11 18 22 21 0 0 0 0 0 15 0 0 13 0 24 18 17 0 0 0 0 0 9 0 0 31 19 16 13 10
P13288 2010 6 0 0 19 14 11 0 0 9 4 0 0 14 20 0 0 28 15 0 0 0 0 0 0 12 0 14 14 0 0 21 -999
P13288 2010 7 0 0 0 0 12 0 16 0 20 17 0 0 0 0 0 0 0 0 6 0 0 15 0 0 0 0 0 0 0 0 0
P13288 2010 8 0 0 0 0 0 0 0 0 0 19 17 0 0 0 0 0 0 0 0 0 0 0 14 0 22 0 0 10 0 0 0
P13288 2010 9 0 11 0 0 0 0 0 0 0 18 0 21 23 16 26 13 9 0 0 0 0 0 0 0 0 16 0 0 0 0 -999
P13288 2010 10 0 0 0 0 0 12 0 0 20 24 31 23 33 28 20 15 0 16 0 0 0 0 16 9 0 0 0 9 0 0 9
P13288 2010 11 11 0 12 0 0 0 5 0 0 6 0 0 0 6 0 0 15 12 10 0 6 0 0 3 0 0 0 0 0 0 -999
P13288 2010 12 6 0 8 13 12 13 14 7 0 0 0 0 20 23 10 4 0 9 0 0 0 0 0 0 0 0 0 6 0 2 0
P13288 2011 1 3 0 0 0 10 0 0 2 2 3 0 0 0 5 0 0 0 0 2 0 14 21 43 20 17 0 11 0 0 0 0
P13288 2011 2 0 8 9 0 0 17 14 9 0 0 6 14 15 0 16 0 5 6 0 0 0 17 0 0 6 0 10 21 -999 -999 -999
P13288 2011 3 25 15 0 0 0 0 0 0 7 0 16 0 18 17 26 46 52 31 22 0 25 31 43 75 40 14 0 0 0 0 0
P13288 2011 4 0 20 17 0 11 0 0 0 0 0 0 0 0 12 8 11 0 27 0 0 22 14 8 0 0 0 0 0 0 0 -999
P13288 2011 5 0 17 13 0 0 0 0 0 0 28 0 0 15 15 17 15 0 0 0 20 0 15 0 15 18 0 0 18 14 0 0
P13288 2011 6 12 12 0 7 0 0 0 13 0 0 0 0 0 0 0 14 7 0 0 9 0 0 16 0 0 17 18 0 13 0 -999
P13288 2011 7 0 11 0 0 0 0 0 0 0 0 0 0 0 0 16 0 0 0 0 0 0 0 0 0 0 0 0 0 0 0 0
P13288 2011 8 0 0 0 0 0 0 0 0 0 0 0 0 0 0 0 0 0 0 0 0 0 0 0 10 0 0 0 0 0 20 0
P13288 2011 9 0 0 0 0 0 0 0 0 0 34 14 6 0 0 0 0 0 0 0 0 0 0 8 0 0 0 0 0 0 0 -999
P13288 2011 10 13 0 0 0 0 0 0 0 9 10 0 13 0 14 0 0 0 0 0 0 0 15 0 14 14 9 0 0 0 0 0
P13288 2011 11 11 9 0 0 44 44 0 15 7 5 0 0 0 0 0 9 21 16 0 4 0 38 39 33 0 0 7 10 0 0 -999
P13288 2011 12 0 12 20 12 0 0 0 3 0 0 9 17 14 7 9 27 39 34 41 37 45 25 22 15 14 0 24 22 21 20 27
P13288 2012 1 37 21 6 0 0 0 0 0 0 0 0 0 0 0 2 0 7 0 0 0 0 0 0 2 0 0 0 6 0 14 6
P13288 2012 2 5 0 25 17 7 4 4 0 0 0 0 0 0 0 0 0 0 0 20 0 0 6 0 0 0 0 0 14 -999 -999 -999
P13288 2012 3 30 41 25 17 0 0 11 0 0 0 0 9 18 0 0 19 21 0 18 26 26 17 14 17 16 0 0 0 14 11 0
P13288 2012 4 0 10 0 0 0 14 26 25 13 8 7 12 19 48 38 25 0 19 14 13 10 10 0 28 39 31 26 25 27 28 -999
P13288 2012 5 0 19 19 0 0 7 11 0 20 0 0 20 0 28 26 20 16 15 0 0 0 0 0 11 0 24 22 11 8 0 0
P13288 2012 6 6 0 0 0 0 0 0 0 0 0 15 0 0 18 0 15 0 7 13 19 16 0 0 0 0 0 0 0 23 0 -999
P13288 2012 7 0 0 0 0 0 0 0 0 0 0 24 24 20 14 0 0 0 0 16 0 0 14 0 0 22 0 0 0 0 0 14
P13288 2012 8 12 9 0 0 17 0 0 0 15 20 17 0 9 0 0 0 13 13 0 0 0 0 0 0 0 0 0 0 0 0 0
P13288 2012 9 0 10 0 0 0 0 0 8 0 0 0 0 0 8 0 0 0 0 0 11 0 0 0 0 0 0 0 0 15 11 -999
P13288 2012 10 0 0 0 0 0 0 0 0 0 25 0 0 0 10 0 21 0 0 18 12 17 25 0 0 0 13 0 18 16 36 31
P13288 2012 11 32 47 0 21 14 16 0 7 9 27 33 8 4 4 0 6 0 0 35 27 15 0 0 0 0 11 12 17 22 0 -999
P13288 2012 12 0 0 0 0 0 28 32 29 0 11 11 0 0 41 35 36 30 19 13 14 10 17 0 13 0 10 0 6 12 15 0
P13288 2013 1 22 10 13 27 0 8 12 0 8 5 5 5 3 0 0 0 0 6 6 0 2 0 0 0 0 0 4 6 9 16 9
P13288 2013 2 0 0 0 4 0 0 0 6 0 0 0 0 0 48 35 14 0 27 45 38 35 39 33 51 20 10 0 0 -999 -999 -999
P13288 2013 3 0 0 0 0 8 7 11 0 23 32 0 0 45 21 16 0 23 20 21 20 14 0 32 14 17 13 0 26 30 35 49
P13288 2013 4 0 0 0 14 15 21 26 14 0 0 7 0 0 20 15 23 0 0 13 13 29 25 16 22 36 15 0 6 7 0 -999
P13288 2013 5 0 0 0 0 0 8 0 0 0 29 32 25 0 0 0 0 0 0 18 15 14 0 0 0 0 0 0 0 9 0 0
P13288 2013 6 0 22 25 20 16 15 23 0 0 36 31 30 25 20 15 12 12 14 14 0 0 0 0 0 0 0 31 0 0 19 -999
P13288 2013 7 0 0 0 11 0 0 22 0 0 0 0 0 0 0 0 23 0 10 0 0 21 0 17 0 0 0 0 0 17 0 23
P13288 2013 8 0 0 0 23 22 20 0 20 19 17 0 0 0 0 0 0 0 0 0 0 0 14 16 0 0 10 0 0 28 22 28
P13288 2013 9 0 0 13 0 0 0 10 0 0 16 19 0 0 0 9 0 0 0 20 0 0 17 11 6 0 0 6 7 0 0 -999
P13288 2013 10 0 0 11 7 0 0 0 9 0 15 14 0 9 0 10 0 23 0 14 8 0 0 7 0 0 5 0 8 0 0 4
P13288 2013 11 0 0 0 0 0 0 0 0 10 12 13 11 0 8 10 0 12 57 99 59 0 50 62 53 29 46 33 23 13 0 -999
P13288 2013 12 15 35 27 0 0 0 0 9 9 6 0 0 0 0 0 0 0 0 0 0 0 0 9 0 0 17 14 0 20 23 12
P13288 2014 1 14 8 0 9 15 13 10 0 0 6 10 0 0 0 16 10 0 0 0 0 0 0 0 0 11 15 0 31 54 49 25
P13288 2014 2 21 30 0 0 20 28 28 41 25 37 0 11 19 0 6 0 8 0 19 7 10 7 10 0 0 0 0 16 -999 -999 -999