precip	MIROC5	RCP60	REGRESION	decimas	1
P12527	41.300	-1.140	182	geo	2006	2100	-1
P12527 2006 1 0 0 0 0 0 0 0 0 9 8 0 21 45 41 14 0 19 18 27 14 0 6 0 0 0 0 4 0 0 18 11
P12527 2006 2 0 0 0 8 0 0 2 0 0 0 7 0 16 21 28 32 13 0 5 16 27 20 0 15 0 0 6 7 -999 -999 -999
P12527 2006 3 14 0 26 29 30 32 38 46 35 25 42 0 29 22 19 24 33 31 24 0 16 14 0 0 0 12 0 0 24 16 35
P12527 2006 4 0 0 0 16 17 13 15 37 31 0 0 0 0 11 0 0 0 13 14 0 7 0 0 0 16 0 41 48 45 34 -999
P12527 2006 5 0 22 0 0 14 24 0 0 0 0 0 0 0 0 0 11 16 17 0 11 0 0 0 0 10 0 0 16 16 0 0
P12527 2006 6 0 0 0 0 16 0 0 0 0 0 0 0 0 0 0 0 20 0 18 16 15 0 0 0 0 0 20 0 0 0 -999
P12527 2006 7 26 22 19 0 19 0 0 0 0 0 0 0 0 0 16 0 0 0 0 0 0 0 21 0 0 0 0 0 0 19 0
P12527 2006 8 0 0 0 0 0 0 27 19 0 0 0 0 0 0 18 16 0 0 0 0 0 0 0 17 19 15 0 12 0 17 0
P12527 2006 9 0 0 0 16 15 0 0 13 0 0 0 8 0 0 9 0 0 23 21 0 0 0 18 26 0 0 0 0 0 12 -999
P12527 2006 10 0 0 0 0 0 0 0 0 0 0 0 0 0 0 0 0 0 0 0 0 12 12 0 8 10 11 0 0 8 0 6
P12527 2006 11 0 12 0 0 0 0 0 0 9 0 0 0 0 0 0 0 0 0 0 0 13 22 19 39 0 12 5 0 0 5 -999
P12527 2006 12 0 0 0 0 0 0 16 16 0 18 20 24 0 0 17 0 19 0 0 0 0 16 26 30 0 16 0 0 0 7 7
P12527 2007 1 0 0 0 0 0 0 0 0 0 0 0 0 0 0 0 0 0 4 20 0 18 11 0 12 23 28 25 18 21 17 13
P12527 2007 2 0 7 12 23 19 18 17 37 67 46 28 20 20 0 12 0 12 0 0 0 0 21 23 28 22 0 14 19 -999 -999 -999
P12527 2007 3 0 17 17 17 24 24 18 0 14 11 0 33 48 31 21 17 10 0 0 14 11 0 20 0 0 12 11 0 0 8 0
P12527 2007 4 0 0 0 0 19 15 14 0 5 0 0 18 25 0 0 0 17 0 22 18 23 34 0 22 0 21 24 0 0 0 -999
P12527 2007 5 5 0 0 0 20 0 0 13 0 0 17 0 32 29 0 0 0 22 0 0 17 0 0 0 0 0 0 0 0 0 21
P12527 2007 6 29 0 23 23 0 28 0 19 0 10 0 0 29 0 0 0 0 0 0 0 17 0 25 0 0 0 0 23 26 0 -999
P12527 2007 7 21 20 22 31 23 17 0 12 0 25 0 0 0 0 0 0 0 0 0 0 0 0 0 0 18 0 22 0 0 16 16
P12527 2007 8 0 17 0 0 0 0 10 0 0 0 0 0 23 0 13 0 0 18 23 0 21 0 0 0 0 24 0 19 0 22 0
P12527 2007 9 0 0 0 0 0 0 0 0 0 0 0 0 0 0 22 0 11 9 0 0 9 0 0 0 11 0 0 0 0 0 -999
P12527 2007 10 0 0 0 0 0 0 0 0 16 0 23 24 24 0 0 8 0 0 0 7 0 0 0 11 0 7 10 14 0 0 0
P12527 2007 11 0 0 13 0 0 0 0 0 9 10 0 17 0 7 0 0 0 0 0 0 0 0 0 0 0 7 0 21 22 23 -999
P12527 2007 12 0 0 0 18 25 0 23 12 0 0 0 5 0 0 0 0 0 18 0 0 0 0 7 0 5 0 4 0 0 6 7
P12527 2008 1 0 11 22 21 0 4 0 0 0 0 0 0 0 0 0 17 0 5 9 13 15 15 14 0 0 14 16 16 12 14 0
P12527 2008 2 25 16 0 16 10 0 13 17 0 23 22 21 0 6 0 12 0 0 0 16 0 0 0 0 24 25 26 0 -999 -999 -999
P12527 2008 3 49 0 9 8 0 0 0 0 6 0 0 0 14 14 0 0 0 0 0 5 0 0 0 0 0 0 7 0 0 0 0
P12527 2008 4 0 8 13 20 0 18 6 0 0 9 0 0 0 0 25 26 23 23 0 0 0 0 8 7 0 0 0 0 20 27 -999
P12527 2008 5 0 16 14 0 0 0 0 14 0 20 28 12 15 22 16 0 19 0 0 30 33 23 0 17 0 19 18 13 0 0 0
P12527 2008 6 20 13 14 16 0 18 14 0 0 0 0 0 0 23 16 0 11 0 0 0 0 0 19 0 0 16 0 0 23 18 -999
P12527 2008 7 0 0 0 0 0 0 21 25 0 0 0 0 21 32 24 18 0 0 0 0 0 0 0 0 0 0 0 0 0 0 0
P12527 2008 8 25 27 0 0 0 0 0 0 0 21 17 0 0 0 0 10 14 19 0 0 15 19 0 0 11 0 0 0 0 8 12
P12527 2008 9 0 0 0 0 20 0 0 0 16 17 0 0 15 0 11 0 0 0 0 0 0 0 0 0 16 0 0 0 0 20 -999
P12527 2008 10 13 10 0 0 0 0 16 0 0 0 0 0 19 19 15 0 15 0 0 0 0 0 0 0 0 13 20 14 21 0 0
P12527 2008 11 0 20 26 0 0 0 0 0 0 15 0 0 0 6 0 0 0 0 0 0 0 0 0 5 0 0 0 0 0 0 -999
P12527 2008 12 0 4 0 0 0 0 0 0 11 0 22 13 8 13 14 0 0 0 6 0 0 0 0 0 0 6 6 0 9 0 0
P12527 2009 1 0 0 0 0 10 10 0 0 6 0 0 17 22 13 12 11 0 0 0 0 0 0 0 0 5 8 0 0 0 0 0
P12527 2009 2 0 0 11 13 17 11 0 0 0 5 10 7 10 0 0 0 0 0 0 4 0 0 8 14 10 0 8 19 -999 -999 -999
P12527 2009 3 35 45 33 19 0 9 7 14 36 33 21 16 0 14 29 19 13 11 0 8 7 0 10 12 13 27 0 33 22 26 18
P12527 2009 4 0 40 0 0 0 35 34 14 12 0 10 21 28 21 0 0 0 0 0 19 32 0 0 0 0 8 8 0 15 21 -999
P12527 2009 5 32 0 15 17 23 0 14 15 0 30 33 16 7 0 0 0 0 14 23 26 0 39 0 26 0 0 0 17 16 0 0
P12527 2009 6 0 0 0 18 0 0 0 0 0 0 0 0 11 0 0 29 0 18 0 0 0 16 0 0 0 0 0 15 0 17 -999
P12527 2009 7 22 0 19 0 0 0 24 0 0 29 0 0 0 0 0 14 0 0 0 0 0 0 0 0 0 0 0 0 0 0 0
P12527 2009 8 22 0 0 0 0 0 19 0 0 0 0 0 0 0 7 0 0 0 13 0 9 0 0 0 0 0 12 0 19 22 0
P12527 2009 9 0 0 0 0 0 0 0 0 0 0 0 0 20 0 0 0 0 0 0 19 0 27 20 0 10 9 0 0 0 11 -999
P12527 2009 10 0 0 0 0 0 0 0 0 0 0 17 0 0 12 0 18 21 0 27 20 0 0 6 9 0 0 0 0 0 0 9
P12527 2009 11 0 0 0 6 0 0 11 0 0 0 4 0 0 0 0 12 14 0 5 0 7 8 0 0 0 21 0 10 0 10 -999
P12527 2009 12 0 4 0 0 7 19 38 27 19 25 25 9 4 4 0 7 0 8 0 16 11 0 7 6 0 14 15 0 0 0 0
P12527 2010 1 0 0 0 27 22 0 0 0 7 0 0 0 0 0 9 14 7 0 0 5 8 0 0 0 0 7 0 0 0 10 13
P12527 2010 2 0 9 8 0 8 22 23 18 11 11 0 0 0 0 8 0 0 0 5 10 0 10 10 0 0 0 0 0 -999 -999 -999
P12527 2010 3 0 0 0 0 10 19 28 0 26 22 0 16 0 10 0 0 9 10 19 41 27 0 0 0 0 0 0 6 0 7 0
P12527 2010 4 0 0 15 16 0 0 0 0 24 0 28 0 34 31 32 43 0 0 0 0 24 25 17 9 31 0 0 0 28 30 -999
P12527 2010 5 21 0 20 27 26 20 0 14 0 0 24 32 0 20 25 27 0 14 12 11 0 0 0 0 0 0 29 0 20 17 0
P12527 2010 6 22 0 0 0 0 15 0 0 0 0 16 0 33 0 0 0 0 0 13 0 0 15 0 0 18 0 0 0 0 0 -999
P12527 2010 7 19 0 16 0 0 0 18 0 0 21 21 0 0 12 0 17 0 0 0 0 0 19 0 0 0 0 21 0 0 0 0
P12527 2010 8 24 0 18 0 0 0 0 19 0 25 0 0 0 0 0 21 0 0 0 0 0 0 0 0 0 19 0 11 0 9 0
P12527 2010 9 0 0 0 0 0 8 0 16 0 31 0 22 30 0 16 16 0 0 0 12 0 12 0 0 0 0 0 0 0 0 -999
P12527 2010 10 0 0 0 0 9 0 13 0 0 16 0 0 14 18 11 11 0 8 0 13 20 24 27 15 0 0 0 0 6 9 0
P12527 2010 11 0 0 0 0 0 0 0 0 0 0 0 0 0 0 0 0 0 4 7 0 0 0 0 0 8 0 0 0 0 0 -999
P12527 2010 12 0 10 11 0 16 11 11 8 0 0 0 6 0 0 18 5 0 0 8 0 0 0 0 0 0 0 0 0 0 0 0
P12527 2011 1 0 0 0 0 0 0 0 0 0 0 0 0 0 0 0 6 0 2 0 0 0 13 0 0 7 0 0 0 0 3 6
P12527 2011 2 0 0 0 7 7 0 0 0 0 2 0 7 0 6 6 0 0 0 6 0 0 0 0 0 0 0 0 25 -999 -999 -999
P12527 2011 3 27 0 15 0 20 0 0 0 0 0 15 19 0 18 24 42 67 26 16 16 19 0 0 27 24 11 0 30 0 0 0
P12527 2011 4 0 0 0 17 0 12 0 0 0 23 0 0 25 25 0 0 0 0 28 0 24 0 0 6 0 0 0 0 0 0 -999
P12527 2011 5 12 17 0 11 13 0 0 0 0 29 0 0 15 0 16 0 0 0 12 19 0 0 0 0 17 0 26 24 0 0 0
P12527 2011 6 13 0 0 8 0 0 0 0 0 0 0 0 0 0 0 0 12 0 0 0 0 0 0 23 0 0 25 20 0 0 -999
P12527 2011 7 11 0 0 15 0 0 0 0 0 0 0 0 0 23 0 0 0 0 14 0 26 19 11 10 11 0 0 0 0 25 0
P12527 2011 8 0 0 18 0 0 0 0 0 0 0 0 0 0 14 0 0 0 0 0 0 0 0 17 0 14 0 0 0 0 0 26
P12527 2011 9 0 13 0 0 0 0 0 0 25 30 0 14 0 0 0 0 0 0 0 0 0 0 0 0 0 8 0 0 0 0 -999
P12527 2011 10 0 0 0 0 0 0 0 10 12 0 11 0 0 0 0 0 0 0 10 0 0 0 0 16 15 9 0 10 22 29 37
P12527 2011 11 0 0 11 11 20 23 53 40 0 0 0 0 0 0 0 0 18 17 0 0 6 0 34 34 0 0 0 0 0 0 -999
P12527 2011 12 0 9 14 0 15 9 0 0 0 0 0 0 11 6 0 0 13 13 17 18 23 12 15 0 0 0 0 0 0 0 5
P12527 2012 1 16 0 8 0 0 3 0 0 0 0 0 0 0 0 0 0 0 13 13 0 0 0 0 0 0 0 0 0 0 0 0
P12527 2012 2 0 0 28 25 7 0 0 0 0 0 0 0 0 0 0 0 0 0 12 0 23 13 6 0 10 0 0 9 -999 -999 -999
P12527 2012 3 17 32 0 38 27 15 0 0 0 0 0 0 0 10 0 0 23 22 0 21 23 0 14 14 0 0 0 0 0 0 0
P12527 2012 4 0 0 0 0 4 0 17 16 0 0 8 16 28 41 28 24 27 0 26 21 0 0 0 21 27 29 0 25 17 21 -999
P12527 2012 5 0 24 0 20 12 0 0 0 23 0 0 0 0 24 20 0 14 0 14 17 0 16 0 14 0 25 18 0 0 0 9
P12527 2012 6 0 0 0 0 0 0 0 20 30 0 24 24 0 28 0 0 11 0 0 0 22 0 12 0 0 0 16 21 28 0 -999
P12527 2012 7 0 9 0 14 21 0 0 0 0 0 0 0 0 0 0 0 0 34 0 21 20 19 0 0 0 23 0 0 0 19 0
P12527 2012 8 0 0 0 0 19 0 18 0 0 0 0 15 0 0 0 0 0 17 0 0 0 0 0 13 0 17 0 0 19 0 0
P12527 2012 9 0 0 15 0 0 18 21 15 0 0 0 0 17 14 0 10 0 0 0 14 12 0 0 0 0 16 0 0 0 21 -999
P12527 2012 10 15 11 0 0 0 7 0 0 16 0 26 0 0 0 0 0 0 0 0 8 17 0 22 0 0 0 15 11 0 9 13
P12527 2012 11 9 20 26 28 9 0 0 0 0 8 18 0 0 4 0 0 0 0 0 19 0 0 0 0 0 0 0 0 17 19 -999
P12527 2012 12 0 0 0 13 0 24 29 15 9 0 0 7 0 0 23 0 24 25 0 9 0 0 0 0 0 0 0 0 0 12 30
P12527 2013 1 28 0 0 0 10 6 0 5 0 0 2 4 3 0 0 0 3 5 9 0 0 3 0 0 4 0 0 4 0 5 7
P12527 2013 2 3 0 0 0 0 0 0 0 0 0 0 0 13 29 25 13 0 14 0 17 20 18 15 24 22 0 0 0 -999 -999 -999
P12527 2013 3 0 0 0 0 9 0 15 30 29 21 30 27 27 19 0 0 0 17 13 13 14 25 0 0 0 0 0 0 0 0 41
P12527 2013 4 43 32 14 0 0 14 17 0 0 0 0 0 0 20 0 20 14 11 0 0 18 18 0 17 0 23 0 8 0 0 -999
P12527 2013 5 0 0 0 0 17 0 0 0 0 0 25 0 0 14 21 31 0 19 17 0 13 0 0 0 0 0 0 0 0 18 20
P12527 2013 6 23 26 23 17 0 0 0 0 0 29 23 24 27 26 16 16 0 0 15 0 11 0 0 0 0 30 0 0 22 0 -999
P12527 2013 7 0 0 0 0 15 0 27 0 0 0 0 0 0 0 0 0 0 0 0 0 0 21 22 0 20 0 0 0 19 0 21
P12527 2013 8 0 17 21 0 0 0 0 0 20 0 19 0 0 0 0 0 0 0 0 0 0 0 0 0 0 0 0 0 0 22 0
P12527 2013 9 16 0 25 0 0 10 0 0 0 0 0 0 0 0 0 0 0 0 0 17 0 0 0 0 0 0 0 0 0 0 -999
P12527 2013 10 0 0 0 0 0 0 0 0 0 0 0 0 0 16 13 15 22 0 0 0 0 0 7 11 0 0 0 0 8 0 5
P12527 2013 11 0 0 0 0 0 0 0 0 0 10 19 15 10 0 9 0 11 0 63 53 0 19 27 33 28 15 21 0 11 0 -999
P12527 2013 12 7 14 8 16 0 0 0 0 0 7 0 0 0 6 0 6 6 0 4 0 6 0 0 0 9 9 0 0 16 19 0
P12527 2014 1 0 0 0 0 0 8 0 7 0 0 0 0 0 0 0 0 0 0 0 0 0 5 0 0 0 0 18 27 61 53 27
P12527 2014 2 0 16 14 9 0 10 11 22 16 15 0 6 7 0 0 0 0 0 14 0 10 0 0 0 0 0 0 20 -999 -999 -999