precip	MIROC5	RCP60	REGRESION	decimas	1
P13821	41.702	-1.177	182	geo	2006	2100	-1
P13821 2006 1 0 0 0 0 8 0 0 0 10 0 0 20 39 35 0 19 0 17 26 0 6 0 0 13 0 4 0 12 0 17 0
P13821 2006 2 0 19 20 0 0 0 0 0 0 0 6 0 16 20 0 27 11 0 4 14 0 17 0 12 0 0 0 5 -999 -999 -999
P13821 2006 3 0 17 24 25 26 0 33 39 29 21 37 36 0 20 17 22 31 29 0 0 0 13 16 0 0 0 0 15 24 14 33
P13821 2006 4 16 10 12 16 0 12 13 0 0 4 0 0 0 0 0 0 0 0 0 0 0 0 7 11 0 0 36 0 0 28 -999
P13821 2006 5 22 0 18 16 13 0 18 11 0 0 0 0 15 0 22 11 0 16 0 0 0 0 0 0 0 0 0 0 0 13 14
P13821 2006 6 12 0 13 15 0 0 12 0 19 0 19 0 0 0 0 16 0 0 14 0 0 12 0 0 0 0 0 0 0 0 -999
P13821 2006 7 0 0 0 0 0 0 0 0 0 0 0 0 0 0 0 0 0 0 0 23 0 0 0 0 0 0 0 0 0 0 0
P13821 2006 8 0 0 0 0 0 20 0 0 0 0 14 0 0 21 17 0 0 0 0 0 0 0 0 0 17 0 0 0 12 0 0
P13821 2006 9 0 0 0 0 0 0 0 0 16 0 21 0 0 0 0 0 0 0 0 0 0 0 0 27 0 14 0 6 0 0 -999
P13821 2006 10 0 0 0 0 0 0 0 0 0 0 0 0 19 24 24 0 0 0 0 0 0 0 0 0 0 0 0 0 7 3 0
P13821 2006 11 9 0 0 0 0 0 0 15 0 0 0 0 0 0 0 0 0 0 0 6 0 20 16 0 18 0 0 0 0 0 -999
P13821 2006 12 0 0 0 0 0 0 0 16 19 18 0 24 26 0 0 19 0 0 0 0 0 15 27 28 0 0 10 0 8 8 0
P13821 2007 1 0 0 0 3 0 0 0 0 0 0 0 0 0 0 0 0 0 0 16 0 15 0 0 9 20 0 21 13 16 0 11
P13821 2007 2 0 6 0 0 0 14 0 0 60 42 24 0 18 10 0 9 12 0 0 17 0 0 0 28 21 12 13 17 -999 -999 -999
P13821 2007 3 0 0 14 16 22 21 0 0 0 0 10 25 37 27 19 14 9 0 0 0 10 0 0 10 0 0 9 7 0 0 8
P13821 2007 4 0 0 0 10 0 12 0 0 3 4 0 0 0 18 0 0 0 0 22 17 20 0 23 20 0 0 0 0 0 0 -999
P13821 2007 5 0 0 0 0 21 0 0 0 0 0 0 0 33 30 0 0 13 0 22 0 0 0 0 0 0 0 0 0 0 0 0
P13821 2007 6 0 25 19 20 0 25 0 0 0 0 0 0 28 0 0 0 0 12 0 18 0 0 0 0 0 0 0 22 0 25 -999
P13821 2007 7 0 0 0 0 23 0 0 0 15 24 27 25 23 0 0 0 0 30 33 0 0 22 0 17 0 0 0 0 0 0 0
P13821 2007 8 18 0 16 0 0 0 0 0 0 0 19 0 26 0 0 13 0 0 0 0 0 0 0 0 0 23 0 0 0 0 0
P13821 2007 9 0 0 0 0 0 0 0 0 0 0 0 0 0 0 23 21 0 0 0 7 0 0 0 0 0 0 0 0 0 0 -999
P13821 2007 10 0 0 0 0 0 0 0 0 0 19 22 22 23 18 0 8 0 0 11 0 0 0 15 11 0 0 10 13 6 0 0
P13821 2007 11 0 5 9 0 0 0 0 0 8 0 0 0 8 0 0 0 0 3 0 0 0 0 0 0 0 0 0 0 0 21 -999
P13821 2007 12 16 0 0 0 24 0 0 0 0 4 0 0 0 0 0 0 11 0 0 0 0 0 0 0 0 5 0 0 7 0 0
P13821 2008 1 0 9 18 19 13 0 0 0 0 0 0 0 0 0 19 14 9 0 8 11 0 14 13 0 9 0 15 16 11 14 16
P13821 2008 2 26 16 14 0 0 0 14 17 0 22 21 18 5 0 8 13 11 0 34 13 0 0 0 22 26 29 28 0 -999 -999 -999
P13821 2008 3 42 0 0 0 0 0 0 0 0 0 0 10 14 0 0 0 0 0 0 0 7 0 0 0 0 0 0 0 0 0 0
P13821 2008 4 0 0 11 17 24 0 0 0 0 0 0 0 0 21 0 27 0 20 17 11 0 0 0 0 0 0 4 8 0 23 -999
P13821 2008 5 18 14 12 0 16 27 20 12 0 0 27 0 14 21 14 0 0 10 18 28 0 21 21 16 0 0 0 0 0 14 19
P13821 2008 6 0 0 0 14 0 17 0 0 14 0 0 0 0 23 15 10 0 0 0 0 0 0 0 0 0 0 0 0 0 17 -999
P13821 2008 7 10 0 0 0 0 0 0 0 29 0 25 0 0 31 0 0 0 20 0 0 0 14 0 16 0 20 0 0 0 0 0
P13821 2008 8 0 0 0 0 0 17 0 0 0 0 0 0 16 14 0 0 0 20 0 0 0 0 0 0 0 20 21 0 0 0 0
P13821 2008 9 0 8 0 0 0 0 13 0 16 0 20 0 0 16 0 0 0 0 0 0 13 0 0 0 0 16 12 0 16 19 -999
P13821 2008 10 0 0 0 0 0 0 0 0 0 0 17 21 18 0 0 0 0 0 0 15 16 0 0 0 0 12 19 12 19 0 10
P13821 2008 11 0 0 23 0 0 0 0 0 0 0 0 0 0 0 0 0 0 0 0 2 0 0 5 0 0 0 0 0 0 0 -999
P13821 2008 12 0 0 0 0 0 8 0 9 9 11 0 0 0 11 0 0 0 5 0 0 0 0 0 4 0 0 0 0 0 0 0
P13821 2009 1 0 0 0 0 7 6 0 0 6 6 13 15 0 0 0 9 0 0 0 0 0 3 0 0 0 0 4 7 0 0 0
P13821 2009 2 0 9 8 0 0 0 12 0 0 4 6 4 8 0 0 0 0 0 0 0 0 4 0 12 0 0 0 13 -999 -999 -999
P13821 2009 3 27 37 28 0 7 7 6 0 32 27 18 14 0 11 26 0 11 0 6 7 5 0 0 13 0 26 19 31 19 0 0
P13821 2009 4 0 0 42 0 18 31 26 0 0 0 0 0 27 19 0 23 0 0 0 0 27 0 0 0 10 0 0 12 16 24 -999
P13821 2009 5 0 28 16 17 21 0 0 13 15 30 32 0 0 4 0 0 0 0 23 0 33 36 0 0 20 12 0 0 0 0 0
P13821 2009 6 0 0 14 15 0 20 0 0 0 0 0 0 11 16 23 29 0 0 0 0 0 0 0 0 0 0 0 0 0 16 -999
P13821 2009 7 20 0 0 0 0 0 0 0 0 0 0 25 0 0 0 0 0 12 15 0 0 0 0 0 0 0 17 14 0 0 0
P13821 2009 8 23 12 0 0 0 0 0 16 0 0 21 0 0 0 0 0 0 0 0 0 0 15 0 24 0 16 0 0 17 22 0
P13821 2009 9 0 0 0 0 0 0 0 0 0 0 0 22 0 0 0 19 0 0 0 18 0 25 18 0 0 0 0 0 0 0 -999
P13821 2009 10 0 0 0 0 0 0 7 0 0 0 13 0 12 10 0 0 20 0 24 0 13 9 0 9 0 0 0 0 0 0 0
P13821 2009 11 0 5 0 0 0 0 0 0 0 0 0 0 0 0 0 0 16 0 0 0 0 9 0 12 0 0 12 0 0 0 -999
P13821 2009 12 8 0 6 6 6 16 30 21 15 0 24 7 4 0 5 0 0 0 0 16 0 0 0 0 9 0 0 14 0 7 6
P13821 2010 1 0 0 15 27 20 0 12 0 0 12 0 0 0 0 0 13 0 0 0 6 0 0 0 0 0 0 8 0 0 0 0
P13821 2010 2 0 0 0 0 0 19 19 15 0 0 0 0 0 0 0 0 0 5 0 7 0 0 7 0 7 0 0 0 -999 -999 -999
P13821 2010 3 0 0 0 0 7 15 0 0 24 0 0 13 0 7 0 0 8 0 0 38 23 0 0 0 0 0 0 0 0 0 0
P13821 2010 4 0 0 14 0 0 0 0 0 22 21 24 26 30 0 29 38 0 15 0 0 21 22 0 0 27 0 8 0 0 0 -999
P13821 2010 5 16 0 17 0 23 0 0 13 0 15 0 0 19 0 22 24 21 13 0 0 0 0 0 0 17 0 27 0 0 16 16
P13821 2010 6 20 19 20 14 0 0 11 10 0 0 0 0 0 20 0 25 0 0 0 15 0 0 0 13 0 0 0 0 0 23 -999
P13821 2010 7 19 21 15 0 19 19 17 16 21 0 19 0 0 0 0 0 0 0 0 0 14 0 0 0 0 20 0 0 0 0 0
P13821 2010 8 0 0 0 0 17 0 0 18 0 24 0 0 0 0 19 0 0 0 0 0 0 0 0 0 24 0 0 8 0 0 0
P13821 2010 9 0 0 0 0 0 0 0 0 21 0 0 0 31 0 15 13 0 0 0 12 13 0 15 0 0 17 0 0 0 8 -999
P13821 2010 10 0 0 0 0 0 0 0 0 0 0 0 0 14 0 10 0 0 0 0 14 0 25 26 0 0 0 5 0 0 8 0
P13821 2010 11 0 0 0 0 0 0 0 7 0 0 0 0 0 0 0 0 0 0 0 0 4 3 0 0 0 0 0 3 0 0 -999
P13821 2010 12 0 0 8 0 0 0 0 0 0 6 0 0 11 23 0 0 0 0 6 0 0 0 0 0 0 0 0 4 3 0 0
P13821 2011 1 0 0 0 0 0 0 0 0 0 0 0 0 0 0 7 0 0 0 0 0 8 9 23 14 0 0 0 0 0 0 5
P13821 2011 2 0 4 0 7 0 9 0 0 0 0 0 0 0 0 5 0 0 0 0 0 0 16 13 8 0 7 0 23 -999 -999 -999
P13821 2011 3 24 0 0 0 18 0 0 0 0 0 0 0 16 0 0 37 59 0 12 14 16 18 16 26 0 10 15 0 0 0 0
P13821 2011 4 17 0 0 0 0 0 0 0 0 0 0 0 24 0 11 0 27 27 0 21 0 14 0 0 0 0 0 0 0 0 -999
P13821 2011 5 8 0 10 0 0 0 14 0 21 27 0 0 0 0 0 15 0 0 0 0 25 0 0 0 0 23 0 25 27 0 0
P13821 2011 6 12 9 0 0 0 0 0 0 17 0 0 0 0 0 0 0 10 0 0 0 0 0 0 22 25 0 25 0 15 16 -999
P13821 2011 7 10 8 0 0 0 0 13 0 0 0 0 0 0 0 22 0 0 0 0 16 25 0 0 0 0 16 0 0 0 27 0
P13821 2011 8 0 0 0 14 0 0 0 0 0 0 0 0 0 0 0 14 0 0 0 0 0 0 0 0 0 0 8 0 0 21 0
P13821 2011 9 0 0 0 0 0 0 0 0 24 29 0 0 0 9 0 0 0 0 0 10 0 0 0 0 0 0 0 0 0 0 -999
P13821 2011 10 0 17 0 0 0 0 0 11 0 0 0 16 15 0 0 8 7 0 0 0 12 0 16 0 12 0 0 0 20 26 33
P13821 2011 11 0 0 8 9 17 20 47 32 0 10 0 0 0 8 0 10 0 0 5 0 0 24 0 0 20 0 0 0 0 0 -999
P13821 2011 12 0 0 0 0 12 0 0 0 0 0 0 7 0 0 0 0 12 11 16 0 21 10 12 0 0 16 8 0 0 0 5
P13821 2012 1 0 26 0 0 0 3 0 0 0 0 0 0 0 0 0 0 7 10 0 0 0 0 0 0 0 0 0 8 0 7 0
P13821 2012 2 3 0 25 0 5 0 0 0 0 0 0 4 0 0 0 0 0 0 0 13 0 12 0 0 9 17 5 8 -999 -999 -999
P13821 2012 3 14 28 31 30 22 0 0 0 0 0 0 0 7 0 0 14 22 21 0 0 0 0 0 14 0 0 0 0 0 0 0
P13821 2012 4 0 11 0 0 0 0 16 13 11 10 6 14 25 37 25 0 24 0 21 0 0 0 0 20 0 29 0 25 17 19 -999
P13821 2012 5 0 0 27 0 0 0 0 0 23 0 0 0 24 22 19 16 0 14 0 0 0 0 14 0 25 25 16 0 0 0 0
P13821 2012 6 9 0 0 0 0 0 0 0 29 0 21 0 0 26 0 0 0 0 0 0 21 0 0 0 0 0 0 0 0 0 -999
P13821 2012 7 10 0 0 0 20 0 0 26 25 25 23 25 23 0 0 16 0 34 0 0 0 0 0 0 23 0 0 0 0 17 0
P13821 2012 8 0 0 0 0 19 18 0 0 0 0 0 0 0 0 0 0 0 0 0 0 0 0 0 0 0 0 12 0 0 0 0
P13821 2012 9 0 11 15 0 0 0 0 14 0 0 0 16 0 0 0 0 0 0 0 0 0 0 0 0 0 16 0 0 0 20 -999
P13821 2012 10 14 0 0 0 0 0 0 0 15 0 26 0 0 0 0 10 0 0 0 8 0 23 0 0 0 0 14 10 0 8 0
P13821 2012 11 7 16 23 0 0 0 0 0 0 0 16 0 0 0 0 0 0 13 0 22 0 0 5 0 0 0 0 13 0 0 -999
P13821 2012 12 0 0 0 12 0 24 32 15 0 0 0 0 0 26 20 24 23 23 0 0 4 0 0 0 0 0 0 0 6 0 26
P13821 2013 1 0 0 0 0 0 0 0 4 0 0 0 0 0 0 0 3 0 0 0 0 0 0 0 0 0 0 0 0 0 0 7
P13821 2013 2 0 0 0 0 0 0 0 0 0 0 0 0 0 0 19 0 0 14 20 0 0 0 13 0 0 11 0 0 -999 -999 -999
P13821 2013 3 6 0 0 10 0 7 12 0 23 0 30 0 24 18 9 0 0 0 0 13 13 0 0 0 0 17 19 28 33 35 39
P13821 2013 4 0 25 0 11 16 0 14 0 0 3 0 0 0 0 0 0 0 0 0 0 18 16 13 16 33 22 0 0 0 9 -999
P13821 2013 5 11 0 0 0 18 0 0 26 24 25 23 0 0 0 0 31 31 0 0 0 11 0 0 13 13 0 0 0 0 0 0
P13821 2013 6 21 0 22 17 0 0 22 26 0 30 21 0 0 0 0 14 13 0 0 0 11 0 15 0 0 0 47 25 22 0 -999
P13821 2013 7 0 0 0 12 13 22 29 0 0 0 0 0 0 0 0 0 0 0 0 0 0 0 0 20 19 0 0 0 0 0 0
P13821 2013 8 0 0 0 30 0 0 0 0 0 20 20 19 0 0 0 0 0 0 0 0 0 0 0 22 0 0 0 0 23 19 0
P13821 2013 9 14 16 0 0 0 10 0 0 0 12 17 0 0 0 0 0 0 0 0 16 22 25 0 0 0 0 0 0 0 0 -999
P13821 2013 10 0 0 0 0 0 0 0 0 0 0 21 0 0 14 11 0 20 0 9 7 6 4 0 0 8 0 0 0 0 0 0
P13821 2013 11 0 0 0 0 0 0 0 0 0 0 15 12 7 0 0 0 0 33 55 45 16 18 0 29 0 14 21 24 9 0 -999
P13821 2013 12 0 13 0 13 0 0 0 8 0 0 0 0 0 0 0 0 0 0 0 0 0 0 0 0 0 9 0 12 0 19 12
P13821 2014 1 0 0 0 7 0 9 0 8 12 0 0 0 0 3 0 6 0 0 0 0 0 0 0 0 0 14 17 23 51 46 22
P13821 2014 2 0 15 0 0 0 12 13 21 0 13 6 5 0 0 0 0 0 0 14 0 0 5 0 0 0 0 0 21 -999 -999 -999