precip	MIROC5	RCP60	REGRESION	decimas	1
P12512	41.337	-2.137	182	geo	2006	2100	-1
P12512 2006 1 0 0 0 0 0 9 4 0 10 0 0 27 57 46 14 30 25 30 30 0 6 0 0 0 3 0 0 0 0 18 0
P12512 2006 2 6 21 22 0 0 0 0 0 0 2 4 0 0 23 0 0 12 6 7 20 0 0 12 0 0 0 0 0 -999 -999 -999
P12512 2006 3 0 24 31 38 40 37 43 47 34 23 38 35 0 20 0 0 39 40 32 16 25 18 21 0 20 0 0 20 35 20 38
P12512 2006 4 19 14 17 0 0 0 0 32 0 0 0 0 0 0 0 11 15 0 0 0 0 0 6 0 16 0 34 38 35 30 -999
P12512 2006 5 0 22 18 0 16 28 19 0 8 0 0 0 0 0 25 0 0 0 13 14 9 0 0 0 0 5 9 0 0 14 0
P12512 2006 6 0 0 0 0 0 0 0 0 0 17 16 19 18 0 13 0 0 0 14 13 0 0 0 0 19 0 16 16 0 25 -999
P12512 2006 7 0 0 0 0 0 26 0 0 0 0 0 0 0 0 0 0 0 0 0 0 0 0 0 0 0 0 0 0 15 0 0
P12512 2006 8 0 19 0 0 0 0 0 0 0 0 0 13 17 19 0 0 0 10 0 0 0 0 0 0 0 0 11 0 12 0 20
P12512 2006 9 0 0 15 17 19 0 0 0 0 24 0 0 8 0 9 0 0 0 0 8 11 0 19 0 0 0 0 0 0 12 -999
P12512 2006 10 0 0 0 10 0 0 0 0 0 14 0 16 18 22 23 22 0 7 0 0 0 14 7 0 11 13 0 0 9 5 0
P12512 2006 11 12 0 0 0 0 9 0 16 9 0 0 0 0 0 0 0 3 0 0 5 0 0 16 0 0 8 3 0 3 0 -999
P12512 2006 12 0 0 0 4 0 0 0 18 19 0 0 20 0 0 19 26 20 9 0 0 0 0 31 33 17 19 12 0 0 0 0
P12512 2007 1 0 0 4 0 0 0 0 0 0 0 0 0 0 0 0 0 0 0 0 0 0 7 0 10 0 21 18 13 18 14 0
P12512 2007 2 8 7 0 20 16 0 0 36 72 56 24 0 16 0 0 8 0 19 0 0 0 19 22 22 16 11 14 21 -999 -999 -999
P12512 2007 3 0 15 0 0 24 21 0 0 11 7 10 33 42 34 26 0 0 0 0 15 0 19 15 0 0 0 9 0 0 4 0
P12512 2007 4 3 0 0 11 0 0 0 0 2 0 0 0 0 0 0 0 16 27 0 21 0 0 26 24 18 17 16 0 0 0 -999
P12512 2007 5 0 0 0 17 25 0 0 0 0 16 19 0 0 0 0 0 0 0 0 0 0 0 0 0 0 0 0 0 0 11 0
P12512 2007 6 24 0 0 0 20 24 24 12 0 0 0 16 27 0 0 0 0 0 13 0 0 0 25 18 0 0 22 23 27 27 -999
P12512 2007 7 0 21 0 0 0 0 0 0 0 28 0 0 0 0 11 0 0 32 0 0 0 25 0 0 16 0 0 0 0 0 0
P12512 2007 8 0 0 0 0 0 0 0 0 0 0 0 0 0 0 0 0 0 16 21 23 0 0 0 0 0 20 0 20 0 0 0
P12512 2007 9 0 0 0 0 0 0 0 0 0 0 0 0 0 0 0 0 0 0 0 6 0 0 11 12 0 0 0 0 0 0 -999
P12512 2007 10 0 0 0 0 0 0 0 0 0 19 20 0 25 24 0 0 12 0 0 0 0 26 19 17 10 7 15 0 0 0 0
P12512 2007 11 8 5 8 3 0 0 0 0 0 10 0 20 10 9 0 0 0 0 0 0 0 0 0 0 0 0 0 14 0 18 -999
P12512 2007 12 0 9 0 0 19 19 16 9 3 3 3 3 0 0 0 0 0 13 12 7 0 5 0 0 0 0 0 9 5 0 0
P12512 2008 1 12 11 23 0 15 0 0 0 9 0 0 0 10 0 17 0 8 0 0 0 22 24 0 0 0 24 0 22 0 20 24
P12512 2008 2 39 23 20 20 12 15 0 25 0 0 0 0 0 0 11 21 13 28 34 0 0 0 8 0 20 0 27 0 -999 -999 -999
P12512 2008 3 0 9 6 0 0 0 3 0 0 0 0 0 0 0 0 4 0 0 0 0 0 0 0 4 0 0 5 3 0 2 0
P12512 2008 4 0 0 9 16 20 12 0 0 4 0 0 10 0 19 24 27 23 19 14 0 0 6 6 6 0 0 0 0 17 21 -999
P12512 2008 5 16 0 0 8 16 0 0 0 0 0 30 0 16 0 18 0 16 0 0 29 31 22 24 0 0 0 0 0 9 14 19
P12512 2008 6 16 0 0 0 0 16 12 0 14 0 0 0 0 26 0 0 10 18 0 0 11 13 0 0 0 0 17 20 0 0 -999
P12512 2008 7 0 0 0 0 13 0 0 0 32 0 0 0 0 0 0 0 0 0 0 13 22 0 0 17 18 0 0 0 0 0 22
P12512 2008 8 0 0 0 0 0 0 20 16 17 0 0 0 0 0 7 0 0 0 0 0 0 0 0 0 0 0 21 0 0 0 0
P12512 2008 9 7 0 0 0 0 0 0 12 14 16 20 19 0 18 0 11 0 0 14 0 0 11 14 16 0 0 0 13 22 0 -999
P12512 2008 10 0 0 9 0 10 0 0 0 7 8 22 0 20 18 8 0 10 0 12 0 0 0 12 0 16 17 26 16 20 13 8
P12512 2008 11 17 0 23 0 0 0 0 0 0 9 14 0 0 0 0 0 0 9 0 0 0 0 0 0 0 2 0 0 0 0 -999
P12512 2008 12 3 0 0 0 0 5 0 6 8 14 21 0 0 13 9 0 0 5 0 0 0 4 0 5 0 10 8 0 7 0 0
P12512 2009 1 0 0 0 0 0 0 0 0 6 0 0 12 0 0 0 0 0 0 0 0 0 0 0 0 2 0 0 0 0 0 0
P12512 2009 2 0 10 7 0 13 0 0 3 0 5 4 3 6 3 2 0 1 0 1 3 2 2 0 0 0 6 0 17 -999 -999 -999
P12512 2009 3 33 0 30 0 0 0 0 17 37 27 16 12 9 0 29 18 17 16 11 0 5 0 0 0 16 30 0 37 27 27 18
P12512 2009 4 16 36 37 18 18 0 24 12 0 0 10 0 30 20 17 0 0 0 0 16 23 0 0 8 0 0 0 0 18 31 -999
P12512 2009 5 40 30 18 18 0 24 14 0 0 31 0 0 0 0 0 6 0 0 20 24 31 30 24 0 17 11 0 0 12 0 0
P12512 2009 6 14 0 13 15 21 0 21 13 10 0 0 0 8 15 0 0 0 0 0 0 0 0 15 14 0 0 14 0 0 15 -999
P12512 2009 7 19 0 0 0 0 0 0 0 0 28 0 0 0 0 14 0 0 0 15 16 19 0 19 21 0 0 0 0 12 16 0
P12512 2009 8 0 0 0 10 0 0 0 0 0 0 22 0 0 14 0 0 0 0 0 0 0 0 0 24 0 0 0 13 0 0 0
P12512 2009 9 0 19 0 0 0 6 0 11 0 0 0 0 18 9 0 15 19 0 0 0 0 26 0 0 0 0 0 0 0 0 -999
P12512 2009 10 0 0 9 8 0 7 0 0 6 10 0 14 0 0 0 17 20 0 0 18 0 0 0 13 0 0 0 0 6 0 9
P12512 2009 11 0 0 0 0 0 7 0 9 0 0 4 0 0 0 0 0 0 0 0 0 0 9 0 0 0 0 10 9 0 14 -999
P12512 2009 12 12 0 12 8 13 26 37 0 0 25 31 9 5 4 0 7 0 11 17 15 8 7 7 0 0 0 21 15 11 0 0
P12512 2010 1 7 0 16 0 26 16 11 0 0 12 0 0 9 0 0 0 6 0 0 0 0 0 0 0 0 6 0 4 0 9 11
P12512 2010 2 8 5 0 0 9 20 0 0 6 0 0 0 0 0 0 3 0 0 4 0 0 0 5 14 0 3 0 0 -999 -999 -999
P12512 2010 3 3 0 0 0 9 0 24 22 24 23 0 11 0 0 5 0 6 9 24 37 0 0 0 0 0 0 0 4 0 0 0
P12512 2010 4 9 12 18 0 0 0 0 0 24 0 25 0 28 0 0 34 0 0 8 0 20 0 12 0 0 18 6 0 27 0 -999
P12512 2010 5 0 0 0 25 0 15 10 0 0 0 19 23 0 17 21 0 0 0 0 0 10 13 14 0 0 0 27 18 19 17 0
P12512 2010 6 0 21 0 15 13 0 10 0 4 0 11 19 0 0 0 27 0 0 0 0 0 13 11 12 0 0 0 0 0 22 -999
P12512 2010 7 21 0 15 12 0 18 0 0 22 0 0 0 0 10 0 18 0 0 0 0 0 17 0 0 0 0 0 0 0 0 0
P12512 2010 8 0 0 0 17 0 0 16 0 0 24 0 0 0 0 0 20 0 0 0 0 0 0 0 18 0 0 10 0 0 0 0
P12512 2010 9 0 11 0 0 9 0 0 0 23 0 18 0 33 0 16 13 0 0 0 12 0 0 0 13 16 0 0 0 0 0 -999
P12512 2010 10 0 0 0 0 0 0 0 0 0 19 0 12 20 0 14 12 9 8 0 0 0 0 0 11 0 0 0 0 0 0 0
P12512 2010 11 5 4 0 0 0 0 0 0 0 5 4 0 0 0 0 8 0 0 6 0 3 0 0 0 6 4 0 0 0 0 -999
P12512 2010 12 0 5 0 9 13 9 9 5 0 0 0 6 13 25 0 0 0 0 8 0 0 0 0 0 4 0 0 0 0 0 0
P12512 2011 1 0 0 0 0 6 0 0 3 0 0 0 0 0 5 7 5 0 0 0 0 0 10 29 0 6 0 0 3 2 0 0
P12512 2011 2 0 5 0 0 0 10 6 0 0 0 0 0 7 0 7 0 0 4 5 6 0 15 13 0 0 0 0 23 -999 -999 -999
P12512 2011 3 25 16 0 0 14 0 0 0 0 7 10 16 16 14 21 42 73 29 16 17 0 0 0 40 32 0 16 30 0 0 8
P12512 2011 4 12 17 16 15 0 9 0 11 16 18 0 19 0 0 0 0 27 27 0 0 20 13 6 0 0 0 0 4 0 0 -999
P12512 2011 5 0 13 0 0 0 0 0 0 0 27 0 0 13 15 0 0 0 7 0 17 0 0 0 0 0 23 0 0 0 0 0
P12512 2011 6 0 0 0 0 0 8 0 10 0 19 23 24 0 0 21 17 0 0 8 0 13 0 0 0 0 21 0 0 0 0 -999
P12512 2011 7 0 0 0 0 0 0 0 0 0 0 0 0 0 0 0 0 0 0 0 17 0 0 0 0 0 16 0 0 0 0 0
P12512 2011 8 0 0 0 0 0 10 13 0 0 0 0 0 0 12 14 0 0 0 0 0 0 0 0 0 0 0 0 0 0 0 0
P12512 2011 9 0 0 0 0 0 12 0 0 0 33 0 0 0 0 0 0 0 0 7 0 7 0 0 10 0 0 0 0 0 0 -999
P12512 2011 10 0 0 13 0 0 0 0 0 0 11 0 14 0 11 10 8 0 9 0 8 12 14 15 0 0 0 0 9 20 28 0
P12512 2011 11 0 12 10 13 27 29 47 0 0 0 0 0 0 0 0 8 16 0 5 0 0 29 37 32 17 0 0 0 0 0 -999
P12512 2011 12 5 10 16 0 0 5 0 0 0 4 6 0 10 3 2 12 20 17 22 25 30 0 14 10 0 20 9 7 8 0 10
P12512 2012 1 27 0 6 1 0 0 0 0 0 2 2 0 0 0 0 0 6 6 0 0 8 6 0 0 0 4 5 0 5 0 5
P12512 2012 2 0 0 26 20 5 0 0 2 0 0 0 2 0 0 0 0 0 9 15 16 18 9 4 0 11 0 0 9 -999 -999 -999
P12512 2012 3 18 35 34 29 20 13 0 0 0 0 0 0 0 0 0 0 0 21 17 20 0 18 12 13 15 0 4 0 0 0 0
P12512 2012 4 0 0 0 3 0 0 0 18 0 0 5 0 23 40 28 22 27 0 0 17 13 12 0 21 31 31 31 25 19 21 -999
P12512 2012 5 0 23 0 0 0 10 18 22 23 0 0 21 25 26 0 0 14 15 13 0 0 0 0 0 26 28 16 0 0 0 9
P12512 2012 6 8 0 0 0 0 0 0 0 28 23 20 0 0 0 23 0 0 0 0 0 0 0 0 8 0 0 14 0 0 0 -999
P12512 2012 7 8 0 0 0 0 0 0 0 0 0 0 0 0 0 14 0 0 0 19 17 0 0 0 20 0 0 0 0 0 0 0
P12512 2012 8 0 0 0 0 19 0 0 0 0 22 0 0 0 0 0 0 0 0 0 0 10 0 0 0 0 0 0 0 15 0 0
P12512 2012 9 0 10 14 0 0 20 21 0 0 7 0 0 0 0 0 0 11 12 0 13 0 7 7 0 0 0 14 0 0 0 -999
P12512 2012 10 0 8 7 0 0 0 0 11 14 0 28 0 0 0 13 15 0 0 12 9 0 26 0 0 12 0 16 0 8 14 16
P12512 2012 11 11 29 31 0 0 0 0 0 0 12 0 0 0 3 5 0 0 0 29 29 13 0 0 0 5 0 9 14 18 0 -999
P12512 2012 12 18 0 11 10 0 21 26 0 0 10 0 6 10 31 25 27 24 0 0 0 5 11 0 6 5 0 0 0 0 0 29
P12512 2013 1 24 0 0 15 13 5 0 6 0 0 0 4 0 0 0 0 3 0 5 0 1 0 0 0 0 0 3 0 0 0 0
P12512 2013 2 0 0 0 3 0 0 3 0 0 0 0 4 0 35 25 10 9 16 28 22 21 24 19 30 19 11 0 1 -999 -999 -999
P12512 2013 3 3 6 0 10 9 0 12 0 21 21 37 33 31 0 0 0 21 0 15 0 0 26 27 0 17 0 19 28 34 36 45
P12512 2013 4 36 0 11 11 19 14 16 6 0 0 0 0 0 0 13 18 0 0 13 11 23 19 0 18 37 0 0 0 0 7 -999
P12512 2013 5 9 0 0 0 0 0 0 0 0 28 28 19 0 12 0 33 35 21 0 16 10 0 0 12 0 0 0 0 0 0 0
P12512 2013 6 0 22 23 0 18 0 23 29 0 33 25 24 0 0 15 0 0 0 0 0 0 0 0 0 0 0 44 27 0 0 -999
P12512 2013 7 0 16 0 0 0 0 0 0 0 0 16 0 14 0 0 17 0 0 0 0 0 0 20 0 17 0 17 0 0 18 0
P12512 2013 8 18 0 0 0 0 30 26 26 22 22 0 0 0 9 0 25 0 0 7 0 0 0 0 0 17 12 0 0 26 0 27
P12512 2013 9 18 0 22 0 0 0 0 0 0 0 16 0 0 0 0 0 0 0 0 0 0 22 0 13 6 0 0 0 5 0 -999
P12512 2013 10 0 0 0 0 0 0 0 8 8 12 19 0 0 11 0 0 22 0 11 0 0 0 0 7 0 0 0 0 0 0 0
P12512 2013 11 0 0 0 0 0 0 0 0 7 6 14 0 0 6 0 0 0 38 66 47 20 29 35 38 26 20 29 26 0 0 -999
P12512 2013 12 8 0 10 14 0 0 7 0 6 5 0 7 0 0 0 0 0 0 3 0 0 7 0 0 0 0 14 11 13 19 11
P12512 2014 1 0 6 0 0 0 0 0 0 0 5 5 6 6 0 0 0 0 0 0 0 0 0 3 0 9 12 17 25 51 47 25
P12512 2014 2 16 20 0 11 0 18 21 28 17 20 6 0 0 0 0 0 0 0 16 0 9 0 0 0 4 0 0 0 -999 -999 -999