precip	MIROC5	RCP60	REGRESION	decimas	1
P14028	41.616	1.431	182	geo	2006	2100	-1
P14028 2006 1 0 0 0 0 0 0 3 0 0 0 5 19 59 59 14 21 0 13 31 0 0 0 0 13 0 0 0 0 0 18 0
P14028 2006 2 0 13 0 0 4 0 0 0 0 0 0 6 13 27 0 35 10 0 0 16 39 0 18 14 0 1 0 4 -999 -999 -999
P14028 2006 3 9 21 0 0 29 38 49 71 50 21 47 65 42 21 19 32 41 39 25 18 16 0 14 12 0 16 9 12 33 0 48
P14028 2006 4 0 7 9 17 0 10 0 43 0 0 0 0 5 0 0 10 12 0 0 0 0 0 0 0 15 0 53 99 69 33 -999
P14028 2006 5 26 22 0 19 0 32 0 0 0 0 0 0 0 0 27 0 20 21 0 13 0 0 0 0 0 0 0 0 0 14 12
P14028 2006 6 10 10 10 0 17 0 0 13 0 0 21 0 0 0 0 0 23 23 0 0 0 0 9 0 19 0 23 20 0 0 -999
P14028 2006 7 0 26 0 16 15 23 31 0 0 0 0 0 0 0 0 0 0 0 0 0 0 0 0 0 0 0 0 19 0 0 0
P14028 2006 8 34 0 0 5 0 16 0 27 0 0 0 16 27 0 0 17 0 0 0 0 23 0 0 13 0 20 0 0 0 0 20
P14028 2006 9 0 0 22 20 0 0 0 9 11 0 26 0 0 0 0 0 0 0 40 0 0 0 0 0 39 0 0 0 6 16 -999
P14028 2006 10 0 0 0 0 0 0 0 0 0 0 16 19 0 33 33 0 0 0 0 0 0 0 0 0 0 13 0 0 0 2 0
P14028 2006 11 0 0 0 0 0 0 0 17 0 0 0 0 0 0 0 0 2 0 0 0 17 31 0 49 0 10 0 0 0 0 -999
P14028 2006 12 0 4 0 0 0 14 0 0 28 26 27 37 51 0 20 0 0 0 0 0 14 0 32 53 0 0 11 6 0 0 7
P14028 2007 1 0 0 0 0 0 0 1 0 0 0 0 0 0 0 0 0 0 0 21 30 21 0 0 10 24 29 0 25 23 15 12
P14028 2007 2 0 0 0 16 0 0 0 45 112 74 39 23 21 12 0 0 0 14 21 16 0 0 29 42 24 0 8 0 -999 -999 -999
P14028 2007 3 0 6 0 16 0 20 13 9 11 0 7 39 63 32 25 0 0 7 0 10 0 21 0 13 0 0 0 0 0 0 12
P14028 2007 4 0 0 2 0 27 18 0 0 0 0 0 18 31 0 0 0 0 0 0 0 29 32 26 27 22 31 32 0 0 0 -999
P14028 2007 5 0 0 5 0 20 27 0 0 0 17 0 0 60 0 24 0 14 25 0 30 0 0 0 8 0 0 0 0 0 0 20
P14028 2007 6 0 0 0 0 21 25 0 0 9 0 0 0 0 44 0 36 0 0 0 0 0 12 0 29 12 10 0 29 36 33 -999
P14028 2007 7 28 0 27 0 0 21 24 0 9 0 0 41 0 0 6 0 0 45 45 0 0 0 29 0 0 0 0 0 0 19 18
P14028 2007 8 0 0 0 0 0 0 0 13 11 18 23 0 0 30 0 0 0 21 29 0 0 10 0 0 0 39 19 18 0 0 7
P14028 2007 9 0 0 0 0 0 0 0 0 0 0 0 0 0 19 0 0 0 0 0 0 0 13 18 0 0 0 10 0 0 0 -999
P14028 2007 10 0 0 8 0 0 0 0 0 12 20 31 36 36 23 0 0 0 20 0 0 0 0 0 12 0 0 0 0 0 0 0
P14028 2007 11 0 0 16 0 4 0 0 0 0 0 0 0 0 0 0 0 0 0 0 0 0 0 8 5 0 1 0 20 33 0 -999
P14028 2007 12 28 10 13 30 51 62 37 0 4 0 0 1 0 0 0 0 18 24 0 14 0 0 6 6 0 0 0 0 8 0 0
P14028 2008 1 8 8 0 27 0 0 0 10 0 0 18 0 0 0 19 0 8 0 0 12 15 0 0 0 0 0 15 0 0 12 19
P14028 2008 2 30 0 0 0 0 0 0 0 0 29 30 27 0 3 5 12 8 0 79 24 6 0 9 29 59 55 67 134 -999 -999 -999
P14028 2008 3 159 29 9 0 6 0 0 0 0 0 0 0 0 0 0 0 0 0 0 0 0 0 0 0 0 0 0 0 0 0 0
P14028 2008 4 0 0 12 0 29 24 0 0 0 0 0 0 0 32 30 40 28 25 19 0 0 0 0 0 0 0 0 0 0 31 -999
P14028 2008 5 0 0 0 0 16 41 0 0 0 0 28 0 0 28 0 0 17 0 0 0 46 26 24 0 19 15 0 0 0 0 23
P14028 2008 6 0 0 10 12 0 0 12 0 0 0 0 0 0 0 28 0 0 0 0 0 0 0 0 0 0 0 0 25 0 26 -999
P14028 2008 7 0 0 0 20 0 0 0 0 0 0 35 0 0 0 0 14 0 0 17 8 0 0 0 20 20 0 0 0 0 0 0
P14028 2008 8 0 48 0 0 24 0 26 0 16 0 26 0 13 0 0 0 0 25 0 5 0 0 0 0 7 19 42 0 0 6 0
P14028 2008 9 0 9 11 0 0 0 0 0 14 0 0 0 0 0 13 0 0 0 0 0 12 0 0 0 17 20 0 10 0 28 -999
P14028 2008 10 0 0 5 12 16 9 14 0 0 3 0 32 27 0 0 0 23 17 17 0 21 13 0 0 20 16 25 0 28 26 0
P14028 2008 11 0 0 0 29 0 0 10 0 16 15 17 16 0 0 0 0 0 0 0 0 0 0 0 0 0 0 0 3 0 0 -999
P14028 2008 12 3 2 0 5 5 19 12 0 15 0 25 9 4 0 13 0 0 0 0 0 0 0 0 0 0 0 0 4 0 0 0
P14028 2009 1 0 0 0 0 0 7 0 0 5 0 0 0 0 0 0 0 0 0 0 0 0 0 0 0 1 0 0 0 0 0 0
P14028 2009 2 0 0 9 12 0 0 20 7 5 0 5 0 4 0 0 0 0 0 0 0 0 0 0 0 10 0 0 14 -999 -999 -999
P14028 2009 3 34 0 0 18 0 5 3 0 49 0 25 0 0 10 33 22 9 0 0 0 0 0 8 0 0 37 25 47 23 30 21
P14028 2009 4 0 51 75 21 17 43 0 0 0 5 0 0 44 39 32 27 0 0 0 0 39 32 0 11 0 0 0 9 0 0 -999
P14028 2009 5 56 0 0 0 0 37 0 15 0 0 49 0 0 0 0 0 0 18 29 34 64 75 56 0 23 0 12 16 0 18 0
P14028 2009 6 0 14 14 13 22 26 0 0 10 0 0 0 0 0 24 0 42 0 0 0 0 13 0 0 15 0 0 0 0 13 -999
P14028 2009 7 0 0 0 0 0 0 27 0 0 49 55 0 0 26 0 0 0 6 12 18 0 0 0 0 31 20 20 0 10 13 28
P14028 2009 8 33 0 4 0 0 0 17 0 0 30 29 0 0 0 0 0 0 6 0 0 0 0 0 0 0 19 0 0 19 0 0
P14028 2009 9 0 20 6 0 0 0 0 0 0 17 38 42 26 0 25 0 26 20 0 22 0 47 23 0 0 5 8 0 0 7 -999
P14028 2009 10 0 0 20 14 8 0 0 0 5 7 0 0 0 0 0 0 21 37 43 0 0 0 0 0 0 0 5 5 0 5 0
P14028 2009 11 0 0 0 0 0 0 0 0 0 3 0 0 0 0 5 12 0 0 0 0 0 0 0 0 0 26 28 10 0 11 -999
P14028 2009 12 0 0 0 0 5 0 43 0 0 23 30 0 3 0 0 0 0 0 19 20 11 9 7 0 0 0 19 0 0 7 0
P14028 2010 1 0 0 0 42 31 0 0 7 0 0 0 0 0 10 6 9 5 0 0 0 0 0 0 0 0 0 0 0 0 9 16
P14028 2010 2 0 3 0 0 8 0 25 0 0 0 4 0 0 0 0 8 0 3 0 0 0 0 0 15 0 0 0 2 -999 -999 -999
P14028 2010 3 0 0 0 2 0 14 0 21 26 0 16 12 0 0 0 0 5 0 21 83 51 0 0 0 0 4 0 4 0 0 0
P14028 2010 4 0 9 0 0 0 0 0 45 0 27 37 38 0 53 0 67 35 0 9 10 25 28 17 0 44 0 0 0 37 37 -999
P14028 2010 5 0 14 0 0 29 23 0 0 0 0 0 42 0 0 29 0 32 15 15 12 0 14 19 19 14 0 47 0 0 18 0
P14028 2010 6 27 19 26 0 9 0 0 0 0 0 0 0 0 34 19 0 0 7 0 0 0 0 0 0 15 0 0 0 32 0 -999
P14028 2010 7 0 20 0 18 22 20 18 0 0 27 0 0 16 11 0 0 0 0 0 7 0 28 15 22 25 21 0 0 0 18 0
P14028 2010 8 0 35 0 19 0 0 0 0 20 31 33 25 0 0 0 0 0 27 0 0 0 0 14 0 27 0 11 0 0 0 14
P14028 2010 9 0 0 0 0 0 0 0 0 18 0 67 0 0 0 30 20 0 0 13 0 0 0 0 30 23 0 17 0 0 4 -999
P14028 2010 10 0 0 0 0 0 13 0 0 0 0 0 10 0 25 12 0 0 0 12 16 26 38 42 0 0 6 0 0 0 0 0
P14028 2010 11 4 1 0 0 0 0 0 0 0 0 0 0 0 0 0 0 5 0 0 0 0 0 0 3 8 0 0 0 0 0 -999
P14028 2010 12 0 0 0 0 12 0 10 3 0 5 1 0 12 0 24 0 0 5 0 0 0 1 2 0 0 0 0 3 0 0 0
P14028 2011 1 1 2 0 0 0 0 0 0 5 4 0 0 0 7 0 0 2 0 0 0 6 0 30 0 0 0 0 0 0 1 0
P14028 2011 2 0 0 0 0 0 0 0 0 0 0 0 0 0 0 0 0 1 0 3 0 5 0 0 0 0 3 0 29 -999 -999 -999
P14028 2011 3 32 11 0 18 20 12 0 0 0 0 0 0 0 14 26 61 95 0 11 14 20 0 22 31 29 0 14 0 31 0 17
P14028 2011 4 26 27 0 22 13 9 0 0 0 21 24 27 0 46 0 0 33 47 28 22 23 14 0 0 0 0 0 0 0 0 -999
P14028 2011 5 14 0 0 12 0 0 0 0 23 0 0 0 0 0 0 14 0 0 9 0 0 0 13 0 0 0 0 0 0 44 0
P14028 2011 6 16 7 10 0 0 0 0 0 20 34 41 0 0 0 0 23 0 7 10 0 14 21 31 31 36 0 0 26 0 0 -999
P14028 2011 7 12 0 0 0 31 0 0 7 0 5 0 0 31 0 31 20 10 0 0 0 0 0 0 0 0 0 0 0 0 35 0
P14028 2011 8 0 0 0 0 0 0 0 18 10 11 0 0 0 0 12 0 10 12 0 18 0 0 0 0 0 0 0 0 0 24 42
P14028 2011 9 61 0 0 0 18 0 9 0 27 0 0 0 0 0 0 0 0 0 5 0 0 0 11 0 0 0 0 0 0 11 -999
P14028 2011 10 0 0 0 0 12 9 9 0 0 18 0 0 0 0 0 0 0 0 0 0 9 14 0 0 12 5 0 5 24 32 51
P14028 2011 11 26 17 0 0 20 27 82 62 22 0 10 24 0 9 6 11 18 0 0 0 3 0 67 0 25 0 0 0 9 0 -999
P14028 2011 12 0 0 0 40 0 12 0 4 2 0 0 0 0 0 0 0 0 0 23 0 29 0 0 0 0 0 12 1 1 0 0
P14028 2012 1 0 31 0 0 0 0 0 0 0 0 0 0 4 0 0 0 0 0 16 0 0 0 0 0 12 0 9 0 0 0 0
P14028 2012 2 1 0 32 27 3 0 0 0 0 0 0 0 0 0 0 0 0 0 0 0 0 0 0 2 8 0 0 6 -999 -999 -999
P14028 2012 3 0 38 41 48 30 10 0 0 0 0 0 0 0 0 0 11 0 29 21 22 0 21 0 0 13 6 0 0 0 0 0
P14028 2012 4 0 0 17 0 0 0 0 0 0 0 0 18 42 53 44 22 31 33 0 0 0 14 0 24 43 47 0 53 0 24 -999
P14028 2012 5 31 29 47 0 9 0 33 63 0 23 0 18 0 23 28 0 0 0 0 0 0 15 20 0 0 43 28 0 0 0 0
P14028 2012 6 0 12 0 0 0 0 9 0 38 0 0 0 28 34 33 19 0 0 14 16 26 18 0 0 0 0 11 0 35 48 -999
P14028 2012 7 0 0 9 15 24 23 0 0 0 0 0 27 0 21 0 0 0 0 48 0 0 0 25 36 31 0 0 0 0 0 0
P14028 2012 8 19 0 13 0 0 19 15 0 0 0 0 0 0 7 17 0 25 21 0 0 0 0 0 11 0 0 0 11 0 14 0
P14028 2012 9 0 0 0 13 0 0 0 0 0 0 0 0 0 0 0 0 11 0 17 0 0 0 0 0 24 17 16 0 0 28 -999
P14028 2012 10 17 12 0 0 0 0 0 0 20 0 0 0 0 3 7 0 11 12 0 0 0 0 33 0 0 0 17 13 0 8 0
P14028 2012 11 0 12 0 35 0 0 0 0 0 0 16 0 0 4 0 0 0 0 29 36 0 11 0 0 0 0 4 10 24 26 -999
P14028 2012 12 28 21 15 0 0 26 66 0 0 7 0 0 9 35 22 0 28 26 0 0 0 0 0 0 0 0 0 1 0 0 28
P14028 2013 1 50 17 0 16 0 0 0 0 4 0 0 0 0 0 0 0 0 0 0 2 0 0 0 0 0 0 0 0 0 0 0
P14028 2013 2 0 0 0 0 0 0 0 0 0 1 0 0 0 36 19 0 6 0 19 0 0 0 15 24 17 8 0 2 -999 -999 -999
P14028 2013 3 0 0 0 9 11 5 0 34 0 23 31 29 35 0 7 0 0 18 0 15 0 31 52 0 0 0 0 0 79 76 66
P14028 2013 4 106 0 10 0 18 16 0 0 0 0 0 0 0 16 0 0 19 0 0 0 25 22 16 14 48 38 0 0 9 0 -999
P14028 2013 5 8 0 10 0 0 11 0 31 36 0 0 33 19 0 0 41 0 30 0 0 0 0 0 0 0 0 0 7 0 0 22
P14028 2013 6 0 0 0 17 0 16 23 33 0 49 0 0 36 27 0 0 14 0 18 9 0 0 0 0 14 0 97 0 43 0 -999
P14028 2013 7 17 0 16 13 15 27 0 0 0 0 0 0 0 0 12 13 0 0 0 0 0 0 0 23 0 0 0 17 0 0 24
P14028 2013 8 21 20 0 49 57 55 35 36 0 20 21 31 0 0 0 31 0 0 0 0 0 7 18 0 20 0 0 0 0 0 33
P14028 2013 9 0 22 38 0 0 0 0 9 0 0 0 30 12 0 0 0 11 0 0 19 29 48 0 0 0 0 0 4 0 0 -999
P14028 2013 10 0 0 11 0 0 0 10 12 0 0 0 20 16 19 0 10 0 0 6 0 0 0 4 12 0 14 0 0 0 0 0
P14028 2013 11 0 0 0 0 6 0 0 0 6 12 0 0 0 0 0 0 0 37 100 84 0 0 29 38 0 0 0 0 0 0 -999
P14028 2013 12 3 12 0 14 0 0 0 0 0 0 0 0 0 7 4 4 0 4 0 0 0 6 0 0 0 0 15 0 18 28 14
P14028 2014 1 0 4 0 0 7 0 7 5 17 9 6 0 0 0 0 0 1 0 0 0 0 0 0 0 0 12 18 26 90 76 27
P14028 2014 2 0 20 0 9 0 0 0 32 0 12 0 3 0 0 0 0 0 0 19 7 0 0 4 5 0 0 7 36 -999 -999 -999