precip	MIROC5	RCP60	REGRESION	decimas	1
P12987	41.472	-1.728	182	geo	2006	2100	-1
P12987 2006 1 0 0 0 0 0 8 0 0 0 0 0 29 73 44 16 33 27 26 0 0 5 5 17 0 5 0 4 0 0 19 9
P12987 2006 2 7 23 20 9 0 3 0 0 0 0 0 0 19 25 28 28 14 5 7 18 26 0 13 11 0 5 5 0 -999 -999 -999
P12987 2006 3 18 26 36 42 44 44 50 0 38 0 47 45 31 24 20 30 50 47 33 16 20 15 16 13 20 14 12 18 28 19 44
P12987 2006 4 19 14 0 19 14 10 0 0 21 0 0 0 0 0 10 12 0 0 0 0 0 5 0 13 18 27 0 54 46 32 -999
P12987 2006 5 24 22 0 20 16 30 20 0 10 0 6 0 17 22 0 0 0 0 0 0 6 4 0 10 0 0 13 18 0 0 0
P12987 2006 6 13 0 0 0 0 0 0 0 0 19 0 24 20 0 0 18 21 0 0 16 0 0 0 0 24 25 0 19 18 0 -999
P12987 2006 7 0 0 0 0 0 0 0 0 12 0 0 0 0 27 0 0 0 0 0 27 0 0 0 0 0 0 0 0 15 0 0
P12987 2006 8 0 19 0 0 0 0 26 0 0 0 0 0 20 0 21 0 0 11 0 22 21 0 12 0 19 13 11 0 15 0 0
P12987 2006 9 14 0 0 0 0 0 9 0 0 20 0 0 0 0 0 0 0 26 15 10 0 15 0 0 0 8 0 0 0 10 -999
P12987 2006 10 0 0 0 12 0 0 0 0 0 0 16 0 0 26 0 0 0 7 10 9 0 0 5 0 0 0 0 0 9 6 0
P12987 2006 11 0 0 6 0 0 9 17 16 0 0 0 0 0 0 0 0 0 4 0 7 14 18 20 41 18 10 4 0 0 0 -999
P12987 2006 12 0 0 0 0 0 10 0 0 24 21 0 25 27 18 23 29 0 0 0 0 13 21 42 0 20 18 12 0 7 0 6
P12987 2007 1 8 0 0 0 0 0 0 0 0 0 0 0 0 0 0 0 0 0 19 0 13 0 0 11 22 0 18 20 22 0 11
P12987 2007 2 9 9 15 24 16 0 15 47 101 68 0 0 16 9 11 7 12 21 22 20 24 0 0 0 25 0 18 20 -999 -999 -999
P12987 2007 3 16 18 0 22 27 26 0 13 14 11 14 37 48 41 24 16 12 7 0 0 0 0 16 0 0 0 10 8 0 5 0
P12987 2007 4 0 0 0 0 13 16 10 5 0 0 0 0 30 17 0 12 0 0 0 18 23 32 0 24 19 18 16 9 0 0 -999
P12987 2007 5 0 0 8 19 0 18 17 12 0 0 20 0 30 26 16 0 0 23 22 0 0 0 0 0 0 0 0 0 0 0 0
P12987 2007 6 32 27 0 0 23 28 0 0 0 0 0 0 33 27 0 0 0 0 0 0 0 15 27 0 0 0 0 0 0 0 -999
P12987 2007 7 0 0 20 0 21 0 0 0 18 0 29 0 18 12 0 0 0 26 0 20 14 19 0 16 0 0 0 25 17 0 16
P12987 2007 8 0 0 0 0 0 0 0 0 0 0 18 0 0 0 0 0 0 0 0 0 19 0 0 0 0 0 20 20 24 0 8
P12987 2007 9 0 0 0 0 0 0 0 0 0 16 0 0 0 0 27 19 0 0 0 0 9 11 0 0 0 0 0 0 9 0 -999
P12987 2007 10 0 0 0 0 0 0 0 0 0 0 27 26 28 21 8 0 13 0 0 0 0 27 18 16 0 0 11 0 0 0 6
P12987 2007 11 6 6 0 5 0 8 6 0 0 0 0 17 0 0 0 0 0 0 0 0 0 0 0 7 0 0 11 0 23 19 -999
P12987 2007 12 0 0 10 15 0 24 0 0 0 4 3 0 0 0 6 12 17 21 15 10 0 6 6 0 5 0 4 0 7 0 7
P12987 2008 1 11 14 24 24 12 2 1 3 0 0 0 11 0 0 21 16 14 0 0 15 22 22 15 8 12 20 23 21 14 18 23
P12987 2008 2 41 20 0 0 12 15 15 26 0 24 25 18 5 0 11 14 10 24 0 16 0 8 8 17 0 0 0 27 -999 -999 -999
P12987 2008 3 38 19 0 0 7 3 0 4 0 7 0 0 0 13 0 0 0 0 0 0 0 0 0 0 0 6 6 2 0 0 0
P12987 2008 4 0 0 14 22 27 17 5 0 4 0 0 10 0 23 0 29 28 26 19 12 0 0 0 0 5 4 0 10 0 26 -999
P12987 2008 5 0 0 0 0 17 0 20 11 11 21 35 11 15 0 15 21 16 0 0 0 37 0 0 15 0 14 0 11 0 0 0
P12987 2008 6 16 11 12 0 16 22 15 0 0 19 20 0 0 26 16 0 0 0 0 14 0 0 0 0 0 0 23 0 24 0 -999
P12987 2008 7 0 0 0 0 0 0 0 0 0 21 0 0 0 33 0 0 0 20 11 14 23 15 0 18 0 0 0 20 0 0 0
P12987 2008 8 0 0 0 0 0 0 24 0 0 0 14 0 0 14 0 0 0 17 0 0 15 19 0 0 0 20 0 0 0 0 0
P12987 2008 9 0 0 11 16 0 0 0 0 16 0 0 0 0 0 10 10 14 0 16 15 14 15 17 0 0 0 0 0 0 0 -999
P12987 2008 10 14 0 0 13 0 10 0 0 11 0 22 0 20 18 0 0 14 0 0 0 0 12 13 0 0 0 22 14 20 16 0
P12987 2008 11 14 0 26 0 9 6 7 0 13 13 22 16 0 0 0 0 0 6 0 0 0 3 0 0 0 0 5 0 0 0 -999
P12987 2008 12 0 0 0 3 0 0 0 0 9 13 22 11 8 0 0 5 0 5 0 0 0 0 0 3 4 0 6 7 9 0 0
P12987 2009 1 3 0 0 0 0 0 6 0 5 0 0 15 19 11 11 9 0 0 1 0 0 0 0 0 0 0 0 0 0 0 0
P12987 2009 2 5 0 10 13 0 0 14 5 5 4 9 6 9 0 2 0 0 0 0 0 4 0 6 10 8 8 7 21 -999 -999 -999
P12987 2009 3 41 0 39 17 0 0 7 0 39 29 0 14 0 0 30 21 22 16 0 8 0 0 13 13 0 34 24 43 29 30 0
P12987 2009 4 15 41 43 0 0 38 0 0 10 0 9 21 29 19 22 27 12 0 0 18 0 0 0 10 0 0 0 0 19 30 -999
P12987 2009 5 29 0 18 17 23 32 13 0 0 0 30 14 0 0 0 0 0 0 0 0 36 0 34 26 21 0 13 0 15 0 0
P12987 2009 6 0 0 0 0 25 26 0 0 12 0 9 0 0 0 27 0 0 0 0 0 0 0 0 17 0 0 0 0 0 0 -999
P12987 2009 7 0 0 0 19 0 0 0 0 0 0 0 26 0 0 0 0 0 0 18 0 23 0 0 0 0 0 0 0 0 0 0
P12987 2009 8 0 0 0 0 13 0 0 0 15 0 0 0 0 13 5 0 0 0 0 0 0 16 27 26 14 0 0 0 0 24 0
P12987 2009 9 26 14 4 3 0 0 0 0 0 0 0 0 18 0 0 0 0 0 15 0 0 0 20 15 8 0 0 0 0 0 -999
P12987 2009 10 0 12 11 0 0 0 0 7 0 0 0 0 14 12 14 0 21 24 24 0 11 0 0 12 0 0 0 0 0 0 0
P12987 2009 11 0 0 0 0 0 7 0 0 0 0 0 3 0 0 0 0 12 0 0 0 0 7 0 0 10 16 0 0 0 0 -999
P12987 2009 12 0 5 0 8 0 23 44 21 17 0 25 7 4 0 6 0 6 0 17 0 11 9 7 6 0 0 0 0 12 0 5
P12987 2010 1 0 6 0 0 30 0 11 6 0 11 9 9 9 7 8 0 0 3 0 0 0 0 4 2 0 0 0 0 0 0 0
P12987 2010 2 8 0 0 0 0 21 20 0 0 10 0 0 0 0 6 0 0 0 0 8 0 0 8 16 7 0 0 0 -999 -999 -999
P12987 2010 3 0 3 3 6 0 18 24 24 30 25 20 0 0 9 0 0 8 13 24 42 0 0 0 0 0 0 5 0 5 6 0
P12987 2010 4 10 12 0 0 16 0 0 0 26 25 27 0 34 27 0 51 0 0 0 0 0 25 16 10 31 18 0 10 27 26 -999
P12987 2010 5 0 0 19 29 29 0 12 11 11 0 0 28 0 0 0 30 23 13 0 6 11 13 0 0 19 36 35 19 0 14 14
P12987 2010 6 20 22 21 0 0 13 0 0 6 0 0 25 34 23 0 0 13 0 0 0 16 0 0 0 0 0 0 0 0 0 -999
P12987 2010 7 0 0 0 0 19 0 0 0 0 21 0 0 0 0 0 0 0 0 0 0 14 0 0 0 0 0 0 15 0 0 0
P12987 2010 8 0 0 16 18 0 0 18 0 0 26 0 0 17 0 0 0 22 0 0 0 0 0 0 0 27 16 0 0 0 9 0
P12987 2010 9 0 11 0 0 0 0 0 0 0 28 0 0 0 20 21 0 0 0 17 14 0 0 0 0 0 16 0 7 6 7 -999
P12987 2010 10 0 0 0 0 0 0 0 0 20 20 19 11 19 19 0 11 12 0 9 10 0 0 0 0 0 8 0 4 6 8 0
P12987 2010 11 0 5 0 0 0 0 0 0 0 0 0 0 0 0 0 0 7 4 0 0 0 0 0 0 0 4 0 0 0 0 -999
P12987 2010 12 10 8 8 9 14 11 11 0 8 7 0 0 14 27 12 0 0 0 6 0 0 0 0 0 0 4 0 0 0 0 0
P12987 2011 1 3 0 0 0 6 4 0 0 0 0 0 0 0 0 6 4 0 0 0 0 11 15 34 0 9 3 0 0 0 0 5
P12987 2011 2 0 0 4 8 0 0 6 3 0 0 0 6 6 6 7 5 0 0 6 7 0 0 12 0 0 0 12 0 -999 -999 -999
P12987 2011 3 30 19 0 0 0 0 0 6 7 14 19 23 22 20 27 51 73 26 16 17 0 27 26 46 30 10 0 0 0 0 0
P12987 2011 4 19 0 0 18 14 12 13 16 23 0 23 24 25 0 0 0 0 34 29 26 0 0 7 0 0 0 2 0 0 0 -999
P12987 2011 5 0 0 10 9 10 0 0 0 0 30 0 11 0 0 0 0 0 0 0 21 28 0 0 0 18 0 0 0 21 22 19
P12987 2011 6 10 10 9 0 8 0 0 0 22 0 0 0 0 0 0 0 0 0 0 0 0 0 23 0 0 19 23 0 0 0 -999
P12987 2011 7 9 9 0 16 0 14 0 0 0 0 0 0 23 0 0 10 0 14 0 0 30 0 7 0 0 16 0 0 0 0 0
P12987 2011 8 8 0 19 0 0 0 16 0 0 0 0 0 0 0 15 16 14 13 17 0 0 0 0 13 0 0 0 0 20 21 0
P12987 2011 9 18 0 0 15 0 0 0 0 0 33 16 8 0 0 0 0 0 0 0 0 0 0 0 0 0 0 7 7 9 16 -999
P12987 2011 10 0 0 15 0 0 0 0 0 0 0 0 15 0 0 0 9 7 0 0 0 14 0 0 0 16 0 0 10 20 26 31
P12987 2011 11 13 10 11 15 25 29 56 0 0 8 7 0 0 6 0 12 22 0 0 0 0 32 42 43 22 0 0 8 0 4 -999
P12987 2011 12 5 0 0 28 0 8 0 0 0 0 0 0 10 0 4 13 17 18 24 21 29 0 0 0 10 18 0 0 6 0 0
P12987 2012 1 21 24 0 0 0 0 0 2 0 0 0 0 3 0 0 0 0 0 8 9 11 0 0 4 0 0 4 4 0 0 6
P12987 2012 2 0 0 30 0 0 3 0 0 0 0 0 0 0 3 0 0 3 0 14 14 20 0 5 0 9 0 0 9 -999 -999 -999
P12987 2012 3 20 40 35 0 25 14 8 4 2 0 0 0 0 9 0 16 23 22 20 26 25 18 0 15 0 0 0 10 0 0 7
P12987 2012 4 0 0 6 0 0 10 17 16 10 0 7 0 0 53 34 0 27 22 20 0 0 12 0 26 36 35 33 26 21 0 -999
P12987 2012 5 23 23 29 18 9 0 20 28 0 20 18 0 28 0 20 17 14 14 12 0 12 14 14 14 29 24 20 0 0 0 6
P12987 2012 6 0 9 0 6 0 0 0 21 0 0 0 0 0 26 0 16 7 0 0 0 20 16 0 0 0 13 18 0 0 0 -999
P12987 2012 7 0 0 0 0 23 0 0 0 0 0 0 27 0 14 0 0 27 0 0 0 19 18 0 0 0 22 14 0 11 0 19
P12987 2012 8 0 0 0 0 18 0 0 0 0 0 0 0 0 0 18 0 18 0 12 0 0 0 0 12 12 0 0 14 16 0 0
P12987 2012 9 8 0 16 0 0 21 24 0 0 0 0 0 0 11 0 0 0 0 12 0 0 0 0 0 19 15 14 18 0 0 -999
P12987 2012 10 0 0 0 0 0 6 0 14 0 21 0 0 6 0 12 12 0 0 0 0 0 0 0 11 12 0 16 0 0 0 16
P12987 2012 11 13 26 29 21 0 5 0 4 0 10 21 11 0 0 0 0 0 0 0 19 0 0 0 0 0 7 0 15 0 20 -999
P12987 2012 12 16 8 12 0 13 35 35 18 0 0 0 0 12 38 25 32 28 22 11 0 3 7 0 5 4 3 0 0 0 0 0
P12987 2013 1 25 10 12 19 10 0 0 6 0 0 0 0 1 0 0 0 2 0 6 3 0 0 0 0 0 0 0 0 3 5 5
P12987 2013 2 0 0 0 0 0 0 0 0 2 4 2 4 0 38 28 13 11 20 28 22 24 23 0 34 0 0 0 0 -999 -999 -999
P12987 2013 3 7 8 0 0 0 0 14 34 32 29 46 35 35 16 0 16 0 16 0 14 15 30 33 13 15 0 19 30 34 0 49
P12987 2013 4 37 28 13 13 16 14 19 9 0 0 0 0 0 23 20 25 0 0 0 11 20 18 0 0 0 19 8 0 0 0 -999
P12987 2013 5 9 11 0 0 0 6 0 28 0 28 28 0 0 0 0 33 0 19 15 0 0 0 0 12 0 0 0 0 15 0 0
P12987 2013 6 22 0 0 0 20 0 0 0 0 31 25 0 26 23 0 0 13 0 13 0 0 0 0 0 24 0 0 0 0 23 -999
P12987 2013 7 17 0 0 13 17 21 26 0 0 0 0 15 16 0 0 0 0 0 7 0 24 0 0 23 22 0 0 0 0 0 0
P12987 2013 8 0 0 0 31 30 26 22 0 19 0 0 0 0 8 0 24 14 7 0 0 0 0 0 24 0 0 0 16 0 0 24
P12987 2013 9 16 15 0 0 6 10 0 0 0 15 0 0 0 0 8 0 0 0 0 0 25 22 0 0 0 0 0 0 0 0 -999
P12987 2013 10 0 0 0 0 0 0 0 11 10 0 19 16 0 0 0 15 24 0 11 8 0 0 0 9 0 0 0 8 7 0 0
P12987 2013 11 0 0 0 0 0 0 0 0 10 11 18 0 0 7 9 0 0 56 91 66 21 27 42 46 28 0 25 22 0 8 -999
P12987 2013 12 7 17 10 0 0 0 0 0 0 0 0 0 7 0 0 0 0 0 0 0 0 6 0 0 0 0 0 14 19 22 13
P12987 2014 1 12 0 4 0 0 8 7 9 0 0 0 5 5 4 6 4 0 0 0 0 0 0 4 0 0 15 22 33 72 61 0
P12987 2014 2 18 0 0 0 8 13 13 30 16 21 0 0 7 5 0 0 0 10 15 0 8 0 0 7 0 0 0 20 -999 -999 -999