precip	MIROC5	RCP60	REGRESION	decimas	1
P11567	41.099	-6.398	182	geo	2006	2100	-1
P11567 2006 1 0 8 0 0 7 0 0 13 10 9 30 102 186 31 86 112 101 82 31 0 6 16 27 0 13 25 31 0 0 37 9
P11567 2006 2 26 72 34 33 18 13 16 0 0 0 0 21 0 0 20 17 21 14 45 26 9 7 6 5 0 0 0 13 -999 -999 -999
P11567 2006 3 0 79 111 140 111 119 108 93 61 42 0 0 30 29 0 80 127 131 108 69 72 60 56 44 46 60 66 68 71 60 42
P11567 2006 4 36 69 41 0 29 13 0 0 0 0 0 0 0 0 10 0 0 5 0 0 0 0 0 0 28 0 0 31 17 20 -999
P11567 2006 5 0 29 29 45 38 56 25 13 0 0 0 0 30 0 25 18 0 14 0 25 0 0 10 0 0 0 0 0 25 18 0
P11567 2006 6 0 0 0 0 0 0 14 0 0 0 10 0 0 0 0 0 0 0 13 0 0 0 0 0 17 17 0 0 17 0 -999
P11567 2006 7 0 16 0 0 13 0 0 0 0 0 0 0 0 0 0 0 0 0 17 0 0 0 0 0 0 0 0 0 0 0 0
P11567 2006 8 0 0 0 0 0 0 0 0 0 0 13 0 0 0 0 0 0 0 0 0 16 10 0 18 20 15 0 0 0 27 0
P11567 2006 9 0 0 0 0 0 0 0 0 0 0 0 0 17 0 15 0 22 19 10 0 0 0 0 0 6 0 0 0 21 10 -999
P11567 2006 10 3 0 0 0 18 18 0 9 15 0 0 0 21 23 0 16 15 0 16 0 28 18 0 14 33 35 0 41 24 25 0
P11567 2006 11 30 11 0 12 0 0 43 26 0 0 0 0 0 0 0 0 0 0 3 15 0 16 20 0 0 7 0 0 0 0 -999
P11567 2006 12 0 0 0 0 0 3 11 51 62 0 0 20 22 30 82 86 11 0 0 0 18 55 105 56 73 61 44 45 69 43 24
P11567 2007 1 24 0 24 0 0 0 0 0 0 0 0 0 0 0 0 0 0 0 0 0 0 0 0 0 7 0 0 16 16 14 12
P11567 2007 2 6 15 23 17 6 6 0 0 140 80 31 19 0 13 12 0 0 29 0 19 0 16 27 29 46 47 51 29 -999 -999 -999
P11567 2007 3 0 26 24 44 57 0 14 0 9 8 19 0 34 87 34 0 39 0 18 45 32 17 0 0 0 0 0 0 0 1 1
P11567 2007 4 0 0 0 13 6 23 2 0 0 0 14 0 53 0 0 22 0 53 64 44 21 0 33 0 12 12 0 0 0 0 -999
P11567 2007 5 0 0 0 26 59 17 0 0 22 26 0 0 0 24 24 24 16 0 29 11 6 0 0 0 8 0 0 0 0 9 0
P11567 2007 6 0 10 0 0 15 0 0 0 0 0 0 0 0 0 0 0 8 0 0 0 0 12 0 0 0 0 18 0 0 17 -999
P11567 2007 7 17 0 0 0 0 0 0 0 0 0 0 39 0 0 0 29 25 0 0 0 0 0 0 0 0 0 19 0 0 0 0
P11567 2007 8 0 9 0 0 0 0 0 0 0 0 0 0 0 0 0 0 0 0 0 28 25 0 0 0 0 18 20 0 13 0 0
P11567 2007 9 0 0 0 0 0 0 0 0 0 0 14 0 14 0 28 0 0 0 0 0 0 0 10 21 0 0 0 16 0 0 -999
P11567 2007 10 0 0 0 0 0 0 0 0 0 0 0 27 46 56 29 29 0 76 23 0 0 54 80 61 0 0 54 0 0 14 0
P11567 2007 11 0 7 15 0 0 14 7 0 26 0 71 50 34 52 0 0 0 0 0 0 0 0 0 8 0 0 0 3 0 6 -999
P11567 2007 12 0 0 0 0 0 0 0 0 0 0 6 0 0 0 0 17 0 0 9 0 0 4 0 18 29 17 0 0 0 0 0
P11567 2008 1 0 18 28 36 0 1 1 1 0 0 0 0 6 13 0 11 0 0 27 33 83 78 0 0 0 100 83 47 0 68 101
P11567 2008 2 134 75 113 71 55 86 52 77 37 38 56 16 18 18 60 0 0 64 35 0 0 7 0 0 0 16 0 14 -999 -999 -999
P11567 2008 3 0 0 0 0 5 0 0 0 0 0 0 20 21 0 4 0 3 3 0 7 0 17 0 0 0 15 0 0 0 0 0
P11567 2008 4 0 0 0 0 0 6 0 0 0 0 0 9 15 0 42 39 24 15 0 10 10 0 0 0 0 0 0 6 12 16 -999
P11567 2008 5 0 0 0 5 0 0 0 5 0 29 56 31 26 36 20 0 0 0 22 0 24 33 48 16 10 11 0 9 11 15 0
P11567 2008 6 0 0 0 9 0 20 13 16 0 22 0 0 19 43 14 0 0 0 0 0 0 0 0 0 0 0 0 0 0 0 -999
P11567 2008 7 0 0 0 0 0 0 28 0 26 0 0 0 0 0 0 0 23 18 0 0 0 9 0 22 0 0 0 0 0 0 0
P11567 2008 8 24 0 0 0 0 0 0 0 0 25 0 0 0 14 0 13 0 0 0 0 0 0 0 0 0 14 0 0 0 0 0
P11567 2008 9 0 16 8 0 0 0 0 13 13 0 0 0 19 41 22 0 15 0 0 0 0 0 27 0 0 0 0 0 52 0 -999
P11567 2008 10 48 0 0 18 0 0 0 0 0 13 46 50 44 0 0 0 3 0 19 0 0 25 30 25 25 0 49 30 0 9 26
P11567 2008 11 16 6 27 6 2 0 0 0 5 8 21 0 0 0 0 12 35 63 27 18 0 0 0 0 0 0 0 0 0 2 -999
P11567 2008 12 0 0 0 0 0 0 1 0 7 24 18 4 13 0 0 2 6 0 0 6 0 0 0 22 54 42 31 18 0 0 0
P11567 2009 1 0 0 0 0 5 7 0 0 5 0 0 6 5 8 6 0 0 0 0 0 2 3 0 0 0 0 0 0 0 0 0
P11567 2009 2 0 0 6 0 0 2 1 0 0 3 2 1 3 0 0 0 0 0 0 6 0 1 0 0 0 0 0 22 -999 -999 -999
P11567 2009 3 36 37 0 15 12 0 19 48 15 0 0 0 0 0 17 38 98 98 73 46 0 0 46 37 37 56 47 72 80 59 0
P11567 2009 4 0 0 6 12 21 24 0 0 0 0 10 15 16 0 10 4 0 9 15 17 0 0 0 0 5 6 0 24 33 0 -999
P11567 2009 5 26 28 21 24 0 23 17 15 21 11 0 6 4 0 0 3 0 8 0 0 0 0 0 0 0 0 0 10 12 11 11
P11567 2009 6 0 0 0 16 0 19 17 10 0 11 0 0 0 0 0 14 10 0 0 0 0 0 14 0 0 14 0 0 0 0 -999
P11567 2009 7 0 0 0 0 16 0 0 9 0 0 0 24 0 12 0 0 0 0 0 0 0 0 0 0 0 0 0 0 0 0 0
P11567 2009 8 0 0 0 0 0 0 17 0 0 0 0 0 0 0 0 0 0 8 0 0 0 0 0 0 0 0 0 0 0 22 0
P11567 2009 9 28 28 6 0 0 5 0 20 32 0 27 16 0 0 0 0 11 0 0 0 0 25 0 18 0 0 0 7 0 0 -999
P11567 2009 10 0 0 0 0 4 5 0 0 0 0 14 14 14 14 0 17 21 16 10 0 13 0 32 59 0 0 0 0 11 0 11
P11567 2009 11 0 0 0 0 5 0 0 0 0 0 0 13 14 0 25 0 11 8 21 42 0 0 51 0 0 4 13 25 23 33 -999
P11567 2009 12 30 57 67 0 111 68 52 35 23 56 23 18 29 20 0 13 35 60 43 15 0 29 43 42 59 60 51 41 28 28 27
P11567 2010 1 25 22 46 75 35 0 0 0 13 0 4 0 14 5 13 15 21 15 21 28 0 0 0 0 0 4 0 0 0 0 0
P11567 2010 2 0 0 0 0 10 13 0 1 2 0 0 0 0 0 0 0 1 0 0 4 0 6 5 6 2 6 0 0 -999 -999 -999
P11567 2010 3 5 0 0 8 0 0 0 5 29 35 18 0 6 3 0 4 0 24 48 10 0 2 0 0 0 0 0 0 4 0 0
P11567 2010 4 18 0 0 0 0 0 25 41 40 31 18 0 11 23 41 16 0 0 5 19 12 11 0 24 0 3 0 0 23 14 -999
P11567 2010 5 9 7 17 20 0 10 0 0 0 0 0 0 0 8 14 20 16 30 0 0 4 10 0 0 16 0 31 17 16 11 4
P11567 2010 6 0 0 0 13 10 0 0 0 0 0 0 0 19 0 24 29 13 0 0 3 0 0 0 0 0 0 12 12 16 0 -999
P11567 2010 7 0 25 0 0 0 0 0 0 0 0 0 0 0 0 13 0 10 0 0 0 0 0 0 0 0 0 0 0 0 0 0
P11567 2010 8 0 0 0 0 0 0 0 0 0 0 0 0 0 0 0 0 0 0 0 0 0 0 0 0 0 8 9 0 4 0 0
P11567 2010 9 0 12 0 0 0 0 0 28 0 0 0 0 15 9 16 0 0 0 18 0 0 0 17 0 0 0 0 0 0 0 -999
P11567 2010 10 0 0 0 0 0 0 0 0 24 44 72 51 77 44 30 15 11 24 31 10 0 17 0 0 19 0 0 0 31 0 14
P11567 2010 11 0 0 18 0 0 0 0 0 0 0 0 0 0 0 0 6 21 17 0 0 0 0 0 4 5 0 0 0 0 0 -999
P11567 2010 12 1 1 0 0 7 10 12 0 0 0 0 20 0 21 0 5 22 17 10 0 0 0 0 0 0 0 0 9 3 0 0
P11567 2011 1 0 0 10 21 28 0 0 0 0 4 0 6 0 0 21 0 1 0 0 0 0 27 41 0 33 0 19 4 0 0 11
P11567 2011 2 18 0 15 51 60 61 48 0 0 0 0 0 20 16 27 0 0 0 0 12 15 37 19 0 0 0 10 22 -999 -999 -999
P11567 2011 3 23 16 0 0 0 8 0 0 0 0 17 24 16 17 34 64 0 27 17 27 25 41 87 173 46 20 35 80 0 0 0
P11567 2011 4 15 0 0 13 0 0 0 0 20 16 0 0 0 0 0 0 23 0 0 0 21 0 0 0 0 0 0 0 0 0 -999
P11567 2011 5 0 0 9 0 3 4 0 0 0 35 0 0 0 0 21 0 0 0 0 37 34 14 0 0 0 0 0 0 0 0 0
P11567 2011 6 13 0 12 0 6 0 0 0 0 0 0 0 0 0 0 10 0 0 0 0 0 0 0 0 0 19 0 14 0 9 -999
P11567 2011 7 0 9 0 0 11 0 0 0 0 0 0 0 0 0 14 0 0 0 0 21 30 0 0 0 0 0 0 0 0 0 0
P11567 2011 8 3 0 0 0 0 0 0 0 0 0 0 0 0 0 0 11 0 0 0 0 0 0 0 0 0 0 0 0 0 0 0
P11567 2011 9 0 0 0 0 8 0 0 0 29 32 0 0 0 0 0 0 0 0 0 0 0 0 0 0 0 11 0 9 0 0 -999
P11567 2011 10 0 0 0 0 0 0 0 0 0 0 12 0 0 27 0 18 14 0 0 0 14 0 0 15 10 0 0 0 0 0 0
P11567 2011 11 0 0 0 36 65 69 24 0 0 0 0 2 6 0 0 11 38 15 0 5 0 37 25 0 5 7 9 0 0 0 -999
P11567 2011 12 0 27 27 2 4 0 0 0 0 0 0 24 13 4 0 77 0 72 82 69 65 38 0 23 41 35 52 50 60 42 92
P11567 2012 1 57 12 0 0 0 5 0 6 0 0 0 0 0 0 0 0 0 1 0 1 0 0 0 0 0 2 4 0 24 16 0
P11567 2012 2 0 0 0 8 0 0 4 0 0 0 0 0 0 0 0 0 0 14 38 21 6 0 0 0 6 0 0 0 -999 -999 -999
P11567 2012 3 37 34 0 5 7 10 8 0 0 0 0 0 0 11 12 0 0 0 22 42 48 20 22 37 20 0 0 0 26 12 0
P11567 2012 4 0 9 0 0 0 27 27 24 6 2 0 7 15 57 47 26 0 7 0 6 0 5 0 39 36 0 24 34 34 31 -999
P11567 2012 5 17 0 14 0 0 0 0 9 0 0 16 19 24 40 34 25 22 18 0 0 11 0 0 0 25 21 13 6 0 0 0
P11567 2012 6 0 0 0 0 0 8 0 16 0 0 0 0 13 0 22 9 0 0 14 0 13 0 0 0 0 0 0 17 0 0 -999
P11567 2012 7 0 0 0 0 0 0 0 0 0 0 0 0 0 0 0 14 0 0 6 0 0 0 0 0 0 23 0 0 0 0 0
P11567 2012 8 9 0 0 0 0 0 12 0 0 0 0 0 0 0 0 0 12 0 0 0 0 0 0 0 0 0 12 0 0 0 0
P11567 2012 9 0 0 0 0 0 0 8 0 0 0 0 0 0 0 0 0 0 0 9 0 0 12 0 0 0 0 0 11 0 8 -999
P11567 2012 10 0 0 0 0 0 0 0 0 0 0 67 25 0 17 38 44 40 0 0 0 0 28 0 8 12 20 43 28 36 80 34
P11567 2012 11 74 67 42 0 26 38 10 0 20 63 39 3 5 7 0 0 0 52 70 57 29 9 0 0 9 0 19 31 43 14 -999
P11567 2012 12 0 5 0 11 0 62 75 74 18 33 24 0 0 53 50 52 32 14 11 0 31 32 16 42 25 19 11 0 0 16 43
P11567 2013 1 14 10 0 54 31 10 38 22 0 19 0 0 0 0 0 0 0 3 0 0 0 0 1 0 0 0 0 0 31 38 0
P11567 2013 2 0 0 0 4 0 9 11 17 24 0 0 5 0 90 30 9 16 68 95 77 64 77 64 81 0 0 0 0 -999 -999 -999
P11567 2013 3 0 0 17 19 12 6 12 25 22 55 116 106 76 35 42 49 39 40 49 32 0 48 50 35 0 0 18 0 39 50 53
P11567 2013 4 28 9 9 20 0 32 0 0 4 5 0 0 0 0 0 27 0 0 16 0 47 26 18 39 41 7 4 0 0 11 -999
P11567 2013 5 0 0 0 0 0 0 0 0 26 39 37 18 0 0 0 0 27 29 0 12 10 0 0 0 0 0 0 0 0 0 0
P11567 2013 6 0 0 31 26 0 0 22 40 42 51 47 40 25 14 12 0 0 16 0 0 0 0 0 0 0 0 39 44 44 0 -999
P11567 2013 7 12 0 0 0 0 0 22 0 0 0 0 0 0 0 0 0 0 0 0 0 0 0 0 0 14 0 0 0 0 0 0
P11567 2013 8 0 0 0 0 0 18 19 28 26 0 18 14 0 0 0 0 0 0 0 0 0 14 0 0 0 0 0 20 0 30 49
P11567 2013 9 42 19 7 7 0 0 0 0 0 21 0 0 0 0 9 9 0 0 0 0 0 15 0 0 0 0 0 7 0 0 -999
P11567 2013 10 0 0 0 0 0 0 0 0 21 0 0 0 0 7 0 15 18 0 9 6 0 0 0 0 0 0 0 5 0 0 0
P11567 2013 11 0 0 0 2 0 0 0 0 0 8 0 0 3 0 7 0 22 118 153 56 74 138 122 50 31 137 33 21 13 23 -999
P11567 2013 12 28 72 51 38 0 0 0 14 10 7 0 0 8 0 21 13 10 0 0 6 0 32 30 48 37 53 0 14 48 38 17
P11567 2014 1 25 12 7 0 38 34 21 41 0 6 33 0 47 45 36 0 1 0 0 0 0 0 2 0 0 0 51 60 65 60 29
P11567 2014 2 31 49 34 63 50 78 64 59 44 51 0 29 41 10 0 17 0 0 18 0 0 0 14 0 0 0 7 17 -999 -999 -999