precip	MIROC5	RCP60	REGRESION	decimas	1
P10955	40.667	0.532	182	geo	2006	2100	-1
P10955 2006 1 0 0 0 0 0 0 0 14 0 0 5 0 51 35 0 0 0 0 24 3 0 0 0 0 4 0 0 0 0 0 0
P10955 2006 2 0 0 0 0 0 0 0 0 0 0 0 0 22 0 24 37 0 0 0 0 0 0 0 0 0 2 0 0 -999 -999 -999
P10955 2006 3 0 13 0 19 0 34 0 66 0 0 77 77 0 23 26 0 0 0 0 0 0 0 9 0 0 11 0 0 0 5 41
P10955 2006 4 0 4 0 0 13 6 11 63 45 3 0 0 0 0 12 13 18 0 0 23 0 3 0 0 26 0 89 98 80 46 -999
P10955 2006 5 0 0 0 0 11 26 0 0 0 0 0 0 0 0 0 11 23 0 0 0 0 0 0 0 0 0 0 0 0 17 0
P10955 2006 6 0 0 0 0 0 26 0 0 0 0 36 47 0 17 24 0 0 0 29 0 17 19 0 29 0 62 0 33 0 44 -999
P10955 2006 7 51 0 0 0 0 41 43 0 0 0 0 0 0 0 0 0 0 14 0 0 0 0 0 0 0 0 0 0 0 0 24
P10955 2006 8 31 0 0 0 0 0 0 30 0 0 0 0 0 0 23 0 0 0 0 0 0 0 0 20 0 14 0 0 0 27 0
P10955 2006 9 21 0 0 0 0 22 9 12 0 0 0 2 0 0 0 24 0 0 0 0 0 19 0 0 29 0 0 0 0 0 -999
P10955 2006 10 0 0 14 0 0 0 0 20 0 0 0 0 36 0 0 57 0 0 0 0 14 13 0 0 0 0 3 0 0 0 0
P10955 2006 11 0 0 0 0 0 0 0 0 0 0 0 0 0 0 0 0 0 2 0 0 17 18 0 72 0 0 0 9 0 0 -999
P10955 2006 12 0 9 0 0 0 0 0 0 43 43 48 0 64 0 22 0 0 0 0 0 0 0 0 40 0 0 11 0 0 0 0
P10955 2007 1 0 0 0 0 4 0 0 0 0 12 0 0 0 0 0 0 0 0 0 0 44 20 0 0 0 39 23 16 0 0 0
P10955 2007 2 0 0 0 7 5 0 12 66 0 45 43 0 27 0 0 0 11 20 0 37 61 0 54 0 86 25 0 0 -999 -999 -999
P10955 2007 3 0 0 21 29 41 0 23 0 22 0 0 0 62 0 14 0 0 0 6 19 0 0 0 0 14 14 0 9 0 0 0
P10955 2007 4 0 0 0 0 13 0 0 0 0 0 0 0 0 19 0 0 0 0 0 0 0 0 28 0 0 0 0 18 0 0 -999
P10955 2007 5 0 0 0 30 0 0 0 0 25 0 0 0 67 34 13 0 0 0 0 37 0 0 0 17 0 0 0 0 0 0 0
P10955 2007 6 65 0 34 0 0 48 79 0 0 7 0 0 0 53 0 58 0 0 20 0 30 0 42 0 19 0 0 0 0 38 -999
P10955 2007 7 29 28 0 0 24 0 24 0 0 34 36 0 0 0 0 24 49 0 46 0 0 31 0 0 30 0 0 0 0 0 0
P10955 2007 8 0 0 16 0 0 22 0 0 0 0 0 0 0 19 0 0 0 0 0 0 0 0 0 0 42 40 22 0 0 31 0
P10955 2007 9 0 0 0 11 0 6 0 0 16 0 0 0 0 26 0 0 9 8 0 0 15 0 0 0 0 18 0 0 0 0 -999
P10955 2007 10 0 0 0 0 0 0 0 0 0 45 69 0 0 0 0 0 20 0 0 0 22 40 13 0 0 0 0 8 0 0 0
P10955 2007 11 0 0 0 0 0 0 0 0 0 0 0 25 7 0 0 0 0 0 0 0 0 0 6 0 0 0 0 0 42 41 -999
P10955 2007 12 36 12 14 0 66 80 55 16 0 0 0 0 3 0 0 0 0 46 29 0 0 0 0 0 0 3 1 0 0 0 0
P10955 2008 1 0 0 0 0 8 0 0 0 60 58 0 42 0 0 0 0 18 0 0 0 0 0 0 0 0 0 0 0 0 0 12
P10955 2008 2 0 0 0 16 0 0 0 0 8 38 21 0 1 0 0 0 6 0 58 0 0 0 0 77 81 57 61 95 -999 -999 -999
P10955 2008 3 173 56 0 0 10 0 0 0 0 0 0 0 0 0 0 13 0 0 0 0 0 0 0 0 0 0 0 0 0 0 0
P10955 2008 4 0 0 0 0 72 0 0 0 0 0 0 0 33 46 54 45 0 0 0 16 0 0 0 5 0 0 0 0 0 0 -999
P10955 2008 5 39 25 0 12 20 61 45 16 0 17 41 0 12 29 0 0 0 0 21 0 49 28 0 0 0 0 0 0 0 16 0
P10955 2008 6 0 0 0 20 24 0 24 0 0 0 31 0 0 25 0 11 0 0 0 23 0 0 0 0 0 0 49 0 0 0 -999
P10955 2008 7 0 0 0 31 0 0 0 0 0 0 0 0 0 59 30 22 0 0 14 0 0 25 0 0 0 0 0 0 0 35 46
P10955 2008 8 0 0 22 0 27 0 0 25 0 0 13 0 0 0 5 0 0 0 11 0 0 0 0 0 0 0 0 4 6 0 0
P10955 2008 9 0 0 12 0 37 0 0 0 24 0 0 0 0 0 0 9 0 19 0 0 17 14 20 0 0 0 0 14 0 15 -999
P10955 2008 10 0 0 0 0 0 0 16 0 0 4 0 23 20 0 22 30 0 23 23 30 33 20 0 23 18 0 0 5 28 24 0
P10955 2008 11 16 18 0 38 0 0 0 0 17 15 0 27 11 0 0 0 0 0 0 0 0 0 0 1 3 0 0 0 0 0 -999
P10955 2008 12 0 0 0 0 8 0 0 0 0 0 18 0 0 0 0 0 0 0 0 0 0 0 0 0 0 0 0 0 0 0 0
P10955 2009 1 0 5 0 0 0 3 0 0 7 0 0 0 32 0 0 0 0 0 0 0 1 0 0 0 0 18 0 0 0 0 5
P10955 2009 2 3 0 0 13 28 0 0 0 0 1 0 0 0 0 0 4 0 0 0 0 0 0 0 18 0 18 0 0 -999 -999 -999
P10955 2009 3 0 66 0 0 4 0 0 0 43 55 0 20 0 0 41 15 0 0 0 0 0 5 0 0 0 40 0 42 0 0 0
P10955 2009 4 11 73 93 0 29 53 36 6 0 0 0 0 49 21 0 0 0 0 12 0 65 71 25 19 0 0 0 0 0 0 -999
P10955 2009 5 0 24 0 0 36 53 0 0 13 31 36 0 0 0 0 0 0 24 41 0 0 79 0 48 36 0 0 0 23 0 23
P10955 2009 6 0 0 0 0 40 0 0 0 0 0 18 0 0 0 0 53 0 0 0 0 0 0 38 0 22 0 0 0 0 0 -999
P10955 2009 7 0 0 0 0 0 44 0 0 0 0 0 0 0 0 16 0 0 0 0 0 38 26 0 0 51 0 0 0 12 0 41
P10955 2009 8 0 0 0 0 0 0 0 0 23 0 34 0 20 0 0 0 11 0 0 16 0 0 0 46 20 0 0 0 0 47 32
P10955 2009 9 51 0 0 0 0 9 11 0 28 28 49 0 27 0 35 34 0 0 33 0 0 63 0 0 8 0 0 0 0 0 -999
P10955 2009 10 0 26 0 33 18 0 0 0 0 0 0 0 0 0 0 0 35 50 39 0 0 0 0 0 0 9 0 0 8 9 0
P10955 2009 11 0 3 0 0 0 0 0 0 0 0 3 0 0 0 0 11 10 0 0 5 0 0 0 0 0 40 0 0 0 0 -999
P10955 2009 12 0 0 0 0 0 0 44 17 12 0 13 0 0 0 0 0 0 0 29 0 23 0 0 0 0 0 0 15 0 0 0
P10955 2010 1 0 0 0 40 16 0 0 0 0 18 0 0 0 19 0 10 0 0 0 7 0 0 0 0 0 11 12 0 0 0 26
P10955 2010 2 0 6 0 0 0 22 0 0 0 0 11 0 0 0 0 0 5 0 0 0 0 0 0 0 7 0 0 0 -999 -999 -999
P10955 2010 3 0 0 0 0 0 17 47 50 51 34 0 20 6 0 0 0 0 0 26 0 111 17 0 0 0 0 11 0 0 0 0
P10955 2010 4 0 0 0 0 0 0 33 59 33 0 47 58 54 55 0 0 0 22 0 0 39 0 0 0 29 29 0 0 30 38 -999
P10955 2010 5 0 0 0 0 48 0 21 17 0 0 41 67 0 0 34 42 0 0 9 0 0 0 28 18 0 0 37 0 0 16 24
P10955 2010 6 38 0 30 23 0 0 0 0 0 0 0 0 115 0 0 0 0 0 0 0 0 0 0 0 0 0 41 0 0 41 -999
P10955 2010 7 0 22 0 0 32 27 0 0 0 38 0 0 0 12 0 23 0 0 9 0 0 0 0 0 0 0 0 0 29 0 31
P10955 2010 8 0 0 0 0 27 0 25 0 0 45 44 0 0 24 0 43 0 0 0 0 0 0 0 0 42 17 0 0 0 5 0
P10955 2010 9 13 0 0 0 0 0 0 0 0 72 0 21 0 28 0 0 0 0 0 20 0 25 33 0 29 0 0 7 0 6 -999
P10955 2010 10 0 0 0 0 0 0 0 0 0 0 0 4 12 0 0 0 0 0 0 9 28 28 30 0 0 8 0 0 0 0 0
P10955 2010 11 0 2 0 0 0 3 0 0 0 9 0 0 0 0 0 0 0 0 0 0 0 0 0 0 0 9 4 0 0 0 -999
P10955 2010 12 0 0 11 0 0 8 0 0 0 0 0 0 0 43 15 0 0 0 0 0 0 0 0 3 0 0 0 0 0 0 0
P10955 2011 1 0 0 0 8 0 0 0 0 0 0 10 0 12 0 8 8 0 0 2 0 0 0 18 0 0 0 0 0 0 0 5
P10955 2011 2 0 0 0 0 4 8 0 0 0 0 0 0 0 0 0 0 0 0 0 0 0 0 0 0 0 6 18 49 -999 -999 -999
P10955 2011 3 52 25 0 51 46 0 0 0 0 0 24 0 30 24 33 57 64 9 6 9 12 28 20 21 0 6 0 0 25 0 0
P10955 2011 4 0 52 48 42 23 16 0 0 0 0 0 0 0 0 0 13 56 62 44 0 41 0 0 0 0 5 0 3 0 23 -999
P10955 2011 5 0 13 0 0 16 0 0 20 0 53 0 0 26 26 0 0 0 0 0 0 39 0 0 9 0 0 0 0 37 0 23
P10955 2011 6 11 0 0 0 0 0 0 0 0 74 0 0 0 50 0 28 0 0 0 0 0 49 0 46 0 27 0 0 0 0 -999
P10955 2011 7 0 0 0 0 0 19 15 11 0 0 0 0 0 0 31 0 0 0 0 19 54 0 4 10 0 23 0 10 32 37 18
P10955 2011 8 12 0 0 11 0 0 0 0 0 0 0 0 0 0 0 0 18 0 0 0 0 23 32 0 20 0 0 0 27 0 46
P10955 2011 9 0 10 7 0 0 21 0 0 35 42 15 12 0 0 0 0 0 10 0 0 0 0 21 0 0 0 0 0 0 0 -999
P10955 2011 10 0 27 27 0 0 0 16 18 30 32 0 26 0 15 0 0 9 0 0 0 0 31 0 0 0 0 0 0 31 30 69
P10955 2011 11 0 8 0 2 0 0 111 89 27 0 0 33 0 0 0 23 0 29 0 0 0 0 43 62 0 0 0 0 0 0 -999
P10955 2011 12 0 0 18 104 27 12 0 6 0 0 0 0 4 0 0 0 0 0 10 0 0 0 0 0 9 0 0 0 0 0 0
P10955 2012 1 3 15 0 0 0 0 0 0 0 0 19 0 0 0 0 0 0 7 0 18 32 0 0 0 0 0 0 0 0 0 3
P10955 2012 2 0 0 46 27 0 0 0 0 0 0 0 0 0 0 0 0 0 6 0 0 0 0 7 0 0 25 0 0 -999 -999 -999
P10955 2012 3 9 23 47 98 44 0 0 0 0 0 0 0 0 0 0 18 0 0 0 0 46 0 21 0 0 0 0 0 0 0 0
P10955 2012 4 0 0 25 0 0 0 0 6 0 0 0 0 57 63 25 0 0 17 0 16 0 0 20 0 0 44 54 37 0 0 -999
P10955 2012 5 26 38 59 0 0 14 0 77 0 0 0 0 0 0 17 0 12 12 11 0 0 0 21 22 44 0 16 0 0 0 0
P10955 2012 6 0 0 10 0 0 0 0 0 0 0 35 34 32 0 0 14 8 14 0 0 0 25 0 0 0 0 0 25 0 27 -999
P10955 2012 7 0 0 0 0 0 0 0 0 0 0 0 0 0 15 0 0 52 110 0 0 0 0 28 46 38 37 0 0 0 0 42
P10955 2012 8 0 0 0 0 0 0 0 20 0 0 0 0 0 0 0 0 0 0 0 21 0 0 0 0 0 0 0 12 0 0 0
P10955 2012 9 0 0 0 0 0 0 0 20 0 0 0 0 0 0 0 0 20 23 23 25 0 0 0 0 22 0 0 22 0 0 -999
P10955 2012 10 0 0 0 0 0 0 0 0 0 25 0 0 0 0 0 0 0 0 0 0 22 0 0 0 0 0 0 9 0 0 0
P10955 2012 11 0 0 24 0 0 0 0 0 0 0 5 17 6 0 0 4 0 0 22 20 0 0 3 0 0 0 0 0 26 31 -999
P10955 2012 12 0 15 0 0 0 82 99 0 0 0 12 0 19 37 0 21 0 25 0 0 1 0 0 2 0 0 0 0 0 0 33
P10955 2013 1 0 0 0 16 0 0 0 0 0 0 0 0 0 0 0 0 0 0 0 0 0 0 0 0 0 0 0 0 0 0 0
P10955 2013 2 0 0 0 0 3 0 0 0 0 2 0 0 0 0 0 0 8 0 0 0 0 0 0 11 0 10 0 0 -999 -999 -999
P10955 2013 3 0 0 0 0 0 0 14 0 55 0 38 0 27 0 0 0 0 0 0 10 15 44 47 0 0 0 25 52 81 66 58
P10955 2013 4 115 86 0 0 16 0 0 0 0 0 0 0 21 0 0 39 30 0 0 0 0 0 0 19 66 0 0 0 0 0 -999
P10955 2013 5 0 23 0 0 0 0 0 44 32 25 18 20 0 0 38 51 37 0 14 0 11 0 0 20 17 8 0 0 0 0 41
P10955 2013 6 40 42 0 0 0 0 0 40 67 37 0 0 0 0 10 0 0 0 0 0 0 0 0 0 0 67 0 28 30 32 -999
P10955 2013 7 0 0 0 18 0 0 0 0 0 0 0 0 32 32 25 0 0 0 0 0 0 0 0 37 0 38 42 0 0 0 0
P10955 2013 8 31 0 0 45 0 64 30 33 0 19 18 0 0 0 0 0 0 0 0 0 8 17 0 0 31 0 0 0 0 24 35
P10955 2013 9 11 22 40 0 0 9 0 0 19 0 0 0 0 0 0 0 0 0 0 0 45 43 0 18 0 0 3 0 5 0 -999
P10955 2013 10 0 0 19 0 0 0 0 0 0 0 0 0 0 35 0 15 0 26 0 0 0 2 0 14 0 0 0 9 0 0 0
P10955 2013 11 0 0 0 0 0 0 0 7 0 0 21 0 0 0 0 0 0 66 84 68 0 0 0 0 31 0 15 23 0 0 -999
P10955 2013 12 0 0 0 0 4 0 25 0 20 0 0 0 0 0 0 0 0 0 0 0 0 0 0 0 13 12 19 0 0 35 21
P10955 2014 1 20 7 0 0 0 0 6 0 15 0 0 0 0 0 0 0 0 0 0 0 0 0 0 0 0 0 0 45 144 53 31
P10955 2014 2 0 17 0 0 2 0 0 0 0 4 0 0 0 0 0 0 0 0 0 3 0 0 0 0 0 0 14 43 -999 -999 -999