precip	MIROC5	RCP60	REGRESION	decimas	1
P1368	37.394	-7.131	182	geo	2006	2100	-1
P1368 2006 1 0 0 0 14 0 0 35 0 35 9 0 186 130 17 97 92 78 63 55 0 7 20 8 0 0 0 19 30 0 53 0
P1368 2006 2 0 147 0 0 0 0 0 0 0 0 0 26 58 67 0 0 0 0 19 18 4 6 7 0 0 0 0 0 -999 -999 -999
P1368 2006 3 50 56 113 100 77 93 84 97 39 135 157 0 0 0 0 108 220 161 61 39 49 48 43 0 42 0 27 0 64 0 41
P1368 2006 4 13 0 0 30 27 0 0 38 0 0 0 0 0 9 0 0 0 0 0 0 0 0 0 0 31 0 0 23 25 0 -999
P1368 2006 5 0 20 0 33 32 47 24 0 0 0 0 0 0 0 0 0 0 5 13 10 0 0 0 0 0 0 0 0 0 0 0
P1368 2006 6 0 0 0 0 8 0 8 0 0 0 0 12 10 0 0 0 0 0 0 0 0 0 0 0 0 0 0 0 0 20 -999
P1368 2006 7 0 0 5 0 0 0 0 0 0 0 0 0 0 0 0 0 0 0 0 0 0 0 0 0 0 0 0 0 0 0 0
P1368 2006 8 0 0 0 0 0 0 0 0 0 0 0 0 0 0 0 0 0 0 19 0 0 0 0 0 0 0 0 0 0 0 9
P1368 2006 9 0 0 0 33 0 0 0 0 0 0 0 0 0 0 0 0 0 0 0 0 0 0 0 0 0 0 0 4 0 0 -999
P1368 2006 10 0 0 0 23 0 0 0 0 0 0 0 0 38 0 28 0 9 10 0 0 0 7 0 0 20 10 0 0 0 0 0
P1368 2006 11 0 21 0 0 0 0 68 0 0 0 0 0 0 0 10 0 0 0 0 14 12 0 23 22 0 4 8 0 0 0 -999
P1368 2006 12 0 0 0 0 0 0 35 205 234 121 81 0 0 42 128 131 0 0 0 0 28 65 122 44 50 52 51 60 64 0 0
P1368 2007 1 32 0 0 0 0 0 0 0 0 0 0 0 0 0 0 0 0 0 0 0 0 0 0 6 0 0 5 4 0 0 15
P1368 2007 2 11 10 6 2 4 0 57 170 176 73 21 16 0 0 0 18 0 60 44 64 75 0 0 39 73 61 57 30 -999 -999 -999
P1368 2007 3 0 51 0 142 78 0 0 0 0 0 26 49 35 55 22 0 0 15 26 0 0 0 0 0 8 0 0 0 0 0 0
P1368 2007 4 0 0 0 13 0 5 0 2 0 0 30 0 46 8 0 0 0 56 57 0 30 0 0 0 0 0 0 0 0 0 -999
P1368 2007 5 0 0 0 0 0 13 10 0 24 0 0 0 0 20 0 15 0 37 26 0 0 0 0 0 0 0 0 0 0 0 0
P1368 2007 6 0 10 0 0 0 0 0 0 0 0 0 0 0 0 0 0 0 0 0 0 10 0 0 10 0 0 8 0 0 13 -999
P1368 2007 7 14 15 0 18 12 0 0 0 0 15 28 0 0 0 0 0 0 0 0 0 9 0 0 0 0 0 0 0 0 0 0
P1368 2007 8 0 0 0 0 0 0 0 0 0 0 0 0 0 0 0 0 0 0 0 0 0 0 0 0 0 24 0 0 0 0 0
P1368 2007 9 0 0 0 0 0 0 0 0 0 0 0 0 0 17 0 0 0 0 0 0 0 0 0 0 0 15 0 0 0 0 -999
P1368 2007 10 0 0 0 0 0 0 0 0 0 9 0 19 47 40 17 38 70 70 0 0 0 45 47 28 0 16 19 8 0 0 0
P1368 2007 11 0 0 1 0 0 0 0 0 0 38 62 42 0 0 0 0 0 0 3 0 0 0 0 2 0 10 52 19 8 0 -999
P1368 2007 12 0 0 0 0 13 0 0 24 13 0 0 0 0 0 0 0 99 57 16 0 26 30 24 32 0 0 0 0 0 0 0
P1368 2008 1 0 0 0 23 7 3 0 0 0 0 15 0 0 77 41 64 0 0 0 20 66 65 28 29 70 181 194 57 74 84 130
P1368 2008 2 197 52 117 42 34 49 69 84 26 58 76 10 21 20 0 40 72 87 74 84 7 0 0 0 0 0 42 43 -999 -999 -999
P1368 2008 3 0 0 0 0 0 0 0 0 0 0 0 0 0 0 0 0 0 0 0 0 16 15 0 0 13 0 0 0 0 0 0
P1368 2008 4 0 0 18 0 0 0 0 0 0 0 0 0 0 35 81 0 19 0 0 0 13 0 0 0 0 0 0 0 0 0 -999
P1368 2008 5 0 9 0 0 14 0 3 0 13 0 48 25 0 33 0 21 0 0 0 0 16 49 50 0 0 0 0 0 0 0 0
P1368 2008 6 0 0 0 0 0 0 0 0 0 0 16 12 0 32 0 0 0 13 0 0 0 0 0 0 0 0 0 0 0 0 -999
P1368 2008 7 0 0 0 0 0 0 12 0 0 0 0 8 0 0 0 0 0 0 0 0 0 1 0 0 0 0 0 0 0 0 0
P1368 2008 8 0 0 0 0 0 0 0 0 0 0 0 0 0 0 0 0 0 0 0 0 0 0 0 3 10 0 4 0 0 4 0
P1368 2008 9 0 0 0 0 0 0 0 0 0 23 0 0 0 20 0 0 0 0 0 0 0 0 0 0 0 0 6 0 0 0 -999
P1368 2008 10 0 12 0 0 0 6 0 0 0 0 0 20 25 7 0 0 0 0 0 0 0 0 0 0 17 22 18 12 0 0 14
P1368 2008 11 0 3 8 0 0 0 0 0 0 0 0 2 0 0 7 0 20 21 0 0 0 0 0 0 4 0 0 0 0 0 -999
P1368 2008 12 0 0 0 0 0 0 0 0 0 13 14 4 4 0 0 0 0 0 0 0 0 19 0 0 24 22 23 14 0 0 0
P1368 2009 1 0 2 0 1 0 0 0 7 0 0 1 7 9 0 0 6 0 0 0 0 0 0 0 0 0 0 0 16 13 0 0
P1368 2009 2 0 0 0 0 0 0 0 0 0 3 0 0 5 0 0 0 0 0 0 0 0 0 0 0 0 12 0 0 -999 -999 -999
P1368 2009 3 22 0 0 35 0 0 0 56 26 0 0 0 19 0 18 15 47 0 0 0 0 0 0 0 0 67 81 78 85 41 20
P1368 2009 4 47 52 0 26 0 40 0 7 5 6 18 0 0 20 9 0 0 0 0 0 0 12 0 0 0 0 0 32 61 0 -999
P1368 2009 5 27 27 0 0 0 28 0 0 35 26 0 0 3 0 0 0 0 0 0 25 0 0 0 0 0 0 0 0 0 9 0
P1368 2009 6 0 0 0 19 0 0 0 0 0 2 0 0 0 0 0 0 0 0 0 0 0 0 0 0 0 0 0 0 0 0 -999
P1368 2009 7 0 0 0 0 0 0 0 0 0 0 22 32 14 0 0 0 0 10 11 0 0 0 0 0 0 0 0 0 10 0 0
P1368 2009 8 0 0 0 0 0 0 0 0 0 0 0 0 0 0 0 0 0 0 0 0 0 0 0 0 0 0 2 7 0 0 0
P1368 2009 9 32 0 0 0 0 0 0 0 25 0 9 0 0 0 0 0 0 0 0 0 0 0 0 10 7 0 0 0 0 6 -999
P1368 2009 10 0 0 0 0 0 8 0 0 0 0 26 21 0 0 0 0 0 0 0 7 15 5 0 0 15 0 0 0 0 0 0
P1368 2009 11 0 0 0 0 0 0 0 7 0 0 0 11 0 7 0 0 0 0 0 0 0 0 59 24 0 2 2 7 18 24 -999
P1368 2009 12 0 19 29 13 33 17 41 0 17 40 0 10 0 0 0 0 32 63 23 0 0 10 0 0 59 0 80 90 14 0 0
P1368 2010 1 0 34 98 90 26 0 12 25 0 17 0 11 0 0 15 0 15 0 24 0 0 0 0 0 0 17 0 0 0 32 0
P1368 2010 2 0 0 16 0 0 7 0 0 2 0 2 0 0 1 0 0 0 0 3 0 0 0 0 0 0 0 0 0 -999 -999 -999
P1368 2010 3 0 0 0 0 0 20 0 55 127 96 70 34 0 9 0 16 21 0 63 8 0 0 0 0 0 0 0 0 0 0 0
P1368 2010 4 0 0 55 0 0 29 0 51 55 0 0 16 9 0 58 0 0 0 0 0 15 7 0 0 9 0 0 0 10 0 -999
P1368 2010 5 6 6 25 48 0 14 0 0 0 0 0 0 17 0 0 12 6 11 4 0 0 0 0 0 0 0 22 9 16 13 8
P1368 2010 6 7 16 15 0 0 0 0 0 0 0 0 0 0 0 0 0 2 0 0 8 9 0 0 0 0 0 0 0 0 0 -999
P1368 2010 7 0 0 0 0 0 0 0 0 13 11 0 0 0 0 0 0 0 0 0 0 0 0 0 0 0 0 0 0 0 0 26
P1368 2010 8 0 0 0 19 0 0 0 0 0 0 0 0 0 0 0 0 0 0 0 0 0 0 0 0 0 0 0 0 0 0 0
P1368 2010 9 0 0 0 0 0 0 11 0 11 3 0 0 6 0 0 0 0 0 0 0 0 0 0 0 0 0 0 0 0 0 -999
P1368 2010 10 0 0 0 0 0 0 0 20 0 0 35 20 38 26 11 5 0 0 0 0 17 39 0 0 0 0 0 0 0 5 0
P1368 2010 11 0 0 7 8 0 0 0 0 0 0 0 0 0 2 0 0 0 0 0 0 0 0 0 0 0 0 0 0 0 0 -999
P1368 2010 12 0 0 0 5 0 0 14 0 0 0 0 0 44 24 0 0 0 0 0 0 0 0 0 2 0 0 0 0 0 0 0
P1368 2011 1 0 0 15 24 26 11 0 0 0 0 0 0 0 0 42 36 0 0 0 0 0 12 0 0 8 0 0 0 0 1 0
P1368 2011 2 18 0 0 0 0 42 32 0 4 0 8 11 0 0 0 0 0 0 0 0 0 66 0 0 0 0 0 66 -999 -999 -999
P1368 2011 3 83 78 0 17 17 10 0 0 3 9 0 34 0 17 52 99 60 22 16 24 16 31 83 168 0 0 0 106 0 0 0
P1368 2011 4 0 0 17 14 0 0 0 0 0 24 0 0 16 0 0 0 106 70 0 33 25 11 0 0 6 0 0 0 0 0 -999
P1368 2011 5 0 0 0 0 0 0 0 0 0 0 0 0 0 0 0 0 0 0 0 0 0 0 0 0 0 0 0 0 5 6 0
P1368 2011 6 0 0 0 0 0 0 0 0 0 0 0 0 0 0 0 0 0 0 0 3 6 0 0 0 0 0 0 0 0 2 -999
P1368 2011 7 0 0 0 0 0 0 0 0 0 0 0 0 0 0 0 0 0 0 0 0 0 0 0 0 0 0 0 0 0 0 0
P1368 2011 8 0 0 0 0 0 0 0 0 0 0 0 0 0 0 0 0 0 0 0 0 0 0 0 0 0 7 0 0 5 7 0
P1368 2011 9 0 0 0 0 0 0 0 0 0 16 0 0 0 0 0 0 0 0 0 0 0 0 0 15 0 5 0 0 0 0 -999
P1368 2011 10 0 0 0 0 0 0 0 0 13 0 0 0 47 39 0 0 12 18 0 0 0 0 17 0 13 0 20 0 0 0 0
P1368 2011 11 4 0 3 0 28 53 30 0 6 0 0 0 14 0 0 21 50 32 0 0 0 36 30 0 0 13 12 15 2 0 -999
P1368 2011 12 0 42 21 0 4 11 11 0 19 0 16 18 0 4 0 41 0 43 32 49 45 0 24 17 0 0 9 0 0 17 0
P1368 2012 1 74 0 3 6 0 0 0 0 0 0 0 0 0 0 0 0 0 1 0 11 9 0 0 0 10 21 22 0 48 34 0
P1368 2012 2 0 37 40 0 0 18 16 0 0 0 0 0 0 0 0 0 0 26 35 0 23 20 0 0 9 0 0 0 -999 -999 -999
P1368 2012 3 12 36 42 0 20 23 0 4 0 0 0 0 0 0 0 0 0 0 46 0 57 20 0 44 0 0 0 0 0 0 0
P1368 2012 4 0 0 0 0 0 0 0 6 1 0 0 0 0 33 0 53 0 0 0 0 0 0 14 41 0 0 0 70 0 21 -999
P1368 2012 5 19 0 20 0 13 0 0 15 0 19 0 0 22 25 18 0 0 18 0 10 0 0 0 0 20 9 0 0 5 0 0
P1368 2012 6 0 1 0 0 0 0 0 0 0 0 10 8 15 0 22 0 0 0 0 0 0 6 0 0 0 0 0 0 0 0 -999
P1368 2012 7 0 0 0 0 0 22 0 0 0 0 0 24 0 0 0 0 0 0 0 4 0 0 0 0 0 0 0 0 0 0 0
P1368 2012 8 0 0 0 0 0 0 0 0 0 0 0 0 0 0 7 0 0 0 0 0 0 0 0 0 0 13 0 0 0 7 7
P1368 2012 9 7 0 0 0 0 0 0 0 0 0 0 0 0 3 0 0 0 0 0 0 6 0 0 0 0 0 0 0 35 0 -999
P1368 2012 10 0 0 0 0 0 0 0 0 0 43 62 0 5 0 0 0 0 0 0 0 0 37 27 0 0 0 0 9 11 15 0
P1368 2012 11 0 26 0 0 10 16 7 6 0 15 14 0 0 1 0 0 0 56 72 37 0 0 0 0 0 0 0 42 60 0 -999
P1368 2012 12 0 0 0 24 76 175 88 61 16 0 32 0 73 90 64 33 29 13 0 5 0 24 0 18 0 2 0 0 0 12 16
P1368 2013 1 0 24 26 35 11 0 18 0 0 0 0 4 0 0 5 0 0 0 0 0 0 1 1 0 0 0 7 15 19 31 0
P1368 2013 2 0 0 0 0 0 0 0 0 0 0 0 0 57 43 12 8 27 95 0 50 41 46 53 46 0 0 8 0 -999 -999 -999
P1368 2013 3 0 0 58 0 15 0 0 55 32 125 131 157 66 0 36 0 45 0 48 0 36 98 55 64 50 0 0 68 57 45 57
P1368 2013 4 37 0 16 0 9 0 0 0 0 0 0 0 0 0 0 0 0 0 8 0 0 0 0 33 56 0 0 0 0 0 -999
P1368 2013 5 0 0 0 15 0 0 0 0 0 26 18 0 0 0 0 0 0 0 0 7 2 0 0 0 0 0 0 0 0 0 0
P1368 2013 6 0 0 0 0 0 0 0 0 52 0 34 0 0 6 0 0 0 0 7 0 0 0 0 0 0 0 16 19 17 11 -999
P1368 2013 7 0 0 0 6 0 0 0 0 0 0 0 0 0 0 0 0 0 0 0 0 0 0 0 0 0 0 0 0 0 0 0
P1368 2013 8 0 0 0 0 10 0 0 0 0 0 0 0 0 0 0 0 0 0 0 0 15 0 0 0 0 0 0 0 0 12 0
P1368 2013 9 14 0 0 0 0 0 0 0 0 0 0 0 0 0 0 0 0 18 0 16 16 0 0 0 0 0 6 0 0 0 -999
P1368 2013 10 0 0 0 0 0 0 8 0 0 0 39 22 0 6 0 12 0 0 0 9 0 0 0 0 0 0 0 7 0 0 0
P1368 2013 11 0 0 0 0 0 0 0 0 0 0 4 0 0 5 0 0 25 164 154 31 111 152 128 0 0 113 31 0 4 0 -999
P1368 2013 12 12 28 15 4 0 0 0 0 0 0 0 0 30 34 40 22 13 0 0 0 0 41 50 105 0 44 33 0 75 24 0
P1368 2014 1 32 12 0 0 24 0 0 35 0 0 0 6 6 0 36 0 0 0 0 0 0 11 0 35 42 67 117 124 151 101 0
P1368 2014 2 18 23 0 22 41 90 38 0 24 23 0 0 0 3 0 0 0 12 0 0 0 9 0 0 0 15 0 0 -999 -999 -999