precip	MIROC5	RCP60	REGRESION	decimas	1
P13175	41.447	0.007	182	geo	2006	2100	-1
P13175 2006 1 0 0 9 0 7 0 6 0 8 0 0 0 36 36 10 14 13 13 24 0 0 0 0 0 0 0 0 0 0 16 10
P13175 2006 2 0 0 20 0 0 0 0 0 0 0 0 0 0 19 23 29 0 0 0 12 24 18 13 11 0 0 0 0 -999 -999 -999
P13175 2006 3 0 15 21 21 21 25 31 41 0 19 37 38 25 0 0 21 0 25 18 11 13 12 0 0 20 10 0 0 0 11 30
P13175 2006 4 0 0 9 0 0 11 11 35 28 0 0 0 8 0 0 10 0 13 13 0 0 4 0 9 0 0 36 0 41 27 -999
P13175 2006 5 22 0 17 15 12 22 0 11 0 0 0 0 14 25 26 11 18 17 0 9 0 0 0 0 0 0 0 0 0 0 0
P13175 2006 6 0 11 0 0 0 0 0 13 19 0 19 0 0 0 0 0 0 0 14 0 0 11 0 0 18 0 0 16 0 0 -999
P13175 2006 7 29 0 0 0 0 0 26 27 0 0 0 0 17 20 0 0 0 9 0 0 24 22 22 0 0 0 0 0 16 0 20
P13175 2006 8 0 0 0 0 0 0 26 0 0 0 0 15 22 0 0 13 0 0 0 0 17 0 0 0 0 0 0 0 0 0 0
P13175 2006 9 0 0 0 0 0 0 10 0 0 0 24 0 0 0 0 0 0 0 26 0 0 0 0 29 26 18 0 0 0 13 -999
P13175 2006 10 0 0 0 0 0 0 0 0 0 0 15 0 0 24 0 0 0 0 0 7 0 0 0 0 8 10 0 0 0 0 0
P13175 2006 11 0 11 0 0 0 0 14 13 0 8 0 0 0 0 5 0 0 0 0 0 0 21 15 33 18 10 0 0 0 0 -999
P13175 2006 12 0 0 0 0 0 0 16 0 0 18 0 26 29 19 14 17 15 9 0 9 0 0 25 32 10 15 0 0 0 0 0
P13175 2007 1 6 0 2 0 0 0 0 0 0 0 0 0 0 0 0 0 0 0 0 23 17 0 8 8 19 26 24 13 15 0 0
P13175 2007 2 0 0 0 14 12 0 13 31 60 39 26 17 0 11 0 8 0 0 18 16 0 0 21 0 0 0 10 0 -999 -999 -999
P13175 2007 3 0 0 0 13 22 0 13 0 0 0 7 24 41 24 17 0 0 5 0 13 0 0 18 10 0 0 0 0 0 0 0
P13175 2007 4 0 0 0 0 20 11 0 0 0 0 0 15 25 18 0 0 0 24 0 16 0 25 21 19 17 20 0 13 0 0 -999
P13175 2007 5 0 0 6 0 18 18 21 0 15 0 0 0 0 36 20 0 0 21 0 0 16 0 0 0 11 0 0 0 0 0 0
P13175 2007 6 0 26 0 0 0 0 36 17 9 0 0 0 28 29 0 0 0 0 0 0 0 0 24 0 0 14 0 22 27 28 -999
P13175 2007 7 0 22 24 0 0 0 0 0 0 23 26 27 24 0 0 14 0 33 38 0 0 22 0 0 0 0 21 26 22 0 0
P13175 2007 8 17 0 16 0 0 16 0 0 0 0 0 25 0 0 10 0 0 0 0 21 20 0 0 8 0 26 0 0 0 20 0
P13175 2007 9 0 0 0 0 0 0 0 0 0 0 0 16 0 0 0 22 0 0 0 0 0 0 15 0 0 0 0 0 7 0 -999
P13175 2007 10 0 0 0 0 0 0 0 0 0 17 0 0 24 17 0 5 0 0 13 0 0 24 0 0 0 0 9 0 0 2 0
P13175 2007 11 4 0 0 0 0 0 0 0 0 0 0 0 8 0 0 0 0 0 0 0 4 0 8 0 0 0 0 0 18 25 -999
P13175 2007 12 0 0 11 0 0 32 0 9 0 0 0 0 0 0 0 0 0 0 0 0 0 0 0 0 0 0 3 0 0 0 0
P13175 2008 1 0 0 19 18 13 0 0 0 0 19 0 0 10 10 17 0 0 0 0 0 0 10 0 0 0 0 0 0 9 11 0
P13175 2008 2 22 14 0 15 0 8 12 14 14 24 22 19 0 0 0 11 0 0 0 0 0 7 0 26 35 35 35 52 -999 -999 -999
P13175 2008 3 61 0 0 0 8 0 0 0 0 0 0 0 0 0 9 0 0 0 0 0 0 0 0 0 0 0 0 0 0 0 0
P13175 2008 4 0 0 0 0 0 17 0 0 0 0 6 0 0 0 23 0 19 0 0 0 7 0 0 0 0 0 0 0 15 25 -999
P13175 2008 5 0 14 15 0 0 32 25 0 9 15 25 0 12 21 0 0 0 0 0 0 29 21 19 16 0 0 0 0 0 0 0
P13175 2008 6 0 0 0 14 12 15 0 0 0 0 0 0 19 21 16 0 0 0 0 0 12 0 19 0 0 0 0 0 0 0 -999
P13175 2008 7 0 0 0 0 0 0 0 24 29 25 0 0 18 33 26 0 0 0 0 0 0 0 0 0 16 19 17 0 0 0 0
P13175 2008 8 0 0 23 17 0 0 0 0 0 0 18 8 0 0 0 0 0 0 0 0 0 0 0 0 9 19 0 0 12 0 0
P13175 2008 9 0 0 0 0 21 16 0 0 16 0 21 0 0 15 9 9 0 0 14 14 0 9 0 15 0 16 0 0 17 19 -999
P13175 2008 10 0 0 0 10 12 0 0 17 0 0 15 0 0 19 13 0 0 0 0 15 0 0 0 0 0 0 19 11 0 0 0
P13175 2008 11 14 0 22 0 0 0 0 0 0 0 0 0 0 0 0 0 4 0 0 0 0 0 0 0 0 0 0 0 0 0 -999
P13175 2008 12 0 0 0 0 0 0 13 11 0 10 18 9 4 9 0 0 0 3 0 0 0 0 0 0 3 0 0 0 0 0 0
P13175 2009 1 0 0 0 0 0 0 0 0 0 0 0 0 22 10 0 0 0 0 0 3 0 0 3 0 0 0 3 0 0 0 0
P13175 2009 2 0 0 0 10 16 8 14 0 0 0 0 0 0 0 0 0 0 0 0 0 0 3 0 0 0 8 0 11 -999 -999 -999
P13175 2009 3 0 38 27 15 0 0 0 0 31 29 0 12 0 10 26 0 0 0 0 0 5 0 0 0 0 26 18 31 0 21 0
P13175 2009 4 0 39 49 18 0 30 31 0 8 0 7 19 30 24 17 0 0 0 0 0 28 0 0 0 0 0 0 10 0 20 -999
P13175 2009 5 42 0 0 17 22 28 0 0 0 30 34 14 0 0 0 9 0 0 0 25 39 41 0 23 0 0 0 14 0 0 13
P13175 2009 6 15 13 12 0 20 0 20 0 0 15 0 0 0 13 0 31 29 18 0 0 0 0 0 14 0 0 0 0 0 0 -999
P13175 2009 7 0 19 0 0 0 0 0 0 0 0 31 0 28 20 14 0 9 0 0 0 0 0 20 0 0 0 0 0 0 0 24
P13175 2009 8 0 0 0 0 0 0 0 0 15 0 0 13 0 0 0 0 0 0 0 0 0 13 0 0 0 15 0 0 0 0 19
P13175 2009 9 0 17 0 0 0 0 0 11 0 0 28 25 21 0 0 0 0 0 0 0 0 0 0 0 0 0 0 0 0 0 -999
P13175 2009 10 0 0 0 0 0 0 0 0 0 0 11 0 0 0 0 0 20 26 26 0 11 8 0 7 9 0 0 0 0 0 0
P13175 2009 11 4 0 5 0 0 7 0 11 0 0 0 0 0 0 0 0 0 0 0 6 0 0 0 10 0 22 14 0 0 0 -999
P13175 2009 12 8 2 0 0 0 0 30 27 0 19 23 6 0 0 0 0 6 0 0 17 0 0 0 0 0 16 17 0 0 0 0
P13175 2010 1 0 0 16 27 18 15 12 0 0 10 9 9 0 0 6 0 0 0 0 0 9 0 0 0 0 0 0 0 4 0 0
P13175 2010 2 7 0 0 0 0 20 0 14 0 0 0 0 0 0 5 0 0 0 0 6 0 6 0 15 0 0 0 0 -999 -999 -999
P13175 2010 3 0 0 0 0 0 0 0 22 21 20 0 0 4 0 0 0 0 7 17 0 0 0 0 0 0 0 0 0 0 0 0
P13175 2010 4 0 0 0 13 0 0 0 0 0 20 0 28 31 29 0 40 21 0 0 0 20 0 0 0 27 0 0 0 26 25 -999
P13175 2010 5 0 0 15 23 22 0 13 0 11 0 0 32 19 0 0 24 21 0 0 0 0 0 0 13 0 30 28 0 0 16 17
P13175 2010 6 0 0 20 15 0 0 0 0 0 0 14 22 0 22 0 0 15 0 0 0 0 0 0 11 0 0 20 0 28 23 -999
P13175 2010 7 0 0 17 15 0 0 0 0 0 20 20 0 16 0 0 0 0 0 0 0 0 0 0 0 0 17 0 0 14 0 0
P13175 2010 8 21 26 0 0 0 0 0 18 0 0 0 21 0 0 0 20 0 22 16 0 0 0 0 17 0 0 0 7 5 0 0
P13175 2010 9 14 0 0 17 0 0 0 0 0 36 32 19 36 0 0 0 0 0 0 0 12 11 16 0 0 20 0 6 0 0 -999
P13175 2010 10 0 0 0 0 0 0 0 0 0 0 17 0 0 0 0 9 0 0 0 0 22 29 29 12 0 0 0 0 0 0 0
P13175 2010 11 0 0 0 0 0 0 0 6 0 0 0 0 0 0 0 0 0 0 0 0 0 0 0 0 0 5 0 2 0 0 -999
P13175 2010 12 0 0 0 0 11 0 0 0 0 4 0 4 0 24 0 0 0 0 0 6 3 0 0 0 0 4 0 0 0 0 0
P13175 2011 1 0 0 0 5 0 4 0 0 0 0 0 0 0 7 6 0 0 0 0 0 0 7 20 14 0 0 0 0 0 0 0
P13175 2011 2 0 0 0 0 0 0 0 0 0 0 3 0 0 0 0 0 2 0 0 4 0 0 0 0 0 0 0 22 -999 -999 -999
P13175 2011 3 23 0 0 0 20 13 0 0 0 0 0 0 13 12 0 35 57 21 10 12 15 16 14 0 19 0 13 27 0 0 0
P13175 2011 4 18 21 17 0 13 0 0 10 0 0 0 0 24 25 0 0 0 0 20 19 0 13 0 0 0 0 0 0 0 0 -999
P13175 2011 5 0 0 0 10 0 0 12 14 20 30 0 0 0 14 0 0 0 0 0 0 0 0 0 0 0 0 0 0 31 36 21
P13175 2011 6 0 8 0 0 6 0 0 0 0 0 0 0 25 26 0 19 0 0 0 0 0 0 0 0 28 0 29 0 0 0 -999
P13175 2011 7 0 0 0 0 0 0 0 0 0 7 0 0 0 0 23 0 0 0 0 0 27 22 14 10 0 0 0 0 0 27 0
P13175 2011 8 0 0 0 0 0 0 0 0 0 0 0 17 0 0 0 13 0 0 0 0 0 0 0 0 0 0 0 0 0 0 0
P13175 2011 9 34 0 0 0 0 0 0 0 0 34 16 0 0 0 0 0 0 0 8 0 0 0 0 0 8 0 4 0 7 13 -999
P13175 2011 10 0 0 0 0 0 0 0 0 0 14 0 0 0 0 0 0 0 6 0 0 0 0 17 0 0 0 0 0 20 27 39
P13175 2011 11 0 12 0 7 15 19 54 38 0 0 0 0 0 8 0 0 0 0 3 0 0 0 42 31 0 0 7 0 0 0 -999
P13175 2011 12 0 7 14 30 12 0 0 0 0 0 0 0 0 0 0 0 9 8 0 0 20 0 0 0 0 0 0 0 0 4 0
P13175 2012 1 12 25 0 0 0 0 0 0 2 0 0 0 0 0 0 0 6 11 12 13 0 0 0 0 0 0 8 8 0 5 0
P13175 2012 2 0 0 25 20 0 0 0 0 0 0 0 0 0 0 0 0 0 0 0 11 0 0 0 0 8 20 4 0 -999 -999 -999
P13175 2012 3 11 25 30 0 21 0 0 0 0 0 0 3 0 7 0 0 0 0 16 19 24 18 11 0 0 5 0 0 0 0 0
P13175 2012 4 0 0 0 0 0 0 0 12 11 10 0 13 29 0 25 18 0 0 20 0 11 0 12 20 28 31 35 29 16 0 -999
P13175 2012 5 21 0 32 0 0 11 26 36 24 0 0 0 21 20 19 0 0 0 0 14 12 0 15 0 24 28 0 13 8 0 0
P13175 2012 6 8 9 0 0 5 0 0 0 30 21 0 23 23 0 25 15 9 0 0 17 0 16 0 0 0 0 0 0 26 26 -999
P13175 2012 7 0 0 0 0 0 0 0 0 0 24 23 24 0 0 0 14 0 44 25 18 0 16 0 0 0 0 14 0 0 0 0
P13175 2012 8 0 11 0 0 20 0 14 0 0 0 0 0 0 0 0 0 0 0 0 11 11 12 0 0 0 0 0 0 0 0 0
P13175 2012 9 0 0 0 0 0 0 23 0 0 0 0 0 0 0 0 0 0 0 0 15 12 0 0 0 19 0 0 0 0 0 -999
P13175 2012 10 0 0 0 0 0 0 0 9 0 0 28 14 0 0 0 9 0 0 0 0 0 0 21 0 12 12 14 0 0 6 7
P13175 2012 11 0 0 22 30 6 0 0 0 0 0 14 0 0 0 5 4 0 12 18 23 12 0 0 0 0 0 0 12 16 19 -999
P13175 2012 12 18 0 0 0 0 0 0 15 0 0 9 0 0 24 17 21 0 22 0 0 0 8 0 0 0 0 0 0 0 0 0
P13175 2013 1 25 0 8 0 0 3 0 0 0 0 0 0 0 0 0 0 0 2 6 0 0 0 0 0 0 0 0 0 0 0 0
P13175 2013 2 0 0 0 0 3 0 0 0 0 0 0 0 0 27 0 0 6 0 18 12 0 15 0 0 0 0 0 0 -999 -999 -999
P13175 2013 3 0 0 0 9 0 0 0 23 22 0 26 22 21 0 0 0 0 0 0 12 0 24 0 0 0 17 0 27 40 38 41
P13175 2013 4 51 26 0 8 15 0 0 0 0 0 0 0 0 0 0 16 13 10 0 10 17 16 13 0 37 28 0 0 0 0 -999
P13175 2013 5 0 0 0 14 17 10 0 0 27 24 22 19 0 0 19 0 31 19 15 16 0 0 0 0 0 0 0 0 0 0 0
P13175 2013 6 21 23 21 0 16 0 0 0 39 34 21 23 0 20 0 0 0 15 12 0 0 0 12 0 0 0 61 32 28 22 -999
P13175 2013 7 0 0 0 11 0 22 33 33 0 0 0 0 17 0 0 0 19 0 0 0 0 0 22 0 0 0 0 0 0 18 20
P13175 2013 8 0 0 18 32 0 0 26 28 20 0 0 21 0 0 0 0 0 0 0 0 0 0 0 0 0 0 0 0 23 0 25
P13175 2013 9 0 17 27 0 0 0 0 0 0 0 0 20 0 0 0 11 0 0 17 0 24 31 0 0 0 0 0 0 0 0 -999
P13175 2013 10 0 0 0 0 0 0 0 0 0 0 20 0 0 0 11 0 0 22 0 0 0 0 0 0 0 11 0 0 6 0 0
P13175 2013 11 0 0 0 0 0 5 0 0 7 0 0 0 0 0 0 0 8 28 57 47 0 14 19 24 24 0 19 26 0 0 -999
P13175 2013 12 0 11 4 10 0 0 9 0 0 0 0 0 0 0 0 0 0 3 0 0 0 0 0 9 0 8 0 0 13 0 12
P13175 2014 1 0 0 0 0 0 7 0 0 0 0 0 0 0 0 0 0 0 1 0 4 0 0 0 0 0 0 15 0 56 45 0
P13175 2014 2 12 13 12 6 0 0 12 0 13 0 0 0 0 0 0 0 0 0 0 0 0 0 0 0 0 0 9 0 -999 -999 -999