precip	MIROC5	RCP60	REGRESION	decimas	1
P12054	41.207	-2.810	182	geo	2006	2100	-1
P12054 2006 1 0 5 6 6 0 0 0 0 0 5 12 50 125 55 28 69 50 59 35 15 0 5 19 10 0 9 10 13 0 23 9
P12054 2006 2 0 29 24 14 0 0 0 0 0 0 0 0 25 0 27 24 0 11 19 31 23 14 11 0 7 0 0 11 -999 -999 -999
P12054 2006 3 28 46 55 78 79 66 77 72 49 30 44 38 29 24 23 41 75 77 62 30 40 0 0 23 24 25 0 32 48 36 53
P12054 2006 4 27 0 0 0 17 12 11 25 10 2 0 5 0 0 0 12 17 0 0 0 2 0 6 0 19 27 45 48 36 28 -999
P12054 2006 5 25 0 0 27 25 40 20 0 9 0 0 14 23 26 0 11 16 15 15 0 0 0 0 0 0 5 11 19 0 19 0
P12054 2006 6 0 0 0 0 0 0 0 0 0 0 0 0 22 0 0 0 0 0 0 15 0 0 0 17 0 19 21 0 0 29 -999
P12054 2006 7 0 0 0 13 16 24 0 0 0 0 0 11 23 0 0 0 0 0 17 0 0 0 0 0 0 0 0 0 0 0 0
P12054 2006 8 0 0 0 0 13 0 21 0 0 0 0 0 16 22 0 0 13 0 0 0 22 0 0 22 19 0 0 0 15 24 0
P12054 2006 9 0 0 0 0 0 0 0 0 0 22 0 7 0 0 0 0 0 30 0 0 0 0 20 25 0 0 7 11 0 0 -999
P12054 2006 10 0 0 0 0 9 0 0 9 13 15 0 0 0 23 23 0 0 0 0 0 0 0 0 9 0 17 0 17 0 0 0
P12054 2006 11 0 12 0 0 8 0 21 0 0 0 0 0 0 0 0 0 0 0 0 9 19 19 20 33 15 0 0 0 0 0 -999
P12054 2006 12 0 1 2 0 0 0 13 28 27 18 0 19 22 20 35 58 20 0 3 0 0 31 63 41 34 31 20 15 17 0 0
P12054 2007 1 0 12 0 0 0 0 0 0 0 0 1 0 0 0 0 0 0 0 18 13 6 0 0 13 20 18 12 0 0 18 13
P12054 2007 2 8 13 26 31 16 11 18 57 124 99 28 19 0 11 12 0 12 26 20 19 20 19 29 22 21 20 0 26 -999 -999 -999
P12054 2007 3 0 19 20 26 33 27 14 0 13 8 0 47 47 61 38 16 17 14 10 22 0 0 8 0 6 0 0 5 4 0 0
P12054 2007 4 0 0 0 0 0 0 8 0 0 0 0 23 41 0 10 0 20 0 0 0 25 0 30 31 0 17 0 0 0 0 -999
P12054 2007 5 0 0 0 0 42 24 0 0 0 0 22 0 28 28 0 16 14 23 25 17 8 0 0 0 0 0 0 0 0 12 18
P12054 2007 6 25 0 17 18 20 22 0 9 0 0 12 17 0 0 14 0 0 0 0 13 0 0 0 17 0 0 25 0 0 24 -999
P12054 2007 7 17 18 0 0 0 0 0 0 0 33 0 30 0 0 0 0 0 0 24 0 0 0 13 0 19 0 0 0 0 0 0
P12054 2007 8 0 0 14 17 0 0 0 8 0 0 0 0 0 0 10 0 0 0 0 0 21 9 0 0 15 20 0 22 21 0 7
P12054 2007 9 0 0 0 0 0 0 0 0 0 0 0 0 0 0 0 0 0 5 6 0 0 9 10 0 13 0 0 0 0 0 -999
P12054 2007 10 0 0 0 0 0 0 0 0 20 0 25 0 35 36 14 11 15 29 11 0 0 33 32 37 17 0 25 0 9 0 0
P12054 2007 11 12 0 0 4 0 0 9 0 15 0 0 22 14 0 9 0 0 0 0 0 0 0 0 11 0 7 8 12 15 13 -999
P12054 2007 12 0 6 0 12 10 0 0 7 0 0 7 6 3 0 5 11 0 18 0 5 0 4 6 7 0 0 0 14 5 6 0
P12054 2008 1 16 23 31 34 14 0 0 0 3 5 5 6 0 13 16 13 13 0 14 0 47 50 24 11 21 47 53 36 0 36 47
P12054 2008 2 80 40 47 0 23 0 27 47 19 25 39 0 9 0 24 33 13 36 0 22 11 8 7 0 12 23 17 0 -999 -999 -999
P12054 2008 3 0 0 8 0 0 2 0 0 0 0 11 12 0 0 0 0 3 0 0 0 0 0 0 0 11 12 7 3 0 2 3
P12054 2008 4 0 0 12 18 18 11 0 0 0 0 0 9 0 0 30 32 0 23 13 0 0 0 5 0 6 3 3 8 17 0 -999
P12054 2008 5 17 11 4 0 15 0 0 0 12 0 42 18 0 28 0 0 0 0 19 37 34 23 0 0 10 11 0 0 0 16 0
P12054 2008 6 0 0 11 0 0 22 0 12 0 0 0 0 0 32 0 0 0 0 0 0 13 0 0 0 0 0 0 23 0 0 -999
P12054 2008 7 0 0 0 0 0 0 0 30 38 0 0 0 0 0 24 0 0 0 0 0 23 13 17 0 0 0 0 0 0 14 0
P12054 2008 8 0 0 0 0 0 0 22 0 19 0 16 12 0 0 9 14 0 0 0 0 0 0 0 4 9 19 17 0 0 0 0
P12054 2008 9 0 0 0 0 0 0 0 12 0 17 22 0 15 0 0 0 14 0 0 16 13 15 0 0 21 18 10 0 35 28 -999
P12054 2008 10 24 19 0 0 0 0 0 21 0 0 33 36 27 18 0 0 9 0 14 0 16 13 0 0 16 29 38 25 23 15 0
P12054 2008 11 0 0 28 15 0 3 0 0 0 11 0 11 0 4 0 4 0 22 0 7 0 0 7 0 0 0 0 0 0 3 -999
P12054 2008 12 0 0 0 0 0 0 0 3 0 22 25 9 15 18 0 2 6 0 0 0 0 0 0 0 12 20 17 12 8 0 0
P12054 2009 1 1 0 0 5 0 0 0 4 5 5 5 12 13 11 12 0 1 0 0 0 0 0 0 0 0 0 0 0 2 0 0
P12054 2009 2 0 10 0 10 7 7 0 3 2 0 8 4 6 0 1 0 0 0 2 6 0 4 0 0 4 4 7 32 -999 -999 -999
P12054 2009 3 48 44 41 0 14 12 12 30 39 0 0 9 0 15 30 0 49 40 0 21 0 0 21 24 21 46 36 59 0 42 23
P12054 2009 4 18 31 26 0 0 37 18 14 10 8 12 22 28 0 24 16 0 0 0 0 0 13 0 0 0 0 0 0 28 43 -999
P12054 2009 5 29 26 25 21 21 30 0 11 19 23 24 14 0 0 0 0 6 11 20 24 0 29 26 18 16 0 0 0 13 0 0
P12054 2009 6 14 14 0 18 0 23 21 0 0 0 0 0 0 0 27 26 0 0 0 0 0 14 0 0 0 0 0 0 0 0 -999
P12054 2009 7 0 0 0 0 0 0 0 0 0 30 25 0 24 16 0 0 0 0 17 0 0 20 0 0 0 0 0 0 0 0 0
P12054 2009 8 32 0 6 12 0 0 0 0 0 0 0 0 0 0 0 0 0 0 0 0 0 14 25 0 0 0 8 0 0 26 0
P12054 2009 9 0 19 7 0 0 0 0 0 15 0 31 17 13 0 5 0 14 0 0 0 0 0 23 0 8 0 0 0 0 10 -999
P12054 2009 10 0 7 0 0 0 0 0 0 0 13 16 15 13 12 14 18 20 21 18 0 12 8 0 30 10 6 0 0 6 8 0
P12054 2009 11 0 3 4 0 0 6 0 10 0 0 0 0 5 5 0 0 0 0 0 17 9 9 22 0 9 0 15 0 0 17 -999
P12054 2009 12 0 0 33 17 41 48 55 30 20 41 33 0 13 0 0 0 0 17 24 16 0 12 14 0 0 18 27 23 17 0 8
P12054 2010 1 11 9 18 45 47 16 8 6 0 10 5 0 10 0 0 14 11 0 5 9 0 1 2 0 3 0 0 4 5 9 10
P12054 2010 2 7 0 0 3 12 22 13 0 0 0 0 0 0 0 4 0 0 3 0 0 0 0 0 0 0 5 0 0 -999 -999 -999
P12054 2010 3 4 0 0 0 0 15 0 15 27 27 19 9 6 7 5 4 0 18 36 35 13 0 0 2 0 0 0 0 4 5 0
P12054 2010 4 13 0 27 19 0 16 19 30 31 31 24 23 25 23 32 42 21 11 0 14 0 0 14 18 32 0 9 0 28 24 -999
P12054 2010 5 17 10 19 26 24 15 7 6 7 10 0 18 0 0 21 0 20 17 0 4 7 0 0 10 18 33 37 0 16 0 11
P12054 2010 6 0 0 0 0 0 0 0 9 0 0 0 0 0 19 0 0 0 0 0 9 11 0 0 0 0 0 0 0 0 0 -999
P12054 2010 7 24 0 0 0 12 17 0 0 0 0 16 0 12 0 13 0 15 0 0 0 0 0 0 19 0 0 0 0 11 0 0
P12054 2010 8 0 0 0 0 0 0 0 25 0 23 0 0 15 14 0 0 23 0 0 0 0 0 0 18 0 0 0 10 0 9 0
P12054 2010 9 0 11 0 0 11 0 0 18 28 0 0 23 29 17 30 13 0 14 0 16 0 0 0 12 18 0 0 0 0 0 -999
P12054 2010 10 0 0 0 0 0 0 13 13 23 29 35 24 37 32 0 0 0 0 0 0 0 0 0 0 10 0 0 0 0 14 8
P12054 2010 11 0 0 11 8 6 0 0 0 5 0 0 0 0 0 0 10 0 11 0 5 6 0 0 3 4 0 0 0 0 3 -999
P12054 2010 12 0 0 0 0 12 0 13 0 7 8 0 0 21 26 0 3 0 8 0 0 0 0 0 1 0 0 0 0 0 0 0
P12054 2011 1 0 0 0 6 9 0 0 1 0 2 0 0 4 0 9 3 1 0 0 4 14 20 50 21 17 7 0 0 0 0 0
P12054 2011 2 0 0 0 16 0 17 14 8 0 0 0 0 0 0 16 12 0 6 0 8 9 0 14 0 5 7 0 24 -999 -999 -999
P12054 2011 3 30 17 10 7 0 0 9 0 5 14 18 24 20 19 28 57 72 35 23 26 26 33 48 91 0 14 23 43 0 0 9
P12054 2011 4 0 21 18 0 0 12 0 0 0 0 19 21 24 0 0 11 0 31 25 24 0 0 0 0 0 0 0 0 2 4 -999
P12054 2011 5 7 16 13 8 0 0 0 12 21 32 0 9 0 0 19 16 0 0 0 22 0 0 0 0 21 24 0 0 18 19 0
P12054 2011 6 11 0 9 0 0 10 0 0 0 0 0 19 0 0 19 15 0 0 0 9 0 0 20 0 0 0 0 0 0 0 -999
P12054 2011 7 0 11 0 0 0 0 0 0 0 0 0 0 0 0 18 0 0 0 0 0 0 0 0 7 0 0 0 0 0 0 0
P12054 2011 8 6 0 0 0 0 0 0 0 0 0 21 0 0 0 12 14 15 0 0 0 0 0 0 0 0 0 0 0 0 0 0
P12054 2011 9 14 6 0 0 0 0 6 0 34 41 0 0 5 0 0 3 0 0 0 0 0 0 0 8 0 8 0 0 0 18 -999
P12054 2011 10 15 0 0 0 5 0 0 0 0 0 0 0 0 0 13 11 0 0 0 0 14 16 0 15 0 8 0 10 18 24 22
P12054 2011 11 9 8 0 30 50 0 45 16 0 0 4 5 8 4 0 0 24 18 0 0 7 48 50 42 0 7 6 0 0 3 -999
P12054 2011 12 0 0 22 0 0 0 0 0 0 0 0 0 0 5 8 28 0 38 47 40 52 26 23 0 12 28 23 21 20 20 28
P12054 2012 1 45 0 0 0 0 0 2 0 0 0 0 0 0 0 0 0 5 5 0 0 0 0 1 1 0 0 0 5 10 0 6
P12054 2012 2 4 11 29 18 6 0 0 0 0 2 0 0 0 0 0 0 0 8 22 20 0 6 3 4 11 0 0 0 -999 -999 -999
P12054 2012 3 32 50 28 18 0 14 0 0 0 0 0 8 18 0 9 20 24 0 0 0 0 0 15 0 0 0 0 0 0 0 0
P12054 2012 4 0 0 0 0 0 14 30 26 0 0 6 0 20 58 43 28 28 22 14 13 0 0 9 32 48 39 31 28 30 31 -999
P12054 2012 5 0 21 22 0 0 0 11 0 24 0 0 0 27 31 28 0 0 16 11 0 0 0 13 0 31 28 0 0 0 0 5
P12054 2012 6 0 0 0 0 0 0 0 18 34 25 0 16 17 21 0 0 0 0 15 0 17 0 0 8 0 0 0 0 29 14 -999
P12054 2012 7 0 0 0 0 0 0 0 0 0 0 0 0 23 0 0 0 0 23 0 0 15 15 0 21 26 0 0 0 0 0 0
P12054 2012 8 0 0 0 0 0 0 16 0 0 24 19 0 0 13 16 14 0 0 0 10 10 0 0 0 0 14 0 11 0 10 0
P12054 2012 9 10 0 0 0 14 0 23 0 7 0 0 0 0 8 0 0 0 0 9 0 0 10 0 0 0 14 0 0 17 0 -999
P12054 2012 10 0 0 5 0 0 0 0 0 21 29 42 18 0 9 20 22 16 0 0 12 20 31 18 0 11 14 0 19 0 39 34
P12054 2012 11 33 54 41 0 12 0 0 0 0 29 0 0 3 0 0 0 8 0 43 0 0 0 0 0 0 11 12 17 23 0 -999
P12054 2012 12 0 5 0 12 11 33 37 32 11 0 10 0 13 52 39 40 0 21 12 0 7 18 0 0 0 9 0 5 0 14 44
P12054 2013 1 24 8 12 32 24 7 11 0 0 0 0 0 2 0 0 0 0 0 0 0 1 0 0 0 0 1 0 5 7 16 0
P12054 2013 2 0 0 0 0 0 0 0 0 9 4 0 0 16 55 38 13 13 31 52 42 0 43 36 61 20 10 2 2 -999 -999 -999
P12054 2013 3 5 9 0 0 8 6 10 28 25 37 68 58 52 21 15 22 27 21 0 21 15 31 36 14 0 0 0 0 34 0 60
P12054 2013 4 0 15 10 15 17 0 0 13 5 5 0 0 18 23 17 27 10 9 14 0 33 0 0 24 46 0 4 0 0 7 -999
P12054 2013 5 0 0 0 21 16 0 0 0 0 33 0 27 10 0 0 37 35 26 18 16 0 0 0 10 0 5 0 0 0 9 0
P12054 2013 6 0 26 0 22 0 0 0 36 0 40 35 0 26 0 15 0 0 0 13 9 11 0 0 0 0 34 0 24 27 21 -999
P12054 2013 7 0 0 0 0 23 27 0 17 0 0 0 0 0 0 18 0 0 0 0 16 25 21 0 0 0 0 0 0 0 0 0
P12054 2013 8 0 0 0 0 27 23 0 23 21 20 0 16 0 8 14 0 0 0 0 0 0 16 0 21 0 0 0 0 0 24 0
P12054 2013 9 27 0 15 0 0 0 0 0 15 0 0 0 0 0 0 11 0 0 0 22 0 17 0 0 0 0 0 0 0 0 -999
P12054 2013 10 0 0 0 0 0 0 0 0 0 15 0 12 0 10 11 15 28 20 0 0 0 0 0 0 0 0 6 0 0 0 0
P12054 2013 11 0 0 0 0 0 0 0 6 10 12 14 10 0 7 9 7 0 68 123 72 35 58 75 67 32 49 40 25 12 13 -999
P12054 2013 12 15 39 27 27 0 0 0 0 0 6 3 6 0 6 0 0 5 0 0 5 0 0 0 14 10 17 0 0 21 25 12
P12054 2014 1 16 7 0 9 14 13 0 0 0 0 0 0 18 13 16 0 0 0 0 0 1 0 0 4 0 0 26 34 63 59 0
P12054 2014 2 22 0 19 0 22 31 31 49 25 0 7 10 19 7 0 0 0 11 22 0 9 0 0 6 3 3 0 19 -999 -999 -999