precip	MIROC5	RCP60	REGRESION	decimas	1
P12023	41.245	-4.870	182	geo	2006	2100	-1
P12023 2006 1 0 0 0 7 7 12 7 0 0 0 14 47 90 26 32 52 41 40 0 11 0 0 15 9 0 0 12 0 0 22 0
P12023 2006 2 13 35 23 0 0 0 0 0 0 0 7 0 18 18 0 14 13 8 17 0 11 9 8 0 0 0 6 9 -999 -999 -999
P12023 2006 3 0 35 47 58 51 54 53 0 33 0 34 24 0 18 20 37 60 58 47 28 31 25 25 0 22 24 24 30 35 28 0
P12023 2006 4 19 27 22 23 0 10 0 16 0 0 0 0 0 9 0 0 0 0 0 0 0 0 8 0 19 0 34 0 0 0 -999
P12023 2006 5 16 18 16 23 20 31 16 11 0 0 0 0 0 18 0 0 13 10 14 14 0 0 0 0 0 0 0 0 0 0 0
P12023 2006 6 0 10 0 0 0 0 0 0 0 0 12 0 0 0 0 0 0 14 0 0 10 0 0 0 0 17 0 0 0 21 -999
P12023 2006 7 0 0 0 0 12 0 0 0 0 0 0 0 0 0 0 0 0 0 0 0 0 0 0 0 0 0 0 0 0 0 0
P12023 2006 8 0 0 0 0 0 0 0 0 0 0 0 0 0 19 0 0 0 0 0 17 0 0 0 0 0 0 9 11 0 20 0
P12023 2006 9 0 14 0 18 0 10 0 0 18 0 0 0 10 0 0 0 0 0 0 12 0 0 0 0 0 0 0 0 11 0 -999
P12023 2006 10 0 0 0 0 0 0 0 0 0 0 12 15 0 0 18 14 11 0 0 0 17 0 0 10 0 16 0 17 0 11 12
P12023 2006 11 15 0 0 12 9 0 25 21 11 0 4 0 0 0 0 0 0 0 0 0 12 12 0 21 0 7 0 0 0 0 -999
P12023 2006 12 0 0 0 0 0 5 0 32 36 21 0 18 18 0 37 47 0 0 0 0 14 30 54 0 30 28 21 20 24 19 12
P12023 2007 1 0 15 10 0 0 0 0 0 0 0 0 0 0 5 0 0 0 3 9 0 0 0 0 0 10 10 8 13 14 13 0
P12023 2007 2 7 0 0 14 8 0 15 44 83 56 19 0 0 9 9 0 0 0 0 17 0 0 27 20 26 23 24 0 -999 -999 -999
P12023 2007 3 14 0 17 29 33 18 12 10 0 0 14 0 28 43 23 13 17 0 0 23 0 0 0 0 5 0 0 0 0 2 0
P12023 2007 4 0 2 0 10 7 13 4 0 0 0 0 0 0 0 9 14 0 30 0 22 17 14 21 19 11 10 0 0 0 0 -999
P12023 2007 5 2 5 0 19 34 0 11 0 0 0 18 0 0 0 0 0 0 19 0 0 0 0 3 0 8 0 0 0 0 0 14
P12023 2007 6 16 0 0 0 0 0 0 0 0 0 0 0 0 0 10 9 0 0 0 10 0 0 19 12 0 0 0 16 0 0 -999
P12023 2007 7 0 0 0 0 0 0 0 0 0 19 0 0 0 0 0 0 0 0 0 0 16 0 0 0 0 0 0 0 0 0 0
P12023 2007 8 0 0 0 0 0 0 0 0 0 0 0 0 0 0 0 0 14 0 0 0 0 0 0 0 0 16 0 0 0 0 0
P12023 2007 9 0 0 0 0 0 0 0 0 0 0 0 0 0 0 0 0 0 0 0 0 0 0 0 0 0 0 0 0 10 0 -999
P12023 2007 10 0 0 0 10 0 0 0 12 16 0 0 0 28 28 14 0 0 34 0 7 19 0 0 29 13 0 23 0 0 7 0
P12023 2007 11 7 0 11 0 7 9 0 0 14 17 27 27 0 0 0 0 0 0 3 0 0 0 0 6 0 0 0 0 0 0 -999
P12023 2007 12 7 0 0 0 7 0 9 0 0 3 0 0 0 0 0 0 0 17 0 0 0 0 0 9 0 0 0 0 0 0 0
P12023 2008 1 0 15 19 22 0 0 2 1 0 0 5 6 9 13 13 12 0 6 0 18 36 37 0 0 20 43 42 27 24 31 44
P12023 2008 2 65 31 46 28 24 35 25 39 18 22 31 12 0 0 24 25 15 31 19 0 0 7 7 0 9 16 16 0 -999 -999 -999
P12023 2008 3 0 8 8 0 0 0 0 0 5 0 0 0 18 11 6 0 0 0 5 6 0 0 0 8 0 0 0 0 0 0 4
P12023 2008 4 0 0 0 14 14 0 0 0 0 0 0 10 16 18 0 28 22 15 10 0 8 7 0 0 0 0 0 8 0 0 -999
P12023 2008 5 13 0 0 6 0 9 0 0 11 0 29 16 0 20 15 0 8 8 17 24 0 0 27 0 0 0 0 0 0 0 12
P12023 2008 6 0 0 0 0 0 0 12 0 0 0 14 0 13 26 0 0 0 0 0 0 10 0 0 0 0 13 0 0 0 0 -999
P12023 2008 7 0 0 0 0 13 0 0 24 0 0 0 0 0 25 0 0 0 0 0 0 0 0 0 16 0 0 18 0 0 0 0
P12023 2008 8 0 0 0 0 0 0 0 13 0 0 0 0 18 0 0 0 0 0 0 0 0 0 0 0 9 15 0 7 0 0 0
P12023 2008 9 0 0 0 11 0 0 0 0 0 13 0 17 0 21 0 0 0 0 0 0 0 0 0 0 0 0 0 18 26 0 -999
P12023 2008 10 21 16 9 0 0 0 13 0 0 10 0 27 0 0 0 0 0 0 0 0 15 0 0 17 0 0 26 18 0 0 13
P12023 2008 11 0 0 20 10 0 0 0 0 7 8 16 0 0 0 0 0 12 0 0 0 0 0 0 0 0 0 0 3 0 0 -999
P12023 2008 12 0 0 0 1 0 0 0 0 7 0 16 0 0 10 0 0 0 0 0 4 0 0 0 8 17 18 0 12 0 0 0
P12023 2009 1 0 0 0 0 0 0 0 5 0 0 3 0 0 9 0 0 0 0 0 2 0 4 3 0 0 0 0 0 0 0 0
P12023 2009 2 0 0 0 7 5 0 0 0 0 0 0 3 0 0 0 0 0 0 0 0 0 0 3 3 0 3 4 0 -999 -999 -999
P12023 2009 3 27 29 26 14 0 9 0 25 20 0 0 0 6 12 0 20 37 33 25 0 0 8 22 0 19 34 27 41 38 32 16
P12023 2009 4 0 16 0 0 17 21 10 9 0 0 9 14 14 13 0 0 0 0 10 0 0 0 0 6 0 0 0 16 0 30 -999
P12023 2009 5 19 19 17 0 16 19 11 10 0 12 11 0 0 0 0 0 0 0 0 0 0 0 17 0 0 9 0 0 0 12 0
P12023 2009 6 0 0 0 13 15 16 0 9 0 0 0 0 0 18 0 17 0 0 0 0 0 0 0 0 0 13 0 0 0 0 -999
P12023 2009 7 0 0 0 0 0 19 0 0 0 0 0 0 0 0 0 0 0 0 0 0 0 0 0 0 0 0 0 0 0 0 0
P12023 2009 8 21 0 0 0 0 0 0 12 0 0 0 0 0 0 0 0 0 0 0 0 0 0 20 0 0 0 0 11 0 0 0
P12023 2009 9 0 0 0 0 0 0 0 0 0 25 22 13 0 0 0 0 14 0 0 0 0 19 0 0 0 0 0 0 9 9 -999
P12023 2009 10 0 6 0 0 6 0 0 0 0 0 0 0 12 12 0 0 17 0 0 10 0 7 0 26 0 7 0 0 0 0 0
P12023 2009 11 0 0 0 0 0 0 0 0 8 6 0 7 0 0 0 0 11 0 11 0 0 0 24 16 0 0 0 0 0 0 -999
P12023 2009 12 14 19 26 16 37 0 32 18 15 30 19 0 13 9 0 0 0 24 21 13 11 12 0 0 21 24 30 23 16 0 0
P12023 2010 1 0 0 22 41 30 0 0 7 0 0 0 7 10 0 0 0 0 0 0 13 0 0 0 0 0 0 0 0 7 11 0
P12023 2010 2 8 0 0 0 10 13 0 0 0 0 0 0 0 0 0 0 0 0 0 0 0 0 0 0 3 0 0 0 -999 -999 -999
P12023 2010 3 5 0 0 0 0 0 10 0 27 24 0 0 0 0 0 0 0 16 29 16 0 0 0 0 0 0 0 0 0 0 0
P12023 2010 4 12 0 0 14 0 0 18 27 24 0 16 0 0 0 29 22 0 0 0 14 14 0 0 0 15 7 0 0 0 0 -999
P12023 2010 5 0 0 0 0 0 0 6 0 0 0 0 0 0 0 0 0 0 16 9 0 0 10 0 0 0 0 22 0 0 0 0
P12023 2010 6 0 15 15 0 10 0 0 0 0 0 0 0 20 0 0 23 10 0 0 0 0 0 0 0 0 0 0 0 0 0 -999
P12023 2010 7 0 19 0 0 0 0 0 16 16 0 0 0 0 0 0 16 0 0 0 8 0 0 0 18 17 0 0 0 0 15 19
P12023 2010 8 26 0 0 0 0 11 0 17 14 0 0 0 10 0 0 0 19 0 0 0 0 0 13 0 0 0 0 0 0 0 16
P12023 2010 9 0 0 0 0 0 7 0 0 20 12 0 18 0 0 0 0 0 14 0 12 0 0 0 0 19 0 0 0 8 0 -999
P12023 2010 10 0 0 0 0 0 0 11 0 0 24 30 22 33 0 16 0 0 0 16 0 13 15 11 0 0 0 7 0 14 0 8
P12023 2010 11 8 0 0 8 0 0 0 0 6 0 0 0 0 5 0 0 11 0 8 0 7 0 0 0 0 0 0 0 0 0 -999
P12023 2010 12 3 0 5 0 9 10 9 6 7 7 0 12 20 17 0 4 7 0 0 0 0 0 0 0 0 0 0 0 0 0 0
P12023 2011 1 0 0 0 0 12 0 0 0 0 0 0 6 0 8 12 5 0 0 0 0 0 15 28 14 0 0 0 0 2 3 0
P12023 2011 2 8 0 0 18 20 23 18 10 0 0 0 13 10 8 13 0 0 7 9 0 12 0 13 0 7 7 0 21 -999 -999 -999
P12023 2011 3 22 15 0 0 0 9 7 5 0 11 14 19 15 13 0 37 30 18 0 17 16 24 38 74 29 12 23 43 0 0 0
P12023 2011 4 15 21 17 0 0 0 0 13 0 0 0 0 0 0 0 0 0 21 17 19 0 0 7 0 0 0 0 0 0 0 -999
P12023 2011 5 0 0 0 5 0 0 0 11 0 25 10 0 0 0 17 15 0 9 0 22 0 0 8 0 0 0 0 0 0 9 9
P12023 2011 6 0 0 0 0 0 0 0 0 0 0 17 17 0 0 0 0 0 0 8 0 0 17 12 0 0 0 14 0 0 0 -999
P12023 2011 7 9 0 0 14 0 0 0 0 0 0 0 0 0 14 11 0 0 0 0 15 0 0 0 0 0 0 0 0 0 0 0
P12023 2011 8 0 0 0 0 0 0 0 0 0 0 0 0 0 0 0 0 0 0 0 0 0 0 0 0 0 0 0 0 0 0 15
P12023 2011 9 0 0 9 14 0 0 0 0 0 26 0 0 0 0 0 0 0 0 0 0 0 0 0 0 8 0 0 0 10 15 -999
P12023 2011 10 0 0 0 0 0 0 8 0 0 11 0 13 14 0 0 12 0 0 0 0 0 0 16 14 0 0 0 9 12 16 14
P12023 2011 11 0 0 0 18 0 37 0 0 5 0 0 0 0 6 0 0 23 16 0 0 0 30 21 0 0 0 7 10 0 0 -999
P12023 2011 12 0 16 19 0 0 0 4 0 0 0 8 0 9 4 9 28 33 32 34 32 36 18 19 0 0 0 21 0 19 18 31
P12023 2012 1 0 0 0 0 0 0 0 0 0 0 3 0 0 0 0 0 3 3 0 0 0 0 0 0 0 4 0 0 11 0 0
P12023 2012 2 0 0 19 11 5 5 0 5 0 0 4 0 0 3 0 0 0 10 20 15 0 6 5 0 0 0 3 9 -999 -999 -999
P12023 2012 3 22 27 18 0 0 0 7 0 0 0 0 7 13 0 10 20 18 0 18 29 28 15 15 20 15 0 0 0 0 0 0
P12023 2012 4 7 0 0 0 4 0 0 16 7 4 0 0 12 39 29 20 0 10 8 8 0 0 0 0 0 21 24 24 22 22 -999
P12023 2012 5 14 0 0 0 0 0 0 11 16 15 13 17 18 23 0 15 14 13 0 0 0 0 0 0 0 0 13 0 0 0 4
P12023 2012 6 0 0 0 0 0 0 0 0 0 0 0 12 13 14 17 0 0 0 0 16 0 0 0 0 0 0 0 15 17 0 -999
P12023 2012 7 0 0 5 0 0 0 0 19 0 0 18 0 0 0 0 0 20 0 0 0 0 0 0 0 0 0 0 0 0 0 0
P12023 2012 8 0 0 0 0 0 0 12 0 0 0 0 0 0 11 0 0 0 0 0 0 0 0 0 0 0 0 0 0 0 0 0
P12023 2012 9 0 0 0 0 0 0 0 0 0 0 0 12 0 0 0 0 0 0 0 10 0 0 0 0 0 0 0 0 0 0 -999
P12023 2012 10 0 0 0 5 0 0 0 11 0 24 35 15 0 0 19 20 18 0 0 0 18 0 14 0 0 13 22 0 0 31 0
P12023 2012 11 0 32 27 0 11 0 0 0 0 25 23 0 0 0 0 6 0 26 36 0 15 0 0 0 0 10 0 0 23 0 -999
P12023 2012 12 9 0 9 11 14 37 34 32 10 0 0 9 0 36 0 29 22 13 0 0 0 16 7 15 10 0 0 5 11 0 29
P12023 2013 1 0 9 0 24 0 6 14 10 0 0 0 0 2 0 0 0 4 0 3 0 0 0 0 0 0 0 0 8 11 0 0
P12023 2013 2 0 0 3 4 0 0 4 0 0 0 0 6 19 43 0 0 12 0 43 0 28 35 28 41 0 0 0 0 -999 -999 -999
P12023 2013 3 9 0 10 14 8 0 13 24 20 32 55 49 38 16 17 24 21 20 22 0 14 31 29 0 0 11 16 24 0 27 38
P12023 2013 4 0 0 9 14 10 16 0 9 0 0 0 0 0 0 0 21 0 0 0 0 24 0 0 20 0 0 0 0 0 0 -999
P12023 2013 5 0 0 0 0 0 0 11 21 19 23 23 0 0 0 23 26 20 18 15 12 9 0 4 0 0 0 0 0 0 10 12
P12023 2013 6 15 0 20 18 13 0 0 0 0 31 26 24 18 0 10 0 0 0 12 0 0 0 0 0 0 24 0 22 23 0 -999
P12023 2013 7 0 0 0 0 17 0 0 0 0 0 0 0 0 0 0 0 0 0 0 0 0 0 0 0 0 13 0 17 0 0 0
P12023 2013 8 0 0 0 0 0 0 0 17 17 0 0 0 0 0 0 0 0 0 7 0 0 0 0 0 0 0 0 0 23 0 0
P12023 2013 9 21 14 0 0 0 0 0 0 15 0 0 0 0 0 0 0 0 0 0 0 0 14 0 0 0 0 0 0 0 0 -999
P12023 2013 10 0 0 0 0 0 0 0 0 0 0 0 0 9 0 0 0 16 0 0 0 0 0 0 0 0 0 0 0 0 0 0
P12023 2013 11 0 0 3 0 0 0 0 0 0 0 8 6 4 0 0 0 12 59 83 39 32 52 60 41 20 52 0 16 9 12 -999
P12023 2013 12 12 29 21 19 0 0 0 12 0 0 0 11 8 8 0 8 6 0 5 8 9 0 0 20 16 21 0 0 26 22 0
P12023 2014 1 15 8 0 0 17 16 0 0 10 0 12 0 0 16 0 10 0 0 0 0 0 4 0 0 0 16 27 33 47 34 21
P12023 2014 2 20 25 17 0 21 34 27 36 21 26 7 12 0 0 0 0 0 0 13 0 9 0 0 0 0 0 0 0 -999 -999 -999