precip	MIROC5	RCP60	REGRESION	decimas	1
P13484	41.610	-1.385	182	geo	2006	2100	-1
P13484 2006 1 0 0 0 8 0 0 0 0 0 7 0 20 41 0 0 19 0 16 27 12 0 0 0 0 0 0 4 0 17 0 0
P13484 2006 2 6 20 0 9 5 0 0 0 0 0 0 11 17 21 0 29 0 0 4 0 23 0 0 0 0 0 5 5 -999 -999 -999
P13484 2006 3 0 17 0 25 26 30 34 41 30 22 41 40 27 21 18 0 33 30 22 0 0 13 0 11 0 11 8 15 24 14 34
P13484 2006 4 16 9 0 0 0 12 0 37 28 0 3 0 0 12 0 12 0 14 0 0 0 0 0 0 0 0 41 0 0 0 -999
P13484 2006 5 0 0 18 0 13 24 0 12 0 0 0 0 15 24 0 0 0 0 0 10 6 0 0 0 0 0 0 0 0 0 14
P13484 2006 6 0 0 0 0 0 0 0 0 20 0 0 0 19 0 15 0 0 0 0 0 0 0 0 0 0 0 0 0 0 0 -999
P13484 2006 7 0 0 0 0 0 27 0 0 0 0 0 0 0 0 18 0 0 0 0 0 0 0 0 0 0 0 0 15 0 0 0
P13484 2006 8 0 0 0 0 0 0 27 0 0 0 15 0 0 22 18 0 0 0 0 0 19 0 0 0 0 0 11 0 13 0 0
P13484 2006 9 0 0 0 0 15 19 0 12 0 21 0 0 7 0 0 0 0 26 0 0 0 0 18 28 0 0 8 5 0 0 -999
P13484 2006 10 0 0 0 0 0 0 0 0 0 0 0 18 0 0 27 0 0 0 0 8 0 0 0 7 10 11 5 8 0 3 4
P13484 2006 11 0 0 9 9 0 0 0 0 0 0 7 0 0 7 0 0 0 0 0 0 0 21 17 36 19 0 4 0 0 0 -999
P13484 2006 12 0 0 0 0 7 0 16 17 21 19 20 0 27 0 17 19 0 0 0 0 0 15 28 0 0 15 10 0 0 7 0
P13484 2007 1 0 0 0 0 0 0 0 0 0 0 0 6 0 0 0 3 0 0 16 23 0 0 0 9 21 25 22 14 16 13 11
P13484 2007 2 0 0 0 17 15 15 15 35 67 44 25 18 19 0 0 0 12 18 21 18 24 22 0 31 0 14 0 18 -999 -999 -999
P13484 2007 3 15 15 0 18 0 0 16 0 12 9 10 26 40 28 0 14 0 6 0 14 10 0 18 0 10 0 9 8 0 0 0
P13484 2007 4 4 0 0 0 0 12 0 4 0 0 10 19 27 18 11 0 17 28 22 0 20 0 25 20 0 18 0 0 0 0 -999
P13484 2007 5 0 0 0 0 21 18 0 0 0 0 0 25 34 0 18 12 0 0 22 0 0 0 0 0 0 0 0 5 0 13 0
P13484 2007 6 30 27 0 22 23 28 0 0 0 9 0 0 0 0 0 23 0 0 0 0 0 14 0 17 0 0 21 0 27 0 -999
P13484 2007 7 0 21 0 0 0 18 0 11 0 0 28 0 0 0 0 18 0 30 34 22 0 0 0 0 18 0 23 28 0 0 16
P13484 2007 8 18 0 16 0 20 0 0 0 0 0 0 0 26 0 0 0 16 0 0 23 0 0 0 0 0 24 18 0 0 0 0
P13484 2007 9 0 6 0 0 0 6 5 0 0 0 0 0 0 0 25 0 11 8 0 8 0 0 0 13 0 0 0 0 0 0 -999
P13484 2007 10 0 0 0 0 7 0 0 11 15 21 23 23 0 0 7 8 0 0 11 6 0 25 15 0 0 0 0 0 0 0 4
P13484 2007 11 0 0 9 0 0 0 6 0 8 0 0 0 0 7 0 0 0 0 0 0 0 0 7 0 0 0 0 0 19 22 -999
P13484 2007 12 0 10 12 0 25 26 0 0 0 0 0 0 4 0 0 0 12 0 0 0 0 0 0 6 0 4 0 0 0 0 0
P13484 2008 1 0 8 19 19 0 0 0 0 0 0 0 0 12 0 0 15 10 0 8 0 14 14 13 8 9 13 15 16 0 13 16
P13484 2008 2 26 15 13 0 9 9 13 17 13 0 21 18 5 5 7 0 0 0 34 0 10 8 10 23 0 29 28 34 -999 -999 -999
P13484 2008 3 0 0 8 7 0 5 0 0 0 0 12 0 0 0 0 6 0 0 0 0 0 0 0 0 0 0 0 0 0 0 0
P13484 2008 4 0 7 0 0 27 16 0 3 0 0 0 0 18 22 0 28 0 22 19 0 10 0 0 0 0 0 5 0 0 0 -999
P13484 2008 5 0 0 0 10 0 29 21 0 0 0 28 11 0 0 0 0 18 11 0 30 31 22 22 0 0 0 16 0 0 15 21
P13484 2008 6 0 0 12 0 0 18 0 0 0 17 0 0 17 0 0 0 11 20 0 0 0 0 0 0 0 0 0 0 23 17 -999
P13484 2008 7 10 0 0 0 0 0 21 0 31 0 0 20 0 0 0 0 0 0 0 0 0 0 0 0 0 21 0 0 18 0 0
P13484 2008 8 0 31 0 0 0 0 0 0 0 0 16 0 0 0 0 0 13 0 0 0 0 19 0 0 0 21 0 0 0 0 0
P13484 2008 9 9 0 0 0 0 15 0 0 0 0 0 17 0 16 0 0 0 0 0 0 13 0 0 0 0 0 0 0 16 19 -999
P13484 2008 10 12 0 0 0 0 0 0 17 0 0 17 20 18 0 0 0 0 0 0 0 0 0 0 0 0 0 19 11 19 15 11
P13484 2008 11 15 0 24 0 0 8 0 0 0 12 15 0 0 0 0 0 0 0 3 2 0 0 0 0 0 0 0 0 0 0 -999
P13484 2008 12 0 0 0 0 0 9 0 0 9 11 19 11 5 0 12 0 0 0 0 0 0 0 0 4 0 0 4 0 8 0 0
P13484 2009 1 0 0 0 0 7 0 0 0 0 6 0 15 20 11 0 0 0 0 0 0 0 0 4 0 0 0 0 0 0 0 0
P13484 2009 2 0 0 8 12 16 9 0 0 0 0 6 5 8 0 0 4 0 0 0 0 0 4 0 13 10 9 5 0 -999 -999 -999
P13484 2009 3 29 41 30 0 0 0 5 12 34 29 19 0 0 12 0 15 10 9 5 0 0 0 0 12 12 27 19 33 20 24 0
P13484 2009 4 14 40 46 0 19 33 0 11 0 6 8 0 0 19 17 0 0 0 11 0 30 0 0 0 11 0 0 12 16 0 -999
P13484 2009 5 0 27 0 16 0 28 13 13 16 31 33 13 0 0 0 0 0 0 0 0 0 39 0 0 21 14 0 0 15 17 16
P13484 2009 6 0 0 0 0 0 0 22 0 0 0 0 0 0 17 24 31 27 0 0 0 0 0 0 17 0 0 16 0 0 0 -999
P13484 2009 7 0 0 20 21 0 0 0 0 26 0 0 26 0 0 0 0 0 0 17 0 0 0 0 24 20 0 0 0 0 0 0
P13484 2009 8 22 0 0 0 0 0 20 0 0 24 0 0 0 14 0 0 0 0 12 0 0 16 26 26 0 16 0 13 0 23 0
P13484 2009 9 27 16 0 0 0 0 8 13 0 0 30 0 0 0 0 0 0 0 18 0 23 0 0 0 8 0 0 0 0 11 -999
P13484 2009 10 0 0 15 0 0 0 0 0 0 0 0 0 0 0 12 18 0 0 26 18 0 0 0 0 0 0 0 0 0 0 9
P13484 2009 11 0 0 0 0 0 0 0 0 0 0 0 0 4 0 0 13 15 0 5 6 0 0 0 0 0 0 12 0 8 0 -999
P13484 2009 12 7 3 5 0 5 15 32 21 15 24 24 7 3 0 0 0 0 8 16 16 0 0 0 5 0 0 17 13 0 6 0
P13484 2010 1 0 8 0 28 21 0 0 0 7 12 11 0 9 8 8 13 0 2 0 0 0 0 0 0 0 0 0 5 0 0 13
P13484 2010 2 9 0 7 0 0 20 20 0 9 8 0 0 0 0 0 0 0 0 3 0 0 0 0 0 0 0 0 0 -999 -999 -999
P13484 2010 3 0 0 0 6 0 16 27 26 0 0 20 14 0 0 7 0 0 0 19 41 24 0 0 0 0 0 0 0 0 0 0
P13484 2010 4 9 0 0 0 0 0 0 29 0 21 0 0 0 27 0 42 24 0 10 0 22 24 0 7 29 0 0 0 26 25 -999
P13484 2010 5 17 0 18 0 0 0 0 0 0 0 0 30 21 0 23 0 0 13 0 0 0 0 0 0 18 0 28 18 0 0 16
P13484 2010 6 0 21 20 14 0 0 0 0 0 0 0 0 0 21 21 26 0 0 0 0 0 0 0 14 0 0 0 0 0 25 -999
P13484 2010 7 0 0 14 0 0 0 0 0 22 0 21 18 0 0 0 0 0 0 0 0 0 20 19 0 0 0 0 0 0 0 0
P13484 2010 8 0 24 18 0 0 15 0 0 19 0 26 0 0 0 0 0 0 0 0 0 8 0 0 20 0 0 0 0 0 0 0
P13484 2010 9 0 0 0 0 0 0 0 0 0 0 0 22 0 0 14 0 0 0 0 0 0 0 0 0 0 0 0 0 0 0 -999
P13484 2010 10 0 0 0 0 9 0 0 16 0 0 0 8 14 18 0 9 10 6 9 13 0 0 0 0 0 0 0 0 0 7 0
P13484 2010 11 0 0 0 0 0 0 0 0 0 0 0 0 0 0 0 8 5 3 0 0 0 3 0 5 0 0 0 0 0 0 -999
P13484 2010 12 10 0 9 0 0 9 9 6 8 6 0 6 0 0 15 0 0 0 0 7 0 0 0 0 0 0 0 0 0 0 0
P13484 2011 1 3 0 5 0 6 0 0 0 0 6 0 0 0 7 0 0 0 0 0 3 8 9 23 15 5 2 2 0 0 2 5
P13484 2011 2 0 0 0 7 0 0 0 0 0 0 0 0 4 0 0 0 0 0 0 0 0 0 0 8 0 8 12 0 -999 -999 -999
P13484 2011 3 26 18 0 0 20 0 9 0 0 0 0 17 18 0 21 40 0 22 13 14 16 19 0 26 22 9 0 31 0 0 0
P13484 2011 4 0 22 0 0 0 0 0 0 18 21 19 0 26 0 0 0 0 0 25 23 0 14 0 0 0 0 0 0 0 0 -999
P13484 2011 5 0 0 10 9 0 12 15 0 23 28 12 0 15 16 0 0 0 0 0 0 0 26 0 0 17 0 28 26 28 0 0
P13484 2011 6 0 0 0 0 0 0 0 0 19 0 0 0 26 26 0 0 10 0 11 0 16 0 0 23 0 0 0 20 15 0 -999
P13484 2011 7 10 0 0 0 0 0 13 0 0 0 0 0 0 0 22 0 12 0 0 0 27 0 0 0 0 0 0 0 0 0 0
P13484 2011 8 0 0 0 0 0 0 0 18 0 0 0 0 0 0 16 0 0 0 0 0 0 0 0 0 0 0 0 0 18 0 28
P13484 2011 9 28 12 0 0 0 0 0 0 0 30 15 0 9 0 8 0 0 0 0 0 0 0 0 12 0 7 0 0 0 0 -999
P13484 2011 10 0 0 0 0 0 0 0 0 0 0 0 0 0 0 10 9 0 0 9 0 13 0 0 0 0 0 0 9 0 27 36
P13484 2011 11 20 0 0 9 17 0 51 35 15 0 0 0 0 0 0 0 17 0 5 0 0 0 33 33 0 0 0 0 0 3 -999
P13484 2011 12 0 9 0 28 0 0 0 0 0 0 0 0 8 4 0 9 11 11 0 17 21 10 13 0 0 16 0 3 0 0 0
P13484 2012 1 16 0 0 0 0 3 3 0 0 0 0 0 0 0 0 0 0 0 12 0 14 0 0 0 9 0 0 0 0 0 0
P13484 2012 2 0 0 0 23 0 3 0 0 0 0 0 0 0 0 0 0 0 0 12 13 0 13 0 4 0 0 0 7 -999 -999 -999
P13484 2012 3 14 30 34 34 0 13 0 4 0 0 0 4 7 0 0 15 24 22 18 0 0 0 14 14 0 5 0 0 0 12 0
P13484 2012 4 0 0 10 0 0 0 15 13 10 0 0 14 0 40 0 0 25 22 0 18 0 0 0 21 27 30 33 0 0 0 -999
P13484 2012 5 22 23 29 19 0 0 25 33 24 0 17 22 26 0 0 16 0 14 13 0 13 0 15 0 0 24 15 13 0 0 8
P13484 2012 6 0 0 0 0 0 0 0 0 0 0 0 24 24 0 25 0 0 0 0 0 0 0 0 0 0 11 0 0 28 0 -999
P13484 2012 7 10 0 0 0 0 0 24 28 27 0 0 26 24 0 15 0 0 0 0 0 20 0 19 0 24 0 0 0 0 0 0
P13484 2012 8 0 13 0 0 0 0 0 0 0 0 20 14 10 0 0 0 19 16 0 0 0 0 12 0 0 15 0 0 18 13 0
P13484 2012 9 0 0 0 0 0 0 0 14 0 0 0 0 0 0 0 0 0 0 0 0 0 0 0 0 0 0 0 18 0 21 -999
P13484 2012 10 0 11 0 0 0 0 0 0 0 16 27 0 0 0 10 0 0 0 0 0 0 0 0 13 0 13 0 9 6 7 9
P13484 2012 11 6 16 23 24 6 0 0 0 5 0 16 15 0 0 0 0 6 12 19 21 0 0 0 0 0 0 0 0 0 0 -999
P13484 2012 12 19 0 0 0 12 0 33 0 8 9 0 0 0 0 20 0 24 0 10 0 0 7 0 4 0 1 0 0 0 0 28
P13484 2013 1 24 13 11 0 0 0 0 4 0 0 0 4 0 0 0 0 0 0 0 0 2 0 0 0 0 0 0 0 4 4 0
P13484 2013 2 0 0 0 0 3 0 0 0 0 0 0 0 0 30 0 10 0 14 20 0 17 17 12 22 19 0 5 0 -999 -999 -999
P13484 2013 3 0 0 0 10 10 7 0 0 26 21 31 25 25 17 9 15 17 0 0 13 0 27 28 0 0 17 0 0 35 0 41
P13484 2013 4 41 0 0 11 0 0 0 6 3 0 0 0 0 0 17 20 0 0 0 0 0 0 0 0 35 22 0 8 0 0 -999
P13484 2013 5 0 0 0 0 18 8 0 28 24 25 23 19 12 0 0 0 0 18 0 17 0 0 0 0 13 0 0 0 0 0 0
P13484 2013 6 0 24 0 17 0 0 24 0 0 30 21 23 0 0 0 14 0 0 13 0 0 0 0 0 20 30 49 0 22 0 -999
P13484 2013 7 17 16 0 0 13 0 29 0 0 0 20 0 0 0 0 0 20 0 0 0 0 0 0 0 0 0 0 0 0 0 0
P13484 2013 8 18 0 22 31 0 0 0 25 0 20 0 0 0 0 0 0 0 0 0 0 0 0 0 0 0 0 0 0 24 20 23
P13484 2013 9 14 0 0 0 0 0 0 0 13 0 0 0 0 0 0 0 12 0 18 16 0 0 0 16 10 0 0 6 0 0 -999
P13484 2013 10 0 0 0 0 8 0 0 0 0 14 0 17 0 0 12 0 0 23 9 0 0 0 0 0 0 0 0 0 0 0 0
P13484 2013 11 0 0 0 0 0 0 0 0 9 0 17 0 0 6 0 9 0 37 59 49 16 18 25 30 25 14 20 24 9 5 -999
P13484 2013 12 0 12 5 13 0 0 0 9 0 0 0 0 8 0 0 0 6 0 0 0 7 0 0 0 0 0 14 0 16 0 0
P13484 2014 1 0 6 0 0 0 0 0 0 11 0 0 4 3 0 0 5 0 0 0 0 0 0 0 0 0 0 0 0 57 50 24
P13484 2014 2 0 15 12 7 7 11 12 22 14 13 6 0 6 0 0 0 0 10 0 0 0 6 0 0 0 0 0 0 -999 -999 -999