precip	MIROC5	RCP60	REGRESION	decimas	1
P11780	41.075	-1.820	182	geo	2006	2100	-1
P11780 2006 1 0 6 0 0 0 0 0 0 0 7 9 26 60 50 15 28 25 29 31 15 0 4 12 0 3 0 0 0 0 18 0
P11780 2006 2 5 19 0 8 4 3 0 0 0 0 0 10 18 23 30 0 0 6 7 21 26 0 14 0 7 0 0 0 -999 -999 -999
P11780 2006 3 16 25 32 39 42 39 46 52 38 26 42 40 28 0 0 26 39 41 32 17 23 0 20 16 20 14 12 19 34 21 40
P11780 2006 4 21 14 0 21 0 0 0 36 0 4 0 6 0 9 9 10 0 0 0 0 4 0 0 0 0 0 37 44 42 0 -999
P11780 2006 5 27 0 19 18 17 28 20 11 8 0 0 0 20 29 0 0 0 0 0 14 9 0 7 0 0 0 10 0 16 14 13
P11780 2006 6 0 0 0 0 0 0 0 0 20 19 0 0 0 0 0 16 19 21 17 15 0 0 0 16 21 0 17 16 0 24 -999
P11780 2006 7 0 0 0 0 0 0 0 0 0 0 6 0 0 0 0 0 0 0 14 0 0 20 21 0 0 27 0 0 0 0 0
P11780 2006 8 0 21 0 0 0 0 0 0 13 0 13 14 0 20 19 15 13 0 0 0 21 0 0 18 18 0 0 0 0 16 19
P11780 2006 9 0 0 0 0 18 0 0 12 18 23 0 0 0 0 0 0 0 0 22 0 0 0 19 0 0 0 7 6 9 13 -999
P11780 2006 10 7 0 7 10 0 0 0 0 0 0 0 0 0 0 25 24 0 0 9 9 12 0 0 0 10 0 0 0 10 5 0
P11780 2006 11 0 0 0 0 0 8 13 14 8 0 0 0 0 5 0 4 0 0 0 6 15 23 18 37 0 0 0 0 0 0 -999
P11780 2006 12 0 0 0 0 0 0 0 17 19 16 17 21 24 18 0 24 0 0 0 0 12 16 30 35 17 0 12 0 0 0 0
P11780 2007 1 7 0 0 0 0 0 0 0 0 0 0 0 0 3 0 0 0 0 19 22 0 0 9 12 23 25 0 17 23 16 13
P11780 2007 2 9 0 14 26 19 16 18 39 77 59 28 20 0 10 0 0 12 0 0 18 22 0 22 22 17 0 14 21 -999 -999 -999
P11780 2007 3 18 16 0 17 24 23 0 12 0 9 12 39 51 37 28 16 11 8 0 14 11 19 17 0 0 10 10 0 0 0 0
P11780 2007 4 4 0 0 0 0 13 0 5 3 0 0 0 28 20 0 10 16 0 25 21 24 33 0 25 20 20 20 12 6 5 -999
P11780 2007 5 0 0 0 16 23 22 19 11 0 15 18 0 34 33 0 0 14 22 24 22 13 0 0 0 0 0 0 0 0 0 0
P11780 2007 6 0 0 20 21 22 26 27 15 0 9 0 0 28 27 0 17 0 11 0 0 0 15 0 0 0 0 0 0 0 0 -999
P11780 2007 7 21 0 0 0 0 0 0 13 18 0 0 29 0 13 0 0 0 0 0 0 0 0 0 0 0 0 23 28 0 0 0
P11780 2007 8 0 15 0 0 0 0 0 0 0 0 0 0 0 0 0 0 0 0 0 24 0 0 0 9 19 0 0 0 0 22 0
P11780 2007 9 0 0 0 0 0 7 5 0 0 0 0 0 0 0 0 0 11 0 0 0 7 0 0 0 0 0 0 0 0 6 -999
P11780 2007 10 0 9 10 0 0 0 0 11 0 20 20 22 25 23 0 0 0 0 0 0 11 24 19 17 0 0 0 15 0 0 0
P11780 2007 11 0 0 11 0 0 0 0 0 0 10 12 17 0 8 0 7 0 0 0 0 0 0 0 0 7 6 0 0 18 20 -999
P11780 2007 12 0 9 0 17 21 23 18 10 0 4 0 4 0 0 0 0 13 0 14 0 4 0 0 0 5 5 0 0 0 0 0
P11780 2008 1 0 13 0 25 16 0 0 0 0 10 0 0 10 12 20 15 10 0 0 0 22 23 18 0 0 21 25 21 14 19 22
P11780 2008 2 36 22 18 20 11 14 17 23 0 24 0 23 7 0 0 19 0 0 36 19 0 9 0 17 0 24 25 31 -999 -999 -999
P11780 2008 3 35 0 7 0 0 0 0 3 0 0 11 0 0 0 0 0 0 0 0 0 0 0 0 0 7 0 0 0 0 3 0
P11780 2008 4 0 0 11 18 23 0 0 0 5 0 0 0 17 19 24 27 23 21 0 0 0 0 7 0 0 0 0 8 0 0 -999
P11780 2008 5 0 0 0 0 0 0 20 12 0 21 30 0 15 0 0 0 18 11 19 30 34 23 23 18 0 18 0 0 0 0 20
P11780 2008 6 0 0 14 0 14 16 0 11 14 0 0 0 18 25 18 0 0 0 0 0 0 0 0 0 0 0 0 0 23 0 -999
P11780 2008 7 0 0 0 12 0 0 0 0 0 0 0 0 0 0 0 18 0 0 0 0 23 0 16 18 0 0 19 0 0 0 0
P11780 2008 8 0 0 19 0 0 0 0 0 0 0 19 0 0 0 0 0 15 0 0 0 0 0 0 0 0 0 0 0 14 0 10
P11780 2008 9 0 0 0 17 0 0 0 0 15 16 0 0 16 18 0 0 0 0 0 0 0 0 14 16 17 0 0 12 21 0 -999
P11780 2008 10 16 12 0 0 12 8 0 0 10 10 21 26 21 19 0 10 0 11 12 0 0 0 11 0 16 16 26 17 22 0 0
P11780 2008 11 17 0 25 0 0 0 0 8 0 12 0 0 0 0 0 0 0 0 0 0 3 0 0 0 0 0 0 0 0 0 -999
P11780 2008 12 0 0 0 2 0 0 8 0 9 15 24 0 9 15 11 5 0 0 4 0 3 0 0 4 5 9 8 8 7 0 0
P11780 2009 1 0 0 0 5 0 10 0 6 0 7 0 14 0 12 12 9 4 0 0 0 0 0 0 0 0 0 0 0 0 0 0
P11780 2009 2 0 11 9 12 0 0 12 0 4 6 7 4 7 4 0 0 1 0 0 0 4 4 0 10 0 8 6 22 -999 -999 -999
P11780 2009 3 39 45 34 18 11 10 8 17 40 32 19 0 11 14 32 21 17 16 11 11 0 0 0 17 0 30 25 38 29 29 19
P11780 2009 4 17 39 45 21 20 38 0 14 0 7 11 22 30 21 20 24 0 0 10 17 27 20 0 9 0 0 0 12 0 27 -999
P11780 2009 5 38 28 17 18 22 26 15 15 0 0 34 16 0 0 0 0 0 0 0 0 0 0 28 22 19 0 11 14 0 0 15
P11780 2009 6 0 15 0 17 23 22 22 13 0 17 12 0 0 0 23 0 24 0 0 0 0 0 0 15 15 0 0 0 0 16 -999
P11780 2009 7 0 0 18 0 0 25 0 0 0 28 0 26 0 19 0 0 0 0 0 17 0 0 0 0 0 16 0 0 12 0 25
P11780 2009 8 0 0 0 0 0 0 0 0 17 0 0 0 0 0 0 0 0 0 0 0 0 0 0 0 0 0 0 0 0 0 0
P11780 2009 9 0 18 0 0 0 0 0 0 0 0 0 0 19 0 0 0 0 0 0 17 0 0 22 0 0 0 0 0 0 0 -999
P11780 2009 10 0 0 0 0 8 7 0 0 7 11 16 0 13 0 13 0 0 0 25 20 15 9 6 12 12 0 0 0 0 0 9
P11780 2009 11 5 0 4 4 0 0 0 0 0 0 0 3 4 0 0 0 0 0 6 0 9 0 11 14 0 20 12 10 9 12 -999
P11780 2009 12 11 6 11 9 12 27 44 29 18 27 0 10 5 4 0 7 0 0 15 15 9 7 7 7 0 15 18 14 10 0 0
P11780 2010 1 6 0 14 30 27 19 0 7 7 12 9 7 8 7 0 0 0 0 0 0 0 0 0 2 0 0 6 3 5 0 11
P11780 2010 2 0 0 0 0 0 22 0 14 8 0 6 0 0 0 0 6 0 0 0 9 4 10 7 0 6 4 0 5 -999 -999 -999
P11780 2010 3 0 0 0 0 11 18 27 0 25 23 0 13 0 8 0 0 7 10 24 40 21 6 0 0 0 0 4 4 0 0 0
P11780 2010 4 9 0 17 19 0 14 0 28 25 0 27 29 31 29 34 40 26 19 0 15 23 23 0 0 32 22 0 0 29 30 -999
P11780 2010 5 20 16 20 27 24 17 0 12 0 0 21 0 0 19 23 0 23 0 12 0 10 13 15 13 0 0 30 0 20 18 16
P11780 2010 6 19 23 22 16 14 14 0 0 0 0 12 0 0 18 0 26 0 0 0 13 0 0 0 13 0 0 0 0 0 0 -999
P11780 2010 7 21 23 0 0 0 19 17 0 0 22 20 0 0 0 0 18 17 0 0 0 13 0 0 0 0 0 0 14 13 16 17
P11780 2010 8 0 0 0 0 0 0 0 0 20 25 0 0 0 0 0 0 0 0 0 0 7 0 0 0 0 0 0 0 0 9 0
P11780 2010 9 15 0 0 0 0 0 0 16 22 0 21 0 33 23 0 0 0 0 0 12 0 0 0 0 14 17 10 0 0 8 -999
P11780 2010 10 0 0 0 5 8 0 0 0 18 18 22 11 18 24 13 0 11 0 0 15 0 0 27 13 7 0 0 0 9 0 5
P11780 2010 11 0 4 8 0 0 0 0 7 0 0 0 4 0 0 0 0 8 6 7 0 3 3 0 0 5 0 0 0 0 0 -999
P11780 2010 12 8 0 8 10 15 11 11 0 0 7 0 6 13 0 0 0 0 0 9 0 0 0 0 0 0 0 4 0 0 0 0
P11780 2011 1 3 0 0 0 5 0 0 0 3 0 0 0 4 0 6 0 0 1 2 0 12 13 32 18 7 0 0 0 0 2 4
P11780 2011 2 4 0 0 0 8 8 5 0 2 0 3 0 7 0 7 7 0 0 0 0 0 14 12 0 0 0 11 24 -999 -999 -999
P11780 2011 3 0 0 0 11 0 0 9 5 4 9 0 17 18 17 24 46 82 32 18 18 0 24 23 39 32 0 0 0 18 0 9
P11780 2011 4 0 0 16 15 13 0 0 0 0 21 19 0 26 0 0 0 27 30 0 23 22 14 0 0 0 0 0 4 0 7 -999
P11780 2011 5 0 0 0 0 0 0 13 0 23 28 13 0 0 0 0 13 0 8 0 17 25 0 0 12 18 0 0 26 28 29 21
P11780 2011 6 13 0 0 0 0 8 0 12 15 20 23 23 0 0 22 0 0 0 0 9 0 0 0 0 0 0 26 21 0 16 -999
P11780 2011 7 0 0 0 0 0 0 0 0 0 0 0 0 0 0 0 0 0 14 13 17 0 0 0 0 0 0 0 0 0 0 0
P11780 2011 8 0 0 0 15 0 0 0 0 0 0 0 0 0 0 0 0 12 0 0 19 0 0 0 0 0 0 0 0 0 0 0
P11780 2011 9 0 0 0 0 0 0 9 0 28 35 0 0 0 0 6 0 0 0 0 0 0 0 0 10 8 7 0 0 10 15 -999
P11780 2011 10 0 0 14 12 0 9 0 0 0 0 0 13 0 11 10 8 7 0 0 8 12 15 16 14 13 7 0 10 0 30 0
P11780 2011 11 21 14 12 15 28 30 54 33 0 0 0 0 14 0 0 0 17 15 0 0 0 28 40 35 21 0 0 9 0 0 -999
P11780 2011 12 0 0 15 24 12 7 0 0 0 0 6 10 12 4 0 12 19 17 22 24 31 15 16 0 0 20 10 8 7 10 9
P11780 2012 1 24 0 7 0 0 0 0 0 0 2 2 0 2 0 0 0 0 0 9 10 9 6 0 3 4 4 0 5 0 10 7
P11780 2012 2 3 0 28 24 6 3 0 2 0 0 0 0 0 2 0 0 0 8 14 0 21 10 0 4 0 0 0 10 -999 -999 -999
P11780 2012 3 20 38 39 35 24 0 0 0 2 0 0 7 0 11 0 0 0 0 0 20 0 0 13 13 0 5 0 0 0 0 0
P11780 2012 4 0 0 0 0 0 0 23 19 13 10 6 16 26 43 31 25 29 0 24 19 16 14 0 21 31 32 31 26 20 22 -999
P11780 2012 5 0 0 0 19 0 0 0 26 24 18 0 23 27 27 0 19 0 0 14 0 0 0 0 0 0 29 19 0 0 9 0
P11780 2012 6 9 0 0 0 0 0 11 0 29 26 0 0 0 27 26 20 0 0 0 21 0 0 0 0 10 0 15 0 28 22 -999
P11780 2012 7 10 0 0 0 0 19 0 0 0 25 0 29 0 17 0 0 0 0 0 0 0 0 20 0 24 0 0 0 0 0 0
P11780 2012 8 0 0 0 0 0 0 0 0 0 0 21 0 0 0 0 0 0 0 0 0 10 0 0 0 0 0 0 0 0 13 0
P11780 2012 9 0 0 0 0 0 0 22 13 9 8 11 13 0 0 0 0 0 0 0 0 0 0 0 13 0 17 0 18 0 17 -999
P11780 2012 10 12 0 0 0 0 0 0 12 15 17 27 0 0 7 0 0 12 0 11 9 0 26 0 0 12 13 0 13 8 14 18
P11780 2012 11 12 30 33 28 8 0 3 0 0 11 25 0 0 0 0 4 0 15 0 0 12 0 0 0 0 0 0 15 17 20 -999
P11780 2012 12 19 0 0 0 0 0 25 16 0 0 0 0 9 31 28 30 26 25 0 11 0 9 5 5 5 0 0 0 0 13 32
P11780 2013 1 29 0 0 15 14 6 0 6 0 0 0 0 0 0 0 0 0 0 7 0 1 0 0 2 0 0 3 0 0 0 8
P11780 2013 2 0 0 0 3 0 2 2 3 0 6 0 0 0 34 29 13 9 0 0 23 23 24 19 31 0 0 0 1 -999 -999 -999
P11780 2013 3 3 5 0 0 0 8 0 28 25 22 36 34 33 21 10 0 20 19 15 16 0 26 28 0 0 16 0 27 35 40 47
P11780 2013 4 40 26 0 0 19 15 18 0 4 0 0 0 14 19 0 0 0 0 13 0 23 21 16 18 37 25 0 6 0 0 -999
P11780 2013 5 9 0 0 0 0 0 0 26 0 0 30 22 13 0 0 0 0 22 19 18 13 0 0 0 13 0 0 8 0 0 0
P11780 2013 6 0 24 24 19 18 0 23 29 38 0 26 26 0 26 18 0 15 0 14 0 0 0 0 14 0 0 42 0 23 23 -999
P11780 2013 7 19 0 0 0 15 0 0 0 0 17 0 0 15 0 0 0 0 0 9 0 0 0 0 0 0 0 18 0 0 18 0
P11780 2013 8 0 0 0 0 33 0 0 26 21 21 0 20 0 0 0 0 0 0 0 0 0 13 0 0 0 0 9 0 0 0 28
P11780 2013 9 19 0 0 0 0 10 0 0 0 0 0 0 0 0 0 0 0 0 0 0 0 25 13 0 0 0 0 0 0 0 -999
P11780 2013 10 5 0 0 0 0 0 0 8 8 12 0 14 0 0 0 0 0 0 13 9 0 0 7 9 0 11 0 0 0 0 0
P11780 2013 11 0 3 2 3 0 0 0 0 9 0 0 0 8 8 0 0 9 40 72 55 20 28 36 40 30 19 28 28 10 7 -999
P11780 2013 12 9 0 11 0 0 0 0 0 0 5 5 0 0 5 5 5 0 3 0 0 0 0 0 9 0 0 0 11 14 19 12
P11780 2014 1 0 5 0 0 0 0 7 8 11 0 4 0 6 4 0 0 0 0 0 0 2 0 0 0 0 0 18 27 59 54 28
P11780 2014 2 18 20 14 11 10 14 18 27 18 21 0 5 0 0 3 0 0 0 16 0 9 0 7 6 4 0 0 20 -999 -999 -999