precip	MIROC5	RCP60	REGRESION	decimas	1
P14671	41.959	-1.360	182	geo	2006	2100	-1
P14671 2006 1 0 0 0 0 8 9 0 9 0 7 8 22 48 34 0 21 0 19 0 12 0 0 0 0 0 4 0 0 16 0 0
P14671 2006 2 0 19 0 9 6 0 0 0 1 0 0 11 0 22 0 0 13 0 0 0 23 16 13 13 8 5 6 0 -999 -999 -999
P14671 2006 3 15 0 29 29 30 0 37 43 31 0 36 35 25 21 0 25 36 34 25 14 17 15 0 12 19 14 11 16 0 16 0
P14671 2006 4 18 12 13 17 0 11 0 28 20 0 0 0 0 11 0 0 0 0 12 12 0 0 0 0 16 22 0 0 39 26 -999
P14671 2006 5 22 0 19 18 16 27 0 0 0 0 0 0 16 23 17 0 16 15 12 12 6 0 8 0 0 0 0 0 0 0 0
P14671 2006 6 14 13 0 0 0 0 0 0 20 0 17 0 0 0 16 0 0 18 0 13 0 0 0 0 0 0 0 18 0 0 -999
P14671 2006 7 0 0 19 0 17 24 24 0 14 0 0 0 0 0 0 0 0 0 0 23 0 0 20 0 0 0 0 13 0 20 0
P14671 2006 8 24 0 0 0 0 0 0 17 0 0 0 0 0 0 0 0 0 0 12 0 0 0 0 0 0 0 11 0 0 0 0
P14671 2006 9 0 0 0 0 15 16 0 0 0 0 0 7 9 0 0 0 20 0 0 0 0 0 17 0 19 0 0 8 0 0 -999
P14671 2006 10 0 0 0 0 11 7 0 0 13 0 0 0 0 24 24 22 0 0 0 0 0 0 0 0 0 0 0 0 8 0 0
P14671 2006 11 9 11 0 0 0 0 16 0 9 0 0 0 0 0 0 0 0 0 0 7 0 0 18 31 0 10 0 0 0 0 -999
P14671 2006 12 5 0 0 0 0 11 0 16 0 0 18 0 24 19 19 23 0 0 0 0 0 0 0 26 16 0 12 0 8 0 0
P14671 2007 1 0 8 0 3 0 0 0 0 0 0 0 0 0 0 0 0 0 0 17 20 0 10 9 10 20 22 17 16 0 14 12
P14671 2007 2 0 8 0 18 13 0 0 33 67 47 25 18 16 0 11 9 0 0 20 0 0 19 23 0 0 0 0 18 -999 -999 -999
P14671 2007 3 14 0 15 18 0 0 15 12 12 10 11 28 37 30 20 14 0 8 0 0 0 19 16 0 10 0 0 0 0 6 8
P14671 2007 4 0 0 5 0 0 0 0 6 5 0 0 19 27 0 0 0 16 26 24 0 21 27 24 0 0 0 18 0 0 0 -999
P14671 2007 5 0 0 0 0 0 0 0 0 0 17 18 0 30 0 18 0 0 0 0 0 0 0 0 0 0 8 0 0 0 0 20
P14671 2007 6 0 25 0 0 21 0 0 0 9 0 13 0 0 24 0 0 0 0 0 0 0 14 0 0 0 0 0 23 0 23 -999
P14671 2007 7 0 0 0 0 0 0 20 0 0 0 0 0 20 13 0 0 0 27 28 0 0 0 0 17 0 0 0 0 0 0 0
P14671 2007 8 0 0 16 0 0 0 11 0 0 0 0 25 0 0 11 13 0 17 0 0 0 0 0 0 0 0 17 0 0 18 0
P14671 2007 9 5 0 0 0 0 0 0 0 11 0 0 0 0 0 0 20 0 8 0 0 0 11 13 0 0 11 0 0 0 0 -999
P14671 2007 10 0 10 0 0 8 0 0 0 0 0 0 22 0 0 9 9 0 0 0 0 0 24 0 0 0 0 11 0 0 0 0
P14671 2007 11 6 6 13 0 0 9 0 6 0 0 0 0 0 0 0 7 0 0 0 4 0 0 0 7 8 7 11 0 0 19 -999
P14671 2007 12 0 0 0 16 21 23 0 0 6 0 0 4 0 0 7 0 0 17 13 0 0 0 0 0 0 0 0 0 8 0 0
P14671 2008 1 11 11 19 20 12 4 0 0 0 0 0 0 0 0 19 0 0 0 0 0 17 17 0 8 10 16 18 18 0 0 18
P14671 2008 2 30 0 17 16 0 12 14 0 12 0 22 18 0 7 0 12 11 22 32 15 0 0 10 0 21 26 0 30 -999 -999 -999
P14671 2008 3 0 0 0 9 0 0 0 5 0 0 11 0 0 0 8 0 0 0 0 0 0 0 5 0 0 8 0 0 3 0 0
P14671 2008 4 0 0 13 0 22 15 0 0 0 0 0 9 0 21 0 26 25 0 18 0 0 0 0 0 0 0 0 8 0 22 -999
P14671 2008 5 18 0 11 0 0 24 0 12 0 19 0 12 0 22 0 0 0 0 0 29 32 22 23 16 13 15 15 0 0 0 0
P14671 2008 6 16 0 0 0 0 17 0 0 0 17 0 0 0 0 16 0 0 16 14 0 0 0 0 0 0 0 0 0 0 16 -999
P14671 2008 7 0 0 0 0 0 17 0 22 0 22 0 0 0 0 0 18 0 0 0 0 22 15 0 0 0 0 0 0 0 18 0
P14671 2008 8 0 0 0 0 0 0 0 17 0 0 0 0 0 0 0 0 14 0 0 0 14 0 0 0 0 0 0 0 0 0 0
P14671 2008 9 0 0 0 0 0 14 12 13 0 0 0 0 14 0 0 10 0 13 0 0 0 0 0 14 17 16 12 13 0 0 -999
P14671 2008 10 0 0 0 12 11 0 14 18 9 0 0 21 0 0 0 0 0 0 0 0 15 12 0 18 0 0 20 13 0 17 13
P14671 2008 11 0 14 0 0 0 0 0 0 13 13 18 17 8 0 0 0 0 0 0 0 0 0 0 0 0 0 0 0 0 0 -999
P14671 2008 12 0 0 0 0 0 9 8 8 0 0 19 11 0 12 0 0 0 6 0 0 0 0 6 0 0 6 0 0 0 0 0
P14671 2009 1 0 0 0 0 0 8 0 0 6 0 0 15 18 12 0 0 5 0 0 0 0 0 0 0 0 0 0 0 0 0 0
P14671 2009 2 5 0 0 13 13 0 0 0 6 0 0 6 8 6 0 4 0 0 2 4 0 5 7 0 0 0 6 16 -999 -999 -999
P14671 2009 3 31 37 30 0 8 8 0 14 34 0 0 0 11 0 26 18 16 12 8 8 0 0 12 13 13 29 21 33 23 26 17
P14671 2009 4 15 0 39 0 19 31 22 12 10 0 9 0 27 20 21 24 0 0 11 0 0 22 0 0 10 0 0 0 18 0 -999
P14671 2009 5 0 23 17 17 0 27 0 13 16 26 0 13 0 0 0 0 0 0 0 24 0 36 0 24 21 0 0 0 0 0 16
P14671 2009 6 0 0 0 0 21 22 0 0 0 0 0 10 0 0 22 0 0 0 0 0 0 0 17 0 16 0 0 0 0 0 -999
P14671 2009 7 0 20 0 0 0 22 0 17 24 26 0 0 23 18 0 0 10 0 0 0 0 0 22 0 0 0 0 0 0 0 21
P14671 2009 8 0 0 0 0 0 0 0 0 0 23 0 0 0 0 0 0 0 0 0 0 0 15 0 23 0 0 0 0 0 21 0
P14671 2009 9 0 0 0 0 0 0 0 0 0 0 26 0 18 0 0 0 0 0 15 0 0 0 0 0 0 0 0 0 0 0 -999
P14671 2009 10 12 0 0 0 0 0 0 0 9 0 0 0 0 0 12 0 0 0 0 0 13 0 0 0 0 0 0 0 0 8 0
P14671 2009 11 0 0 0 0 0 0 0 11 0 0 0 0 0 0 0 0 0 0 0 0 0 9 10 0 0 17 0 10 0 11 -999
P14671 2009 12 0 5 0 8 0 18 0 19 0 26 23 0 5 0 5 7 7 0 16 16 0 9 0 0 9 0 0 14 0 8 0
P14671 2010 1 7 0 0 27 24 0 11 0 0 0 0 0 0 8 0 12 0 0 0 0 0 5 0 0 0 0 0 0 0 0 0
P14671 2010 2 0 0 0 0 9 20 19 0 0 9 0 0 0 0 5 0 0 0 0 0 0 0 9 15 7 0 0 0 -999 -999 -999
P14671 2010 3 0 0 0 0 8 0 21 20 23 20 0 0 0 9 7 0 8 12 21 35 22 0 0 0 0 0 0 0 0 6 0
P14671 2010 4 10 13 16 0 16 0 0 27 0 22 24 25 0 27 29 42 0 15 0 0 23 22 15 9 28 19 0 0 0 23 -999
P14671 2010 5 17 10 0 0 0 18 0 0 0 0 19 25 19 17 0 0 22 0 12 0 0 0 15 0 0 28 0 0 0 0 0
P14671 2010 6 0 20 20 14 0 0 0 0 0 0 0 0 27 21 19 0 0 0 0 0 0 14 0 0 0 0 0 0 22 0 -999
P14671 2010 7 19 21 0 0 0 0 0 0 0 20 19 0 0 0 0 0 0 0 0 0 0 0 0 0 20 20 0 0 0 0 0
P14671 2010 8 22 0 16 0 15 0 0 0 0 0 0 0 0 16 0 0 0 0 15 0 0 0 0 0 0 0 0 0 0 0 16
P14671 2010 9 14 0 0 16 0 0 0 0 0 0 0 0 0 21 0 14 0 0 15 0 0 13 0 0 17 0 0 0 0 0 -999
P14671 2010 10 0 0 0 0 0 0 0 0 0 0 20 0 0 0 10 0 12 0 0 0 0 22 23 0 0 0 0 0 0 0 0
P14671 2010 11 7 0 0 0 0 0 0 6 0 0 5 0 0 0 0 9 7 0 7 0 0 0 0 0 0 0 0 0 0 5 -999
P14671 2010 12 0 0 0 0 0 10 11 6 8 7 0 0 13 23 13 0 0 7 0 0 0 0 0 0 0 0 0 0 0 0 0
P14671 2011 1 0 5 0 0 0 6 0 0 0 0 0 0 0 0 0 5 0 0 0 3 9 13 27 0 0 3 0 3 4 0 0
P14671 2011 2 0 0 0 0 0 0 7 0 0 0 4 0 0 7 0 0 0 6 0 0 0 0 0 0 0 0 12 0 -999 -999 -999
P14671 2011 3 0 0 0 13 0 13 0 6 0 0 0 18 0 16 0 42 59 21 13 16 17 21 20 32 24 10 17 31 0 8 0
P14671 2011 4 18 0 17 0 0 0 0 0 18 21 0 0 24 0 0 0 0 27 0 21 22 0 0 0 0 0 0 0 0 11 -999
P14671 2011 5 0 14 0 0 0 0 0 14 0 0 12 0 0 0 16 0 11 0 11 0 0 21 10 0 18 0 0 0 0 23 19
P14671 2011 6 0 11 10 7 0 0 0 0 0 0 0 0 0 23 0 0 0 0 0 0 0 20 23 0 0 0 0 0 0 16 -999
P14671 2011 7 0 0 0 0 24 0 0 0 0 0 0 0 23 0 0 0 0 0 0 0 24 19 9 0 0 0 0 0 0 0 15
P14671 2011 8 0 0 0 0 0 0 0 0 0 0 0 0 0 0 0 0 0 0 0 19 0 12 0 0 0 0 0 13 0 0 0
P14671 2011 9 0 0 0 0 0 0 9 0 26 30 0 0 0 0 0 6 0 0 0 0 0 0 0 0 0 0 0 0 0 0 -999
P14671 2011 10 0 15 14 0 0 0 0 0 0 13 0 0 14 0 0 0 8 0 9 0 0 0 0 0 0 8 0 0 0 23 28
P14671 2011 11 14 0 9 12 20 23 44 0 0 0 0 10 0 0 0 0 0 0 6 0 6 26 36 35 19 0 0 0 0 4 -999
P14671 2011 12 0 9 15 25 0 8 7 6 0 0 7 9 0 6 0 11 14 13 19 18 23 11 0 11 10 16 0 5 0 0 7
P14671 2012 1 18 0 6 2 2 0 0 0 0 0 5 0 0 0 0 0 7 9 10 0 13 0 0 0 0 6 0 7 0 0 0
P14671 2012 2 4 8 23 20 6 4 0 0 0 0 0 0 0 0 0 0 0 7 13 0 19 0 6 0 0 0 0 9 -999 -999 -999
P14671 2012 3 0 32 0 27 22 0 8 0 0 0 0 5 0 0 0 14 0 22 19 0 0 0 0 14 0 0 0 0 0 12 7
P14671 2012 4 0 11 0 0 0 0 16 15 0 11 7 0 25 41 29 23 0 21 19 0 0 12 0 22 30 31 29 0 19 0 -999
P14671 2012 5 0 21 24 16 0 0 0 27 0 0 0 0 0 23 21 16 0 0 13 0 12 0 15 0 26 0 19 13 0 0 0
P14671 2012 6 0 10 0 0 0 0 0 0 0 0 0 0 22 0 22 0 9 0 0 0 21 0 0 0 0 12 0 0 0 0 -999
P14671 2012 7 12 0 0 0 0 0 0 0 0 0 24 0 0 0 0 0 0 0 0 0 18 0 0 0 0 21 0 0 0 0 0
P14671 2012 8 0 0 0 0 0 0 0 0 0 0 0 0 0 0 0 16 0 0 0 0 0 0 12 0 12 0 0 13 0 12 0
P14671 2012 9 0 12 0 0 0 0 22 0 0 0 0 0 0 0 0 0 0 0 0 0 0 0 0 0 0 17 0 0 17 0 -999
P14671 2012 10 0 0 0 0 0 0 0 12 0 0 0 0 0 0 12 0 0 0 0 0 16 0 20 0 0 0 15 11 0 10 12
P14671 2012 11 10 18 24 0 0 6 0 5 0 0 17 0 0 0 0 5 0 14 21 20 0 0 5 5 0 6 8 0 18 0 -999
P14671 2012 12 18 0 0 13 0 0 30 0 0 0 0 0 0 27 23 27 26 22 0 8 4 0 0 0 0 0 0 4 0 0 28
P14671 2013 1 0 0 11 14 10 0 0 0 0 0 0 0 0 0 0 3 0 0 0 0 0 0 0 0 0 0 0 0 0 6 0
P14671 2013 2 0 0 0 0 4 0 0 0 0 0 0 0 13 31 0 0 10 0 22 0 0 19 0 27 18 0 0 0 -999 -999 -999
P14671 2013 3 0 0 0 0 0 8 0 25 25 0 31 27 28 0 0 15 0 17 14 0 0 0 0 0 15 0 18 26 0 34 40
P14671 2013 4 35 0 0 0 16 14 16 9 0 0 5 0 15 0 17 20 0 0 0 0 19 0 0 17 33 0 0 0 0 0 -999
P14671 2013 5 0 12 0 15 0 0 0 23 22 26 25 0 0 0 0 0 30 19 0 0 0 0 0 0 13 7 0 0 0 0 0
P14671 2013 6 0 0 0 17 0 0 23 0 34 29 23 25 24 22 0 0 0 0 0 0 0 14 0 0 0 27 0 0 0 23 -999
P14671 2013 7 17 0 14 0 0 0 0 24 0 0 0 0 16 0 0 0 21 10 0 0 0 0 0 0 20 18 0 16 0 0 0
P14671 2013 8 0 0 0 0 0 0 22 24 0 19 19 0 0 9 0 0 0 0 0 0 0 0 0 0 0 0 0 0 0 0 0
P14671 2013 9 0 0 22 0 0 0 0 0 0 0 0 0 0 0 0 11 0 0 0 0 22 21 0 0 0 0 0 0 0 0 -999
P14671 2013 10 0 0 0 0 0 0 0 0 0 12 0 0 0 0 0 14 22 0 10 0 0 0 0 10 0 0 0 9 8 0 0
P14671 2013 11 0 0 0 0 0 0 0 0 0 11 15 0 0 7 0 0 11 0 60 50 19 20 29 34 25 17 21 22 0 7 -999
P14671 2013 12 0 15 8 16 0 0 0 10 0 0 0 0 0 0 0 7 0 0 5 0 6 7 8 0 0 10 0 0 0 19 0
P14671 2014 1 11 0 5 0 0 0 0 9 0 0 6 6 0 5 0 0 0 0 0 0 0 0 0 0 0 0 0 25 54 50 23
P14671 2014 2 14 16 0 10 8 0 0 25 15 16 0 0 7 0 0 0 0 0 0 0 9 0 0 0 0 0 0 0 -999 -999 -999