precip	MIROC5	RCP60	REGRESION	decimas	1
P12098	41.091	0.108	182	geo	2006	2100	-1
P12098 2006 1 0 7 9 0 0 9 0 0 0 0 0 0 34 35 10 11 0 8 22 9 0 0 0 15 0 0 0 0 18 16 0
P12098 2006 2 0 0 20 0 0 0 0 0 0 0 0 0 0 19 24 34 10 3 0 10 28 0 14 0 0 3 0 0 -999 -999 -999
P12098 2006 3 0 14 20 19 18 26 32 46 0 21 45 47 0 0 0 22 29 21 15 10 10 10 12 8 21 0 5 0 18 9 30
P12098 2006 4 0 0 8 0 16 9 0 43 0 5 0 0 0 0 0 9 0 12 0 0 6 0 0 0 0 23 46 0 53 33 -999
P12098 2006 5 0 20 17 15 0 20 18 0 0 5 0 0 13 22 0 0 0 15 9 7 0 0 0 0 10 0 0 0 0 11 0
P12098 2006 6 0 0 0 0 0 0 0 16 0 24 0 26 0 0 0 17 20 0 0 0 0 0 0 0 0 0 0 18 0 26 -999
P12098 2006 7 0 0 0 0 0 0 27 0 0 0 0 0 0 0 0 0 0 0 0 0 22 0 22 0 0 0 16 0 16 0 0
P12098 2006 8 0 24 0 0 0 0 0 22 0 0 0 0 0 22 0 0 0 12 10 19 0 0 0 14 0 14 0 0 11 0 18
P12098 2006 9 0 0 0 0 0 18 0 0 0 0 24 5 0 0 0 0 0 0 22 0 7 0 0 0 23 15 0 4 0 12 -999
P12098 2006 10 0 0 0 0 0 0 0 0 0 0 0 18 0 0 0 0 0 0 0 0 0 10 0 0 0 0 4 0 0 0 0
P12098 2006 11 0 0 0 0 0 10 0 0 9 0 0 3 0 0 0 0 0 3 0 0 11 21 0 42 21 11 0 0 0 0 -999
P12098 2006 12 4 0 0 0 0 0 16 0 0 20 23 0 0 20 0 15 15 0 0 0 0 0 25 31 10 0 0 0 0 0 0
P12098 2007 1 0 0 0 0 0 0 0 0 0 0 0 0 0 0 0 0 0 0 18 29 23 0 0 0 21 31 0 15 16 0 0
P12098 2007 2 0 5 0 0 13 16 0 0 65 37 0 19 21 0 0 9 0 0 0 0 29 0 0 43 0 0 0 16 -999 -999 -999
P12098 2007 3 0 0 0 0 24 22 0 0 0 0 0 27 50 25 0 0 7 0 0 12 0 19 0 14 0 0 0 8 0 0 0
P12098 2007 4 0 0 0 0 19 0 12 0 0 0 0 0 0 18 0 0 0 0 21 0 0 0 24 16 0 23 31 0 0 0 -999
P12098 2007 5 0 0 0 0 16 16 0 0 0 0 16 0 40 33 17 0 0 23 23 26 19 0 0 0 0 0 0 0 0 0 0
P12098 2007 6 34 32 0 0 23 0 48 0 0 0 0 17 32 34 29 0 0 0 0 0 20 0 26 17 13 0 21 0 0 0 -999
P12098 2007 7 0 21 24 0 0 0 18 0 0 23 26 0 21 0 0 0 32 0 37 20 13 0 21 0 0 0 0 0 18 16 0
P12098 2007 8 0 18 0 0 0 0 0 0 0 18 0 23 20 0 11 0 17 19 0 24 0 6 0 0 0 28 0 18 0 0 0
P12098 2007 9 4 0 0 0 0 0 0 0 0 0 0 0 0 0 0 19 0 0 0 0 0 0 0 0 0 0 0 8 0 0 -999
P12098 2007 10 0 0 0 0 0 0 6 0 13 20 0 0 26 14 6 0 0 0 0 5 0 24 13 0 0 0 0 0 0 0 0
P12098 2007 11 3 4 0 0 0 8 0 3 0 0 0 17 0 0 8 0 0 0 0 0 0 0 8 4 0 0 0 19 24 29 -999
P12098 2007 12 0 10 11 0 39 43 32 11 0 0 0 0 0 0 0 0 0 0 0 0 0 6 0 0 0 0 0 0 0 0 3
P12098 2008 1 0 0 21 0 0 0 0 0 0 24 0 0 0 0 0 0 0 0 0 0 8 0 0 0 0 0 8 0 8 8 11
P12098 2008 2 16 11 8 13 0 0 9 10 11 0 19 18 0 0 0 6 8 17 44 0 0 6 0 32 0 0 37 57 -999 -999 -999
P12098 2008 3 86 24 8 0 8 0 0 4 0 0 0 0 0 13 0 0 0 0 0 0 0 6 0 3 0 0 0 0 0 0 0
P12098 2008 4 0 0 0 0 33 0 0 0 0 0 7 0 0 24 0 28 0 0 0 11 9 0 0 0 0 0 0 0 18 0 -999
P12098 2008 5 23 16 17 0 16 38 32 0 0 0 27 0 11 0 0 0 0 10 17 31 33 23 18 0 17 0 0 11 0 0 0
P12098 2008 6 22 0 10 0 14 0 14 0 0 0 0 0 0 20 13 0 0 0 0 0 0 0 21 0 0 17 0 23 0 18 -999
P12098 2008 7 0 0 8 0 0 17 23 0 30 0 0 21 0 0 0 0 0 0 13 0 0 17 0 0 0 0 0 0 0 0 0
P12098 2008 8 0 30 20 0 0 18 24 0 0 0 16 0 0 12 0 0 0 19 12 0 0 0 15 0 0 0 23 0 11 0 0
P12098 2008 9 0 0 0 18 0 0 0 14 0 0 24 19 12 0 0 0 0 0 0 0 0 0 0 15 15 0 0 0 15 16 -999
P12098 2008 10 0 6 0 0 0 0 0 0 0 0 0 0 17 19 17 0 0 13 0 0 0 0 0 16 0 0 15 9 0 0 12
P12098 2008 11 13 0 25 25 0 12 9 0 0 0 0 20 0 4 0 0 0 0 0 0 0 0 0 0 0 0 0 0 0 0 -999
P12098 2008 12 0 0 0 0 0 0 0 0 0 0 19 11 0 0 0 0 5 0 4 0 0 0 0 0 0 0 0 0 0 0 0
P12098 2009 1 0 4 0 0 6 6 0 6 0 5 14 17 25 0 8 0 0 0 0 0 0 2 0 0 0 0 0 0 0 0 0
P12098 2009 2 4 0 0 0 19 0 0 6 0 0 0 0 0 0 0 0 0 0 0 0 0 0 0 0 9 0 0 11 -999 -999 -999
P12098 2009 3 28 47 31 17 0 0 4 10 0 36 21 15 0 11 28 0 0 0 0 0 0 0 0 0 11 26 0 30 14 22 0
P12098 2009 4 0 44 62 21 0 34 39 0 0 4 0 21 32 22 18 0 0 0 0 0 35 34 0 0 12 0 0 0 0 0 -999
P12098 2009 5 36 28 13 0 25 33 0 13 0 29 33 14 4 0 0 0 0 15 24 0 0 0 36 30 0 0 0 0 0 18 15
P12098 2009 6 0 0 15 0 25 0 21 13 0 14 0 0 10 0 0 34 33 20 0 0 0 0 0 0 0 15 0 0 0 17 -999
P12098 2009 7 0 0 0 20 0 0 0 0 0 35 35 0 0 0 0 0 10 0 0 0 22 0 0 0 0 0 20 0 0 0 0
P12098 2009 8 0 10 0 0 13 0 0 0 0 0 24 0 0 14 0 0 0 0 0 0 0 0 0 30 0 0 0 0 18 26 21
P12098 2009 9 30 0 0 0 0 0 0 0 0 0 0 23 22 0 0 0 0 0 0 19 0 33 16 16 0 0 0 0 0 0 -999
P12098 2009 10 12 0 0 0 0 0 0 0 0 0 0 0 11 8 0 0 21 30 31 0 10 7 0 0 0 0 6 0 0 0 0
P12098 2009 11 0 0 0 0 0 0 0 10 0 0 0 0 0 0 0 0 12 0 0 0 0 0 0 8 10 23 0 0 0 8 -999
P12098 2009 12 5 1 0 0 2 10 0 31 16 0 20 6 0 0 0 0 0 0 17 0 12 0 0 0 0 0 15 11 11 5 0
P12098 2010 1 0 0 0 25 16 18 14 0 5 11 10 0 10 9 0 11 0 0 0 0 7 0 0 0 0 0 0 0 0 0 0
P12098 2010 2 0 0 0 0 0 21 24 0 0 0 0 0 0 0 0 10 0 0 0 0 0 6 0 0 8 0 0 4 -999 -999 -999
P12098 2010 3 0 0 0 4 5 15 0 0 0 22 21 0 5 9 0 0 6 7 16 55 0 0 0 0 0 0 6 0 0 0 0
P12098 2010 4 0 0 11 0 0 0 18 31 24 21 29 35 36 0 0 45 28 20 0 0 24 27 0 5 28 24 0 0 27 31 -999
P12098 2010 5 0 12 0 26 27 0 16 0 12 0 0 0 0 18 0 0 0 0 0 11 0 14 0 0 17 0 29 19 18 16 0
P12098 2010 6 26 19 22 16 0 14 0 0 0 0 0 0 0 27 0 0 13 0 11 0 0 0 0 12 0 0 0 0 0 0 -999
P12098 2010 7 15 16 0 0 0 0 18 17 0 22 0 0 0 0 0 0 17 0 0 9 0 0 19 25 0 17 0 0 18 0 0
P12098 2010 8 0 25 0 0 0 0 0 0 0 0 0 0 0 0 21 0 21 0 0 0 0 0 0 0 0 0 0 0 0 0 0
P12098 2010 9 13 0 0 15 11 0 0 0 0 39 34 19 35 25 0 13 0 0 0 11 0 0 0 18 0 19 0 0 4 0 -999
P12098 2010 10 0 5 0 0 0 9 0 0 0 0 13 5 0 12 8 0 12 5 8 12 0 26 28 0 0 0 0 2 0 5 0
P12098 2010 11 0 0 0 0 0 0 0 0 7 0 0 0 7 0 0 0 0 0 0 0 0 2 0 0 0 0 0 0 0 0 -999
P12098 2010 12 16 10 0 7 0 0 0 0 0 5 0 0 0 27 0 0 0 0 0 0 0 0 0 0 0 0 0 3 0 0 0
P12098 2011 1 0 0 0 5 4 5 0 0 0 0 0 0 0 0 0 0 0 0 0 0 0 0 20 0 0 0 0 0 0 0 0
P12098 2011 2 0 0 0 0 0 0 0 0 0 1 0 4 0 0 0 0 0 0 0 0 0 0 0 0 0 6 0 26 -999 -999 -999
P12098 2011 3 28 16 18 22 26 0 0 0 0 0 0 16 0 0 0 0 56 18 10 11 15 19 14 16 15 8 0 0 19 0 0
P12098 2011 4 0 0 0 0 14 0 0 0 0 23 0 0 26 28 0 0 30 34 0 24 24 0 0 0 0 0 0 0 11 0 -999
P12098 2011 5 11 13 10 0 13 11 0 0 0 34 0 0 14 16 0 0 0 0 0 19 0 0 0 8 0 21 0 0 29 33 22
P12098 2011 6 12 0 0 5 0 0 0 0 19 0 31 0 0 0 0 20 0 0 0 0 0 23 0 0 0 0 0 20 0 0 -999
P12098 2011 7 0 7 0 13 0 18 0 0 0 0 0 0 22 24 23 0 0 0 0 0 0 17 10 0 0 0 0 0 20 0 0
P12098 2011 8 0 0 0 0 0 0 16 18 0 14 16 0 0 0 0 0 0 0 0 0 27 0 0 0 15 0 0 9 17 17 27
P12098 2011 9 34 0 0 0 0 0 9 0 0 33 16 0 0 0 0 0 0 0 0 0 0 0 0 0 0 0 0 0 7 0 -999
P12098 2011 10 0 0 0 0 15 0 0 0 0 0 0 15 0 0 8 7 0 0 0 0 0 16 0 16 0 0 0 0 0 29 47
P12098 2011 11 21 14 7 0 12 17 62 0 0 0 8 16 0 9 0 0 0 0 0 0 0 24 36 36 30 0 0 8 0 0 -999
P12098 2011 12 0 0 13 0 16 8 7 0 0 4 0 0 0 0 0 0 7 7 0 12 17 6 0 0 0 0 0 0 0 3 2
P12098 2012 1 0 23 0 0 0 0 2 0 2 0 0 0 0 0 0 0 7 14 0 0 19 12 0 0 0 0 7 7 0 4 0
P12098 2012 2 0 0 0 0 4 0 2 0 0 0 0 0 0 0 0 0 0 6 9 10 21 13 0 0 8 24 0 5 -999 -999 -999
P12098 2012 3 0 23 0 53 28 12 5 0 0 0 2 0 0 0 0 12 21 21 0 0 24 19 0 0 0 5 0 0 0 10 0
P12098 2012 4 0 0 0 0 0 0 11 11 11 0 6 15 34 39 24 19 23 22 25 19 14 0 13 22 27 30 36 29 0 18 -999
P12098 2012 5 0 0 40 0 0 0 0 48 24 20 14 19 0 0 17 0 0 12 11 16 0 0 0 0 25 25 0 15 8 0 0
P12098 2012 6 9 13 9 7 0 0 0 0 33 0 24 25 0 31 29 18 0 0 0 0 22 19 0 0 10 0 14 0 27 25 -999
P12098 2012 7 0 0 0 0 0 0 25 0 0 0 22 0 0 15 14 0 30 0 27 0 19 0 0 24 25 0 13 0 0 0 0
P12098 2012 8 18 0 0 0 0 0 0 0 0 0 0 0 0 0 0 0 0 0 0 0 0 0 0 12 10 0 11 0 0 0 0
P12098 2012 9 0 10 0 10 13 0 23 0 0 0 0 0 0 0 0 0 0 0 0 16 0 0 0 0 17 0 13 0 0 26 -999
P12098 2012 10 15 12 0 0 0 0 0 11 0 0 30 13 0 4 0 8 0 11 0 0 0 20 21 0 0 13 14 9 0 0 0
P12098 2012 11 0 0 22 33 0 2 0 0 0 0 0 18 0 0 0 3 0 0 0 18 9 0 0 0 0 0 0 13 17 20 -999
P12098 2012 12 18 0 0 0 0 0 43 0 7 0 0 0 0 23 15 0 20 23 8 0 0 0 0 3 0 0 0 0 5 0 0
P12098 2013 1 0 14 9 10 0 0 0 2 0 0 0 0 0 0 0 0 0 0 0 0 0 0 0 0 0 0 0 0 0 0 0
P12098 2013 2 0 0 3 2 0 0 1 0 0 0 0 0 11 24 16 0 0 0 14 10 16 13 0 15 18 11 0 3 -999 -999 -999
P12098 2013 3 0 0 0 0 0 0 0 0 0 19 25 20 0 20 0 0 0 0 10 0 0 26 32 14 0 0 18 30 45 45 42
P12098 2013 4 64 41 12 0 13 0 0 5 0 0 0 0 0 17 0 0 15 0 0 0 14 16 0 0 38 27 0 0 0 0 -999
P12098 2013 5 0 0 0 15 14 0 12 30 27 22 20 20 0 0 0 34 29 17 15 0 12 0 0 0 13 0 0 0 17 0 0
P12098 2013 6 0 0 20 0 0 0 22 26 41 32 0 23 0 0 13 15 12 0 0 0 0 0 0 0 0 34 70 28 0 24 -999
P12098 2013 7 0 16 0 0 0 19 0 31 0 22 0 0 0 0 0 0 16 8 0 12 0 0 25 0 0 19 0 17 0 0 23
P12098 2013 8 0 0 20 0 33 0 26 27 18 0 0 19 0 8 0 0 0 7 0 0 0 11 0 25 19 11 0 0 0 0 0
P12098 2013 9 0 17 28 12 0 8 11 0 0 0 0 21 0 0 0 0 0 0 0 0 0 36 0 0 0 0 0 0 0 0 -999
P12098 2013 10 0 0 0 0 0 0 0 0 0 0 0 17 0 0 13 0 0 25 0 0 0 0 0 0 0 0 0 0 0 0 0
P12098 2013 11 0 0 0 0 0 0 0 0 0 0 18 13 0 5 0 0 0 0 60 53 0 0 17 24 26 0 15 26 10 0 -999
P12098 2013 12 0 7 4 11 0 0 12 0 0 0 0 9 0 0 4 0 0 0 0 0 0 6 0 0 8 0 0 0 0 0 0
P12098 2014 1 0 0 0 0 0 6 0 0 0 0 0 0 0 0 0 3 0 0 0 0 0 0 0 0 0 0 17 0 73 49 0
P12098 2014 2 12 0 13 5 0 5 7 20 0 0 0 0 0 0 0 0 0 7 0 0 0 0 0 0 0 0 0 22 -999 -999 -999