precip	MIROC5	RCP60	REGRESION	decimas	1
P14191	41.691	1.036	182	geo	2006	2100	-1
P14191 2006 1 0 0 0 0 0 0 0 0 0 6 0 17 0 45 0 0 16 16 27 13 0 0 0 0 0 0 0 0 19 0 12
P14191 2006 2 0 0 0 0 0 0 0 0 0 0 0 0 13 21 26 32 10 0 0 16 30 21 0 0 0 0 3 3 -999 -999 -999
P14191 2006 3 0 16 0 27 0 27 35 47 38 0 34 45 30 0 0 0 30 0 0 0 15 0 16 0 0 11 0 12 28 13 32
P14191 2006 4 22 0 0 14 0 0 0 39 31 0 0 0 0 0 0 0 0 14 0 0 0 0 0 0 0 0 35 61 46 26 -999
P14191 2006 5 24 0 0 15 0 24 0 0 0 0 0 0 0 29 0 0 0 22 0 0 7 5 0 0 0 0 0 0 14 0 0
P14191 2006 6 0 0 10 0 13 9 0 0 0 0 0 23 0 0 14 15 18 22 14 0 10 0 0 0 0 0 15 0 17 0 -999
P14191 2006 7 0 23 0 0 14 0 27 0 19 0 0 0 16 0 0 0 14 0 0 22 0 26 0 0 0 0 23 0 0 0 0
P14191 2006 8 0 23 0 0 0 15 0 21 0 0 0 14 0 0 0 0 0 0 0 0 0 0 0 0 0 18 0 0 7 0 0
P14191 2006 9 15 15 0 0 0 23 0 0 0 0 0 0 0 5 0 0 0 0 34 0 0 0 17 30 0 27 0 0 0 18 -999
P14191 2006 10 0 0 0 0 0 0 0 0 15 10 0 0 0 22 0 0 0 0 0 0 0 12 0 0 0 0 0 0 0 0 0
P14191 2006 11 7 13 7 6 0 0 14 14 0 0 0 0 0 0 0 0 0 0 0 0 13 0 17 0 0 0 1 3 0 0 -999
P14191 2006 12 0 0 0 0 0 10 21 0 20 18 19 26 33 23 14 18 0 0 0 0 0 0 25 41 0 0 0 0 6 0 0
P14191 2007 1 0 0 0 0 0 0 0 0 0 0 0 0 0 0 0 0 0 0 0 26 0 8 0 0 0 0 27 0 19 13 0
P14191 2007 2 0 0 10 18 0 0 13 0 66 49 29 0 18 0 10 0 0 0 0 0 22 18 21 0 18 8 0 15 -999 -999 -999
P14191 2007 3 0 0 0 0 0 0 0 8 0 4 0 26 48 25 22 12 6 6 0 11 0 16 16 0 0 0 0 0 0 7 0
P14191 2007 4 0 0 0 0 26 14 0 0 0 0 0 0 25 0 0 0 0 23 0 19 22 24 22 0 0 23 0 12 0 0 -999
P14191 2007 5 0 3 0 0 18 21 23 11 13 0 0 23 44 46 27 16 0 20 0 0 0 5 0 0 0 0 0 0 0 0 0
P14191 2007 6 28 0 18 0 0 23 0 0 0 0 0 0 0 0 0 0 18 0 0 0 0 0 0 0 0 0 0 0 29 32 -999
P14191 2007 7 30 0 28 40 0 17 19 0 0 25 0 32 0 0 6 0 31 38 0 0 0 24 25 0 0 14 0 0 0 17 0
P14191 2007 8 0 18 0 30 26 0 0 0 0 0 20 0 0 0 0 0 0 0 0 0 0 0 0 0 21 0 0 17 0 0 0
P14191 2007 9 0 5 0 0 0 0 0 4 0 0 0 0 0 0 20 0 12 0 0 0 0 0 16 0 10 9 0 0 0 0 -999
P14191 2007 10 0 0 0 0 0 0 0 7 0 0 0 0 26 0 0 0 0 0 0 0 8 0 20 0 0 0 0 13 0 0 4
P14191 2007 11 5 0 0 0 0 0 7 0 0 6 0 20 0 0 12 0 0 0 0 0 0 0 0 0 0 0 0 0 0 33 -999
P14191 2007 12 19 0 11 24 37 39 0 0 2 2 0 0 0 0 0 0 8 12 0 8 0 5 0 4 0 0 0 0 0 0 0
P14191 2008 1 9 0 23 23 0 4 0 0 22 0 0 14 0 9 17 10 0 0 0 0 0 12 0 0 0 11 0 14 9 0 16
P14191 2008 2 26 0 0 0 0 9 14 16 0 26 26 25 0 0 0 0 0 0 55 16 7 6 0 24 43 43 47 80 -999 -999 -999
P14191 2008 3 83 0 0 0 0 0 0 0 0 0 0 3 0 0 0 0 0 0 0 0 0 0 0 0 0 0 0 0 2 0 0
P14191 2008 4 0 0 8 0 20 0 2 0 0 0 0 0 0 0 22 29 19 17 0 0 0 0 0 0 0 0 0 0 11 24 -999
P14191 2008 5 18 0 0 0 14 34 0 15 0 0 24 0 0 23 0 19 15 8 0 0 31 0 0 0 0 0 0 8 0 0 0
P14191 2008 6 0 0 9 0 0 0 0 0 0 0 0 23 0 0 0 0 0 19 0 0 0 13 20 0 0 12 0 0 25 0 -999
P14191 2008 7 0 0 0 11 0 13 0 26 0 0 0 0 17 33 0 0 0 21 0 0 20 0 0 0 0 0 0 0 0 0 0
P14191 2008 8 24 32 30 17 0 0 0 0 15 26 0 0 0 14 0 0 0 21 13 0 12 0 17 0 0 0 0 0 0 0 0
P14191 2008 9 8 0 0 0 0 0 0 0 16 0 0 0 0 0 0 0 0 0 0 0 0 7 0 0 0 0 0 0 20 0 -999
P14191 2008 10 15 0 0 0 14 0 0 18 6 0 15 26 21 24 0 0 0 0 12 0 16 0 0 0 0 13 0 14 0 0 0
P14191 2008 11 0 20 0 21 11 0 0 0 15 0 9 0 0 0 0 0 0 0 0 0 1 0 0 0 0 0 0 0 0 0 -999
P14191 2008 12 0 2 0 0 0 12 0 0 0 0 21 0 0 12 10 4 4 3 0 0 0 0 0 0 3 5 0 4 4 0 0
P14191 2009 1 0 0 1 0 0 0 0 0 0 0 0 0 27 11 0 5 0 0 0 0 0 0 0 0 0 0 0 0 0 0 0
P14191 2009 2 0 7 0 0 14 7 14 0 0 0 0 0 0 0 0 0 0 0 0 0 0 0 0 0 0 6 0 0 -999 -999 -999
P14191 2009 3 25 43 27 16 4 0 0 0 35 34 19 0 0 0 28 19 7 0 0 0 0 0 0 15 14 28 0 36 0 24 17
P14191 2009 4 0 0 0 0 0 0 0 7 6 0 0 20 38 35 21 0 0 12 10 21 26 0 0 0 10 4 5 0 0 0 -999
P14191 2009 5 47 55 22 20 0 0 13 14 0 36 40 0 0 0 0 0 0 0 0 0 44 51 0 0 0 0 0 12 12 14 0
P14191 2009 6 0 0 9 0 0 0 20 14 0 0 0 0 0 0 21 30 0 22 0 0 4 0 0 0 0 0 0 0 8 0 -999
P14191 2009 7 0 18 17 0 0 21 0 0 0 0 0 30 35 24 0 0 0 0 0 0 19 17 0 22 0 0 0 0 0 0 0
P14191 2009 8 31 16 0 0 0 0 0 0 16 0 0 0 0 0 0 0 0 0 0 0 0 0 22 0 18 0 0 0 17 0 20
P14191 2009 9 0 0 0 0 0 0 4 0 0 0 29 0 0 0 0 0 0 0 16 16 0 0 18 19 0 0 0 0 0 8 -999
P14191 2009 10 0 14 0 0 7 0 3 0 0 0 0 0 0 6 0 0 0 0 0 16 0 0 0 0 0 0 0 0 0 0 8
P14191 2009 11 0 0 0 0 0 0 0 0 5 0 0 0 0 0 0 0 0 0 0 0 0 0 0 0 0 23 0 8 0 0 -999
P14191 2009 12 11 0 0 0 0 15 32 0 0 0 0 7 3 0 0 0 0 7 18 0 10 5 5 0 0 0 0 17 0 0 4
P14191 2010 1 0 7 0 31 22 16 12 0 0 0 0 8 0 0 0 0 0 0 0 0 0 0 3 0 0 7 0 0 0 0 0
P14191 2010 2 5 3 0 0 0 25 20 13 0 0 0 0 0 0 0 0 0 0 0 0 0 0 7 0 4 0 0 0 -999 -999 -999
P14191 2010 3 0 1 0 0 0 0 25 19 19 0 16 11 0 0 0 0 0 0 17 53 0 6 0 0 3 0 3 0 0 0 0
P14191 2010 4 0 0 12 0 0 0 0 0 0 23 0 29 0 32 0 44 0 14 7 0 0 20 0 0 0 22 0 8 31 29 -999
P14191 2010 5 17 0 0 0 21 18 14 13 0 0 0 0 20 17 23 28 0 0 15 0 11 0 18 0 0 0 0 0 0 18 0
P14191 2010 6 0 18 0 15 0 13 0 0 6 0 0 0 31 0 0 25 0 7 0 14 0 0 0 0 0 0 20 22 30 23 -999
P14191 2010 7 17 0 24 16 0 0 0 14 0 21 0 0 0 0 0 0 19 0 0 0 0 0 0 0 0 0 0 0 0 0 14
P14191 2010 8 0 29 0 0 0 0 0 17 0 0 0 23 0 0 0 19 0 0 0 0 0 0 0 17 22 0 9 7 0 0 0
P14191 2010 9 16 0 15 0 0 0 0 0 0 0 44 0 44 35 21 17 0 0 0 0 0 0 0 0 0 0 0 0 0 4 -999
P14191 2010 10 0 2 0 0 0 0 0 0 0 0 0 8 0 0 0 0 0 0 0 17 26 37 38 0 0 0 0 0 0 0 0
P14191 2010 11 0 0 0 0 0 0 4 5 0 0 0 0 0 0 0 0 0 0 4 0 0 0 0 0 0 0 2 0 0 0 -999
P14191 2010 12 0 7 0 6 0 7 0 0 0 0 0 0 0 26 23 0 0 0 0 5 0 0 2 0 0 0 0 0 0 0 0
P14191 2011 1 0 0 0 0 0 0 0 0 0 4 0 0 0 7 0 0 0 0 0 0 0 0 22 16 0 0 2 0 0 0 0
P14191 2011 2 0 0 0 0 0 0 0 0 0 0 0 0 0 0 0 0 0 0 0 0 0 11 0 7 0 0 0 21 -999 -999 -999
P14191 2011 3 24 12 0 0 0 0 6 2 1 0 0 0 0 10 16 37 67 29 0 0 0 16 15 24 25 0 0 28 21 0 10
P14191 2011 4 0 20 0 16 13 0 0 0 0 15 15 20 0 0 0 0 0 0 19 18 0 0 0 0 0 0 0 0 0 12 -999
P14191 2011 5 0 0 0 12 0 0 9 0 19 33 0 8 10 0 0 0 0 0 0 0 0 33 0 0 15 20 25 0 0 45 26
P14191 2011 6 0 0 8 4 4 0 0 0 0 0 0 0 0 0 0 20 0 0 0 9 12 0 0 0 31 0 34 24 0 18 -999
P14191 2011 7 0 0 4 0 0 0 0 0 0 0 0 0 0 21 0 0 0 0 0 0 0 0 0 0 8 16 0 0 0 0 0
P14191 2011 8 0 0 0 17 0 0 0 0 0 0 0 0 17 12 0 0 9 0 0 0 0 23 0 0 0 0 0 0 0 0 29
P14191 2011 9 43 0 0 13 16 0 0 0 0 40 0 0 0 8 0 0 0 0 0 0 0 0 11 0 0 0 0 0 0 13 -999
P14191 2011 10 0 0 0 0 0 0 0 8 12 13 0 15 0 0 0 0 0 0 0 0 0 11 0 0 0 0 0 0 22 0 46
P14191 2011 11 22 12 0 0 19 0 59 0 19 0 8 0 20 0 0 8 0 0 0 0 0 26 58 36 0 0 0 0 7 0 -999
P14191 2011 12 0 0 0 26 0 0 0 0 0 0 4 0 0 0 0 0 0 0 17 19 25 10 0 8 0 17 0 0 0 0 4
P14191 2012 1 0 30 0 0 0 0 0 0 0 0 0 3 0 0 0 0 7 12 0 0 0 0 0 4 0 0 0 0 0 0 0
P14191 2012 2 0 3 25 0 3 2 0 0 0 0 0 0 0 0 0 3 0 0 0 14 16 0 3 0 8 0 4 7 -999 -999 -999
P14191 2012 3 14 29 33 35 21 9 0 0 0 0 0 0 6 7 0 0 0 0 0 0 0 0 0 0 0 0 0 0 7 0 0
P14191 2012 4 0 0 12 0 0 0 20 14 0 10 4 0 31 37 31 17 0 0 21 0 0 0 0 0 32 39 42 43 19 18 -999
P14191 2012 5 23 22 38 18 0 0 25 43 0 22 0 0 0 19 23 0 11 0 0 0 0 0 16 0 0 34 23 14 0 6 0
P14191 2012 6 0 0 0 0 0 0 0 0 0 25 20 22 24 31 29 0 10 9 0 0 0 0 0 0 0 0 0 13 0 36 -999
P14191 2012 7 13 0 0 0 0 0 0 0 0 0 0 25 28 0 13 0 23 0 0 0 0 0 0 24 26 34 0 0 8 0 20
P14191 2012 8 0 0 0 0 0 0 0 0 0 0 0 0 7 0 0 17 20 0 0 0 0 0 10 9 0 0 8 10 13 0 6
P14191 2012 9 0 0 0 0 13 14 28 18 0 0 10 0 0 0 0 6 0 0 15 0 0 0 0 0 21 13 0 0 0 0 -999
P14191 2012 10 0 11 0 0 0 0 0 0 0 0 29 0 0 0 0 0 0 0 0 6 11 0 0 0 0 11 0 0 0 0 0
P14191 2012 11 0 15 24 0 0 0 0 0 0 6 17 0 0 0 0 0 0 0 23 31 17 11 0 0 0 0 0 0 0 22 -999
P14191 2012 12 0 0 12 0 0 0 43 0 0 0 0 0 0 26 20 22 0 0 0 7 0 0 0 0 0 0 0 0 0 9 0
P14191 2013 1 34 0 0 0 8 0 0 0 0 0 0 0 0 0 0 0 0 0 0 0 0 0 0 0 0 0 0 0 0 0 8
P14191 2013 2 0 0 0 0 0 0 0 0 0 0 0 0 0 29 18 0 0 0 19 0 17 0 0 0 16 9 0 0 -999 -999 -999
P14191 2013 3 0 4 0 0 10 5 6 20 20 15 26 24 24 0 0 12 0 15 0 14 8 23 0 0 0 0 0 0 51 47 47
P14191 2013 4 63 22 7 0 16 0 0 4 0 0 0 0 8 0 11 14 0 9 15 11 0 0 0 12 38 37 7 0 0 0 -999
P14191 2013 5 8 0 11 14 0 0 10 29 0 0 27 23 0 0 0 0 0 26 16 17 0 0 0 0 0 0 0 0 0 0 17
P14191 2013 6 0 24 24 0 15 0 0 25 0 0 25 26 25 19 0 0 0 0 0 0 6 0 0 10 0 0 0 42 38 0 -999
P14191 2013 7 15 0 0 0 0 0 0 0 23 0 0 17 0 15 0 0 0 0 0 0 0 20 0 0 0 0 0 0 0 0 0
P14191 2013 8 0 0 0 0 40 0 0 34 24 0 0 0 0 0 0 0 18 0 0 0 0 0 0 0 16 11 0 0 0 18 0
P14191 2013 9 0 18 0 0 5 0 12 0 0 0 0 22 0 0 0 11 9 0 0 0 0 40 0 0 0 0 0 0 0 4 -999
P14191 2013 10 0 0 0 0 0 0 0 0 0 11 18 14 12 14 10 10 21 23 0 0 3 0 5 0 0 0 0 6 0 0 0
P14191 2013 11 0 0 0 0 0 0 0 5 0 8 12 0 0 0 0 0 0 24 73 56 15 0 0 27 26 0 23 33 0 0 -999
P14191 2013 12 0 0 5 0 0 0 0 4 0 0 0 0 0 6 5 0 0 0 0 0 0 0 7 9 8 0 14 13 0 0 0
P14191 2014 1 0 0 0 0 0 7 6 0 13 0 0 0 0 0 0 0 0 0 0 0 0 0 2 0 0 0 0 0 56 51 0
P14191 2014 2 0 0 17 0 0 0 0 26 0 11 3 0 0 3 0 0 0 0 0 0 0 0 0 0 0 0 0 25 -999 -999 -999