precip	MIROC5	RCP60	REGRESION	decimas	1
P12769	41.499	-5.600	182	geo	2006	2100	-1
P12769 2006 1 0 0 0 0 0 14 8 0 0 7 16 59 104 0 43 58 47 41 22 10 0 9 15 0 10 0 13 15 0 24 7
P12769 2006 2 16 46 25 19 9 0 0 0 0 0 6 0 0 16 17 13 13 0 19 15 0 0 0 0 0 0 4 0 -999 -999 -999
P12769 2006 3 25 39 57 69 56 65 59 55 0 30 36 24 23 19 0 45 72 69 54 0 0 30 28 23 25 0 0 35 0 31 28
P12769 2006 4 19 31 24 25 16 9 0 0 0 0 0 0 0 8 0 0 0 0 0 0 0 0 0 0 0 0 35 0 16 0 -999
P12769 2006 5 0 0 0 25 21 33 0 0 0 0 0 13 19 19 0 11 12 0 16 14 0 5 0 0 0 0 0 0 18 0 0
P12769 2006 6 0 0 10 0 0 11 0 0 0 0 11 0 0 8 0 0 0 13 0 0 0 0 0 0 18 0 0 14 14 21 -999
P12769 2006 7 15 0 0 0 0 0 0 17 0 0 0 0 24 0 0 0 0 0 0 18 0 0 0 0 0 0 0 0 0 0 0
P12769 2006 8 0 0 10 0 0 0 0 0 0 0 11 0 0 0 0 0 0 0 0 17 0 0 0 0 0 0 8 0 0 20 0
P12769 2006 9 0 0 0 0 0 0 0 0 0 0 0 0 10 0 0 0 0 0 0 13 0 0 14 0 0 0 0 10 0 0 -999
P12769 2006 10 0 0 0 0 0 0 0 0 0 0 0 0 19 19 18 0 11 0 0 0 18 12 0 0 19 17 0 20 0 12 0
P12769 2006 11 17 9 0 0 0 13 29 21 11 0 0 0 0 0 0 0 0 0 0 10 0 0 0 0 0 7 0 0 0 0 -999
P12769 2006 12 0 0 2 0 0 0 11 38 47 0 18 19 19 0 47 50 0 0 0 0 15 35 61 31 36 0 24 24 32 23 13
P12769 2007 1 0 18 10 0 0 0 0 0 0 0 0 0 0 0 0 0 0 0 0 0 0 0 4 5 7 0 7 0 11 12 0
P12769 2007 2 6 9 0 0 0 6 15 47 93 54 19 0 8 8 9 0 12 21 15 18 19 17 26 22 32 29 30 0 -999 -999 -999
P12769 2007 3 14 0 18 34 38 18 0 10 0 0 14 21 28 48 22 13 0 0 0 27 17 0 0 0 0 0 0 4 0 0 0
P12769 2007 4 0 0 0 0 0 12 0 0 0 0 13 27 33 0 0 0 24 34 0 24 0 0 22 0 0 9 0 0 0 0 -999
P12769 2007 5 0 0 0 0 37 0 0 10 0 19 17 18 15 0 16 14 0 19 19 0 0 0 0 0 7 0 0 0 0 0 12
P12769 2007 6 14 0 0 12 14 0 0 0 0 0 0 14 0 0 0 0 0 0 0 0 0 0 0 0 11 0 15 15 0 0 -999
P12769 2007 7 13 0 15 0 0 0 12 0 0 20 23 24 0 0 0 0 20 0 0 0 0 0 0 0 0 0 0 0 0 0 0
P12769 2007 8 0 0 0 0 0 0 0 0 0 0 0 0 0 0 0 0 0 0 0 20 0 0 0 0 12 0 0 0 0 0 0
P12769 2007 9 0 0 0 4 0 0 0 0 0 0 0 0 11 14 23 0 0 0 0 0 0 0 11 15 0 13 0 0 0 0 -999
P12769 2007 10 0 0 0 0 0 0 0 0 0 15 13 0 29 31 15 18 27 43 12 0 22 0 40 31 0 0 26 0 10 6 8
P12769 2007 11 0 5 9 0 0 0 5 6 0 0 35 31 0 24 0 0 0 0 0 0 0 6 3 0 3 0 9 0 0 0 -999
P12769 2007 12 0 0 0 8 6 0 0 5 0 0 0 0 0 0 0 11 0 17 0 5 0 0 0 10 0 0 0 7 2 0 0
P12769 2008 1 0 13 19 21 0 2 0 0 0 0 0 6 0 13 13 0 0 0 14 0 0 39 15 12 22 52 0 28 0 36 52
P12769 2008 2 75 35 57 35 28 41 28 44 21 25 35 0 10 0 29 0 17 36 0 0 9 7 7 0 0 15 0 11 -999 -999 -999
P12769 2008 3 0 8 9 0 5 0 0 0 0 0 0 0 19 10 0 0 0 4 0 0 0 0 0 0 0 9 4 0 0 0 0
P12769 2008 4 4 0 10 0 13 0 0 0 0 0 6 0 0 20 32 0 0 14 0 0 8 0 6 0 0 0 4 0 14 16 -999
P12769 2008 5 12 0 0 0 10 7 7 0 11 19 33 0 16 21 0 0 0 8 0 0 18 21 29 10 7 0 0 7 9 12 11
P12769 2008 6 9 0 0 0 13 17 0 0 0 0 0 0 0 28 0 0 0 0 0 11 0 0 0 8 0 0 0 0 15 0 -999
P12769 2008 7 0 0 0 0 0 0 22 0 0 0 0 0 17 0 0 0 0 0 0 0 0 0 0 0 14 0 0 0 0 0 0
P12769 2008 8 0 0 0 0 0 0 16 0 0 16 0 0 0 0 0 0 0 0 0 0 0 0 0 4 0 13 0 0 0 5 0
P12769 2008 9 10 0 0 0 0 0 0 0 0 13 17 16 0 25 0 0 0 0 0 0 0 0 21 0 20 14 0 20 0 21 -999
P12769 2008 10 23 16 9 0 0 7 13 11 0 10 0 29 25 0 0 0 0 0 15 0 0 17 21 17 16 0 0 17 0 0 16
P12769 2008 11 0 0 19 0 0 2 3 0 0 7 14 0 0 0 0 0 16 25 0 0 0 0 0 0 0 0 0 0 0 0 -999
P12769 2008 12 0 0 0 1 1 0 0 3 0 14 0 0 7 8 4 0 0 0 0 0 6 0 0 0 0 19 15 12 7 0 0
P12769 2009 1 0 0 0 0 0 0 3 0 0 0 0 0 0 0 7 4 0 0 0 0 0 0 0 0 0 0 0 0 0 0 0
P12769 2009 2 0 5 5 6 0 3 2 0 1 0 0 0 4 3 0 0 1 0 0 0 0 0 0 0 0 0 0 0 -999 -999 -999
P12769 2009 3 26 0 25 13 0 0 0 26 16 6 5 6 0 0 0 20 42 39 0 19 0 0 25 19 20 0 29 43 43 34 16
P12769 2009 4 12 0 8 0 17 19 0 0 0 0 8 0 0 0 0 0 0 7 0 0 0 0 0 5 6 0 0 0 22 29 -999
P12769 2009 5 0 20 15 0 0 0 0 0 0 10 8 0 0 0 0 0 0 0 0 0 0 0 0 0 0 0 0 0 0 0 0
P12769 2009 6 0 0 0 13 14 16 0 9 0 0 0 0 0 18 19 0 0 0 0 7 0 0 0 0 14 0 0 0 0 0 -999
P12769 2009 7 24 0 0 9 0 0 0 0 0 0 0 0 18 0 0 0 0 9 0 0 0 0 0 0 0 9 0 0 0 0 0
P12769 2009 8 0 0 0 0 0 0 0 0 10 0 0 8 10 0 0 0 6 0 0 0 0 0 0 0 0 0 0 0 0 19 17
P12769 2009 9 22 17 0 0 0 0 0 0 22 0 21 13 0 0 0 0 0 0 0 12 0 0 17 12 0 0 0 0 0 0 -999
P12769 2009 10 0 0 0 0 0 0 0 6 0 0 0 0 12 12 12 15 16 14 0 9 10 0 17 29 0 0 0 0 0 0 0
P12769 2009 11 0 4 0 6 0 0 10 0 0 0 0 0 0 0 12 11 0 0 0 21 0 0 26 14 0 5 10 14 0 18 -999
P12769 2009 12 14 23 28 0 44 0 32 0 15 0 17 0 13 0 0 0 15 31 0 0 0 0 0 20 28 33 33 26 0 0 15
P12769 2010 1 0 14 27 0 28 0 6 0 11 0 0 7 11 0 10 0 11 7 11 16 0 0 0 4 0 0 0 0 0 0 10
P12769 2010 2 8 0 3 5 9 11 0 0 0 0 0 0 0 0 0 0 0 2 0 0 0 0 0 6 3 0 0 0 -999 -999 -999
P12769 2010 3 4 0 0 0 0 10 8 12 30 25 0 8 0 0 0 0 7 0 31 12 0 0 0 0 0 0 0 0 0 0 8
P12769 2010 4 12 14 21 0 0 0 20 0 26 21 0 0 10 15 32 0 0 0 0 15 0 0 7 13 0 0 0 0 0 0 -999
P12769 2010 5 8 6 0 17 0 9 0 0 0 0 12 12 0 0 12 16 13 17 8 3 0 9 0 7 0 27 21 0 0 9 0
P12769 2010 6 0 0 15 10 0 8 0 0 0 0 7 15 0 14 0 0 0 0 0 0 0 12 0 0 9 0 0 0 0 0 -999
P12769 2010 7 0 19 0 0 0 0 0 0 0 0 0 0 7 0 0 0 0 0 0 0 11 14 0 0 0 0 0 0 0 0 0
P12769 2010 8 25 0 0 0 0 0 0 0 0 0 0 0 9 0 21 20 0 0 0 0 0 0 0 0 0 0 0 0 0 0 0
P12769 2010 9 0 0 25 0 0 0 0 20 18 0 0 0 12 0 0 7 7 0 0 0 0 0 0 16 0 0 0 0 7 0 -999
P12769 2010 10 0 0 0 0 0 0 10 0 0 0 36 25 38 24 0 0 0 0 17 0 13 16 0 5 0 0 6 9 14 8 8
P12769 2010 11 0 0 0 0 0 0 6 0 0 0 0 0 0 0 5 0 0 0 0 6 0 0 0 5 0 0 0 0 2 0 -999
P12769 2010 12 2 0 0 7 7 9 8 5 0 0 0 13 24 0 5 0 9 0 0 0 0 0 0 0 0 0 0 0 0 0 0
P12769 2011 1 0 0 0 11 0 0 0 0 0 0 6 6 5 0 14 4 2 0 0 0 0 16 26 0 15 7 8 2 0 0 0
P12769 2011 2 10 0 7 23 27 30 23 12 0 0 0 13 0 0 0 8 4 0 9 10 13 24 13 0 7 0 11 22 -999 -999 -999
P12769 2011 3 20 15 11 0 8 9 0 0 0 10 14 0 14 0 22 0 25 0 12 0 15 0 43 90 27 12 0 50 0 7 0
P12769 2011 4 16 23 0 0 9 9 0 13 0 0 13 12 0 0 0 0 24 0 0 0 0 11 0 0 0 0 0 0 0 0 -999
P12769 2011 5 0 12 6 0 0 5 0 0 0 0 0 11 0 0 0 0 7 0 0 26 25 10 9 14 0 0 14 11 7 0 0
P12769 2011 6 0 0 0 0 0 0 0 0 16 0 0 0 0 0 0 0 0 0 0 0 14 0 0 0 12 0 0 0 0 0 -999
P12769 2011 7 0 7 9 0 0 0 0 0 0 0 0 0 0 0 10 0 0 0 0 16 0 0 0 0 8 0 0 0 0 12 0
P12769 2011 8 0 0 15 0 0 0 14 0 0 0 0 0 0 0 0 0 0 0 0 0 0 0 0 9 0 0 0 0 0 0 0
P12769 2011 9 0 0 9 0 0 0 0 0 21 0 0 0 0 0 4 0 0 0 0 0 0 6 0 0 8 9 0 0 0 15 -999
P12769 2011 10 11 10 0 0 0 0 0 0 0 0 0 0 15 18 16 13 10 0 0 0 13 0 0 0 0 8 0 9 10 0 13
P12769 2011 11 0 4 8 17 33 40 23 0 4 0 0 0 9 0 0 0 27 0 0 0 0 27 18 0 0 6 7 0 0 0 -999
P12769 2011 12 0 0 18 0 0 0 4 0 0 0 0 13 0 4 0 35 36 35 37 36 36 19 19 14 0 21 22 0 22 19 39
P12769 2012 1 31 11 3 0 0 0 0 0 0 0 0 0 0 1 0 0 0 0 0 0 3 2 0 0 0 0 5 9 12 0 3
P12769 2012 2 0 11 17 9 0 0 5 0 0 0 0 0 0 0 0 2 0 11 22 15 9 5 5 0 0 0 0 0 -999 -999 -999
P12769 2012 3 0 0 17 0 0 0 0 2 0 0 0 0 0 8 0 21 17 14 19 32 32 15 0 24 0 0 0 0 0 0 0
P12769 2012 4 8 0 0 0 0 0 0 15 0 0 0 6 0 41 0 20 0 0 6 0 0 0 0 26 26 0 24 27 22 0 -999
P12769 2012 5 0 0 14 0 6 0 9 0 0 0 13 0 18 25 20 0 14 13 0 7 9 0 9 0 19 0 0 0 0 5 0
P12769 2012 6 0 0 0 0 0 0 0 0 23 0 0 0 0 0 17 0 0 0 0 0 11 0 0 0 0 0 0 15 0 0 -999
P12769 2012 7 0 0 0 0 0 0 0 0 0 0 0 0 0 0 0 0 0 0 0 0 11 0 0 0 20 0 0 0 8 0 0
P12769 2012 8 0 0 0 0 0 0 0 0 0 0 0 0 7 0 0 0 11 0 0 0 0 0 0 9 0 0 0 0 8 8 0
P12769 2012 9 0 0 0 11 0 0 0 0 0 0 0 0 10 0 0 0 0 0 0 0 0 0 0 0 0 0 0 0 14 0 -999
P12769 2012 10 0 5 0 0 0 6 0 0 0 26 39 15 0 0 0 23 22 21 25 0 0 0 0 8 11 14 25 15 0 34 16
P12769 2012 11 31 32 27 0 13 0 6 9 0 28 22 0 0 0 0 6 0 29 40 31 17 0 0 0 0 0 11 20 26 0 -999
P12769 2012 12 9 0 9 0 15 45 41 38 0 0 0 10 18 36 28 31 21 12 0 0 0 0 0 18 10 7 0 0 11 0 28
P12769 2013 1 13 9 14 26 15 0 16 10 0 0 0 6 0 0 0 0 0 0 0 0 0 0 0 0 0 3 0 10 0 0 0
P12769 2013 2 0 0 0 0 0 0 5 0 0 0 0 0 0 49 20 8 12 39 49 0 0 40 32 42 0 0 0 5 -999 -999 -999
P12769 2013 3 0 13 0 15 8 6 14 25 21 37 65 59 42 18 21 29 23 23 25 18 15 36 0 0 22 0 0 24 28 31 0
P12769 2013 4 23 11 9 0 0 16 16 7 4 0 0 0 0 0 0 21 0 9 11 0 25 0 0 23 29 7 5 0 0 0 -999
P12769 2013 5 6 0 7 15 0 6 0 21 19 24 23 0 0 0 24 0 19 0 14 11 0 0 0 0 0 0 0 0 0 0 12
P12769 2013 6 0 0 0 19 0 0 0 27 28 33 28 24 18 0 0 0 0 0 12 11 0 0 0 0 0 23 30 26 0 15 -999
P12769 2013 7 0 9 0 0 0 19 0 0 0 0 0 0 0 0 0 0 15 0 0 0 0 0 0 0 0 0 0 0 0 21 0
P12769 2013 8 0 0 0 0 0 16 15 18 18 16 0 0 7 8 11 0 0 0 0 0 9 0 0 0 0 0 0 0 0 19 28
P12769 2013 9 23 13 0 6 9 0 0 0 0 16 0 11 0 0 0 8 0 0 0 0 0 13 0 0 0 0 0 0 0 0 -999
P12769 2013 10 0 0 0 9 0 0 8 10 14 0 15 0 0 0 8 12 14 0 0 0 0 0 3 0 2 0 0 0 0 0 3
P12769 2013 11 0 0 0 0 0 3 0 0 6 6 6 0 0 0 0 9 0 71 95 0 37 66 70 38 0 66 22 0 8 0 -999
P12769 2013 12 0 0 0 0 0 0 0 0 0 8 9 12 7 0 12 0 7 0 0 8 0 17 16 27 21 27 0 0 33 0 0
P12769 2014 1 17 0 0 0 0 19 12 21 9 6 14 0 0 20 18 0 0 0 0 0 0 3 0 10 14 19 34 40 54 0 22
P12769 2014 2 21 26 18 26 23 41 0 37 23 25 0 14 18 0 0 9 7 0 0 0 0 0 0 7 0 0 0 14 -999 -999 -999