precip	MIROC5	RCP60	REGRESION	decimas	1
P12259	41.089	1.039	182	geo	2006	2100	-1
P12259 2006 1 0 0 0 10 0 0 0 0 0 0 0 16 53 0 8 0 10 7 24 0 3 5 17 19 3 0 0 0 24 0 0
P12259 2006 2 0 0 27 0 0 0 0 0 0 0 0 0 17 25 0 32 7 0 0 0 36 0 0 12 0 0 0 4 -999 -999 -999
P12259 2006 3 0 16 0 24 19 33 41 65 41 0 0 65 33 0 22 35 44 0 0 0 10 0 10 0 26 13 6 10 0 0 43
P12259 2006 4 0 0 0 0 12 0 0 46 32 0 0 0 0 0 10 0 0 0 0 0 0 0 0 10 21 28 66 94 72 0 -999
P12259 2006 5 0 0 0 17 0 0 0 15 0 0 0 0 0 0 0 0 21 0 0 7 0 0 0 0 0 8 0 0 0 0 0
P12259 2006 6 0 0 16 0 0 17 0 0 41 30 0 0 0 0 0 0 0 0 0 0 0 12 0 0 0 0 34 0 23 33 -999
P12259 2006 7 43 0 0 0 17 0 0 0 0 0 0 0 0 0 17 0 0 0 0 0 27 21 26 0 0 0 0 0 0 0 24
P12259 2006 8 25 26 0 0 0 0 0 0 0 0 0 0 0 0 0 0 0 0 10 0 0 0 7 16 0 0 0 0 0 21 0
P12259 2006 9 0 22 0 25 0 0 0 10 13 24 21 0 0 0 11 0 23 0 0 0 0 0 0 0 32 0 0 0 0 0 -999
P12259 2006 10 0 0 0 0 0 0 7 17 17 0 0 24 0 43 0 45 0 0 0 0 0 12 0 0 0 0 0 0 2 0 0
P12259 2006 11 6 0 0 0 12 0 0 20 0 0 6 0 0 0 0 0 4 0 0 0 0 19 13 52 0 0 0 0 3 5 -999
P12259 2006 12 0 0 0 0 0 0 0 0 37 38 37 0 57 0 0 22 18 0 0 0 0 22 44 45 0 17 0 0 0 0 0
P12259 2007 1 0 0 0 0 0 0 0 0 0 0 0 0 0 0 0 0 0 0 18 0 0 15 0 8 20 31 0 0 15 0 0
P12259 2007 2 7 0 9 9 0 17 14 51 116 51 38 0 22 0 0 0 0 16 26 0 45 30 44 81 50 19 14 0 -999 -999 -999
P12259 2007 3 11 0 14 23 33 26 0 0 16 0 11 34 53 31 0 0 0 0 0 13 0 0 0 0 0 0 0 0 0 0 0
P12259 2007 4 0 0 0 0 0 0 0 0 0 0 0 24 33 21 0 0 0 31 25 0 0 0 25 17 0 0 32 0 5 0 -999
P12259 2007 5 0 0 0 25 0 0 0 0 0 22 0 38 64 34 0 13 0 31 0 30 0 0 6 0 0 0 0 0 5 0 0
P12259 2007 6 50 0 0 0 0 33 0 0 0 0 0 22 45 0 0 0 30 0 0 0 22 0 0 0 0 0 0 31 0 0 -999
P12259 2007 7 0 24 0 0 0 0 0 0 0 31 0 36 0 0 0 0 39 35 0 0 0 26 0 0 0 27 32 0 18 0 0
P12259 2007 8 0 0 0 0 16 0 0 0 0 0 0 0 0 0 0 0 20 0 0 0 0 0 0 0 29 36 18 0 0 0 0
P12259 2007 9 0 0 0 0 0 0 0 0 0 23 0 0 0 0 0 30 0 0 0 0 0 0 0 0 0 0 0 0 0 0 -999
P12259 2007 10 0 8 0 10 0 0 0 0 0 35 50 52 0 0 5 6 0 28 15 0 0 34 16 0 0 0 0 0 0 0 0
P12259 2007 11 0 0 15 4 0 0 0 0 11 13 13 0 0 0 0 0 0 0 0 0 0 0 0 0 0 2 0 0 35 35 -999
P12259 2007 12 0 0 0 28 56 68 0 12 5 0 0 0 0 0 0 0 0 36 0 21 0 0 0 0 6 0 0 0 0 0 0
P12259 2008 1 0 7 26 20 8 0 0 0 43 0 0 0 0 9 22 13 14 0 0 0 0 0 0 0 8 0 0 0 0 8 0
P12259 2008 2 22 0 11 16 0 0 0 0 0 0 0 16 0 0 0 5 0 0 53 0 0 0 12 50 74 60 66 117 -999 -999 -999
P12259 2008 3 168 0 0 0 0 0 0 0 0 0 0 0 0 0 0 0 0 0 0 0 0 0 0 0 0 2 0 0 1 0 0
P12259 2008 4 0 0 0 0 47 36 0 0 4 0 0 7 23 40 42 41 0 32 0 12 0 0 0 0 0 2 0 0 19 0 -999
P12259 2008 5 29 0 0 0 0 47 35 0 0 0 34 0 0 0 0 21 0 0 0 38 0 25 0 0 16 0 0 0 0 0 0
P12259 2008 6 0 0 0 0 0 0 0 0 0 0 0 0 0 24 0 0 0 0 0 17 0 0 0 0 0 23 0 39 0 0 -999
P12259 2008 7 0 5 0 0 0 0 35 41 0 0 0 23 0 46 0 0 19 0 13 0 0 0 14 20 23 0 26 0 0 0 36
P12259 2008 8 0 52 0 0 0 0 0 0 0 0 0 7 18 12 0 0 0 22 0 0 0 25 13 0 0 22 0 0 0 4 0
P12259 2008 9 0 0 0 0 0 0 0 0 0 22 0 26 11 0 0 0 0 0 20 0 0 0 0 0 19 0 0 0 23 17 -999
P12259 2008 10 10 0 0 0 0 0 15 0 0 0 19 0 20 24 17 0 24 0 0 0 0 0 16 0 0 11 16 0 0 0 0
P12259 2008 11 0 0 0 31 14 0 0 0 0 14 0 19 0 0 0 0 3 0 0 0 0 0 0 0 0 6 0 0 0 0 -999
P12259 2008 12 0 0 0 0 0 20 25 20 18 0 0 0 0 0 14 0 0 2 0 0 2 0 0 0 0 0 0 0 0 0 0
P12259 2009 1 0 0 0 0 0 0 0 0 0 3 0 0 28 0 0 6 0 0 0 0 0 0 0 0 0 0 0 0 0 0 3
P12259 2009 2 0 7 10 12 19 10 24 0 0 0 0 0 0 7 0 3 0 0 0 0 0 4 4 0 11 13 0 8 -999 -999 -999
P12259 2009 3 28 57 35 0 0 0 0 12 45 0 24 0 0 0 35 16 7 0 0 0 2 0 10 0 0 38 0 42 15 0 17
P12259 2009 4 0 59 77 16 0 45 0 0 0 0 5 25 44 27 28 36 0 13 0 28 51 0 18 0 0 0 0 0 0 32 -999
P12259 2009 5 0 0 17 0 27 42 11 0 14 31 37 0 0 0 0 0 0 0 0 40 82 72 49 0 29 0 15 0 0 23 18
P12259 2009 6 0 0 0 0 0 36 0 0 0 18 0 0 0 0 32 0 0 24 0 0 0 19 0 0 0 0 0 0 0 23 -999
P12259 2009 7 0 33 0 27 0 35 0 0 48 59 57 0 0 0 13 0 0 0 0 0 0 23 0 46 41 23 0 0 0 0 31
P12259 2009 8 25 0 0 0 0 18 0 0 17 0 27 0 14 19 0 0 0 0 0 0 0 0 0 37 0 0 0 0 0 0 26
P12259 2009 9 0 13 0 0 0 0 0 16 0 0 0 31 22 0 29 28 0 0 0 32 34 0 17 15 0 0 0 0 0 0 -999
P12259 2009 10 14 0 0 0 0 0 0 0 9 11 16 13 0 0 0 16 29 0 0 0 7 0 0 0 0 0 0 0 0 0 0
P12259 2009 11 0 0 0 0 0 0 14 0 9 0 0 0 0 0 7 0 12 0 0 0 0 0 0 5 0 32 31 0 0 10 -999
P12259 2009 12 0 0 0 3 0 0 0 0 0 24 17 0 0 0 0 0 0 0 0 27 0 14 0 0 0 0 0 15 0 0 0
P12259 2010 1 5 0 0 36 0 0 0 0 0 0 0 0 0 15 0 0 0 0 0 6 6 0 0 0 0 8 0 0 0 0 22
P12259 2010 2 0 0 0 0 0 23 0 0 0 0 8 0 0 0 0 7 0 0 0 0 0 4 0 0 0 0 0 0 -999 -999 -999
P12259 2010 3 0 0 0 0 0 0 0 0 37 0 22 0 6 8 0 0 0 0 0 98 83 0 0 0 0 0 0 0 0 0 0
P12259 2010 4 7 0 0 0 15 0 0 50 0 27 41 46 0 54 42 68 41 0 0 0 30 0 0 0 34 0 0 0 31 34 -999
P12259 2010 5 0 0 16 29 0 0 0 0 0 0 0 49 0 0 28 0 37 0 0 0 15 0 22 16 15 0 38 0 0 0 18
P12259 2010 6 0 17 0 18 0 0 0 0 0 12 0 42 79 48 0 35 13 3 0 14 0 0 0 15 0 0 0 0 39 33 -999
P12259 2010 7 16 0 0 0 26 0 0 0 29 30 0 18 0 0 0 18 0 0 0 10 0 0 0 0 0 22 0 0 0 0 24
P12259 2010 8 30 0 0 20 0 0 18 0 0 37 35 0 0 0 28 0 29 34 19 0 0 10 0 24 36 0 0 0 3 0 0
P12259 2010 9 0 0 0 0 0 0 0 0 27 56 58 0 44 0 20 13 0 8 0 0 0 19 0 36 25 0 0 0 0 4 -999
P12259 2010 10 0 0 0 0 0 0 0 0 0 0 0 0 0 0 0 0 0 0 0 0 0 27 0 14 0 0 0 0 0 0 0
P12259 2010 11 3 0 0 0 2 0 0 0 0 0 0 0 0 0 8 0 4 0 0 0 0 0 0 0 0 0 2 0 0 0 -999
P12259 2010 12 0 14 0 0 12 0 0 3 0 0 0 0 15 37 0 0 0 0 0 0 0 0 0 0 0 0 0 0 0 0 0
P12259 2011 1 1 0 0 8 0 0 0 6 0 0 0 0 0 0 0 0 0 0 0 0 0 0 23 18 8 0 0 0 0 0 0
P12259 2011 2 0 0 0 0 0 0 0 0 0 0 0 0 0 0 0 0 0 0 0 0 0 0 14 0 0 0 0 37 -999 -999 -999
P12259 2011 3 42 18 20 0 28 0 0 0 0 0 18 24 0 0 27 54 66 14 7 11 13 0 21 25 15 0 0 39 0 0 0
P12259 2011 4 37 42 0 33 0 0 11 0 0 31 0 31 38 40 11 11 44 51 35 0 32 20 0 0 0 0 0 0 0 18 -999
P12259 2011 5 0 13 9 0 0 0 0 15 0 0 11 0 19 0 0 0 14 10 0 0 0 0 9 0 19 0 39 0 34 0 0
P12259 2011 6 12 0 0 0 0 0 12 24 0 54 63 33 0 37 26 0 11 9 0 0 0 35 40 0 41 0 0 0 0 0 -999
P12259 2011 7 0 0 0 0 30 0 0 0 0 0 0 0 33 0 0 0 0 12 0 15 40 17 0 0 12 0 0 0 0 0 0
P12259 2011 8 0 0 23 10 0 0 0 0 0 0 0 0 0 0 0 0 0 0 0 0 0 0 25 0 0 0 0 9 0 0 38
P12259 2011 9 54 9 0 0 0 17 7 0 0 40 18 0 6 0 0 0 0 0 0 0 0 0 0 0 0 0 0 0 0 0 -999
P12259 2011 10 0 22 0 0 20 0 0 0 0 0 19 0 0 0 0 0 0 0 0 0 15 0 28 0 0 0 0 4 0 25 53
P12259 2011 11 0 8 6 4 13 17 89 73 0 0 0 29 54 0 0 20 26 0 4 0 5 34 51 55 0 6 9 0 13 3 -999
P12259 2011 12 0 0 15 70 21 12 8 5 0 0 0 0 0 2 0 0 0 7 0 0 17 0 0 0 8 15 8 0 0 1 0
P12259 2012 1 6 0 2 0 0 0 0 0 0 0 0 0 8 0 0 0 0 0 13 18 0 18 8 0 0 11 0 9 0 0 0
P12259 2012 2 0 0 37 23 0 0 0 0 0 0 0 0 0 0 0 0 0 5 0 7 16 0 0 0 0 21 0 0 -999 -999 -999
P12259 2012 3 10 28 37 63 36 0 0 0 0 0 0 0 2 0 0 0 24 29 0 31 0 0 0 0 16 4 0 0 0 0 6
P12259 2012 4 0 0 0 0 0 0 10 0 0 0 7 20 52 0 32 0 0 19 22 14 0 12 16 30 45 44 42 38 16 22 -999
P12259 2012 5 28 29 44 0 9 0 43 66 0 24 0 22 0 0 20 14 0 0 0 13 15 0 17 14 39 30 0 18 0 0 0
P12259 2012 6 0 11 0 0 6 0 0 0 46 27 25 0 0 35 0 0 0 0 0 0 0 20 0 0 0 0 0 0 38 0 -999
P12259 2012 7 12 8 0 0 0 0 0 45 42 0 0 0 0 0 0 0 0 94 0 0 21 0 0 38 0 0 0 0 0 21 0
P12259 2012 8 0 0 0 0 0 20 0 0 15 0 0 0 0 0 0 23 0 0 0 0 0 0 0 14 12 0 0 0 0 0 0
P12259 2012 9 0 0 0 0 0 23 0 0 0 0 0 0 27 0 0 0 0 0 0 0 0 0 9 13 22 0 0 0 0 31 -999
P12259 2012 10 17 0 0 0 0 0 10 14 24 22 44 0 0 0 0 0 0 0 0 0 15 0 0 0 0 15 0 0 0 0 2
P12259 2012 11 0 0 0 0 0 0 0 0 2 0 0 14 0 0 4 0 0 0 22 0 6 0 0 0 4 0 0 0 0 28 -999
P12259 2012 12 22 18 0 0 0 57 101 0 0 0 0 9 0 39 12 22 23 23 0 0 0 0 3 0 0 0 0 0 0 0 29
P12259 2013 1 34 15 8 18 0 0 0 1 0 0 0 0 0 0 0 0 0 0 8 0 0 0 0 0 0 0 0 0 0 3 0
P12259 2013 2 0 0 0 0 2 0 0 0 0 0 0 0 18 0 13 0 0 0 16 0 0 15 0 0 14 0 0 0 -999 -999 -999
P12259 2013 3 10 0 0 0 0 0 10 47 43 29 35 0 0 0 0 0 0 0 0 0 0 35 0 0 0 17 19 39 76 68 0
P12259 2013 4 106 58 12 0 0 0 14 0 0 0 0 0 0 0 20 0 0 0 0 10 21 13 14 15 56 27 10 0 0 0 -999
P12259 2013 5 12 0 11 0 0 0 0 0 0 25 0 0 0 0 0 43 35 0 14 20 0 4 7 0 0 0 0 0 25 28 0
P12259 2013 6 0 32 28 0 0 25 0 0 56 41 0 31 35 0 0 0 0 0 0 9 0 9 0 14 0 49 118 0 28 0 -999
P12259 2013 7 0 16 0 14 15 25 0 0 0 0 24 24 0 0 0 0 0 0 0 0 0 28 0 0 30 28 30 0 0 0 0
P12259 2013 8 0 23 0 0 48 62 27 0 0 0 18 0 0 0 11 37 18 4 0 0 0 11 27 33 0 11 0 0 36 0 0
P12259 2013 9 12 0 0 0 0 0 0 0 13 0 0 32 0 0 0 0 0 18 26 0 34 41 0 0 0 0 0 0 0 0 -999
P12259 2013 10 0 0 0 0 0 0 16 17 0 0 29 24 0 0 0 11 26 22 0 0 4 0 0 0 0 13 0 0 0 0 0
P12259 2013 11 4 0 0 0 0 0 0 0 0 0 15 0 0 4 0 4 0 52 95 73 11 8 22 32 30 17 18 23 0 0 -999
P12259 2013 12 2 0 0 0 0 0 21 15 0 0 0 12 0 0 5 0 0 0 0 0 0 7 6 0 0 0 17 0 0 0 17
P12259 2014 1 0 0 0 0 7 0 0 0 0 0 0 0 0 0 0 0 0 0 0 0 0 0 0 0 0 19 28 35 109 64 26
P12259 2014 2 0 18 0 7 0 0 0 30 0 0 0 0 5 0 0 0 0 0 0 0 0 0 0 0 0 0 10 0 -999 -999 -999