precip	MIROC5	RCP60	REGRESION	decimas	1
P14317	41.879	-1.903	182	geo	2006	2100	-1
P14317 2006 1 0 0 0 8 0 10 0 0 10 7 0 29 66 54 18 32 29 31 35 17 8 6 0 14 4 0 7 0 21 21 0
P14317 2006 2 7 0 23 10 0 0 0 1 0 0 7 0 20 26 34 35 16 7 0 23 30 20 16 15 8 6 7 7 -999 -999 -999
P14317 2006 3 18 0 37 43 45 0 51 58 43 29 47 46 33 26 0 30 0 46 37 20 26 19 22 17 0 0 14 22 0 23 48
P14317 2006 4 25 0 18 22 0 16 15 38 29 0 0 0 0 12 0 0 16 0 0 15 0 6 9 0 0 27 0 54 49 37 -999
P14317 2006 5 29 27 24 22 19 32 0 13 0 0 8 10 21 32 0 13 0 0 14 16 9 0 0 11 0 6 0 0 20 0 0
P14317 2006 6 0 0 0 0 0 14 0 0 0 0 0 0 0 0 16 0 21 22 0 0 0 0 0 18 0 0 0 20 0 0 -999
P14317 2006 7 0 0 0 0 0 29 30 0 0 0 0 0 0 0 0 0 0 0 0 27 28 0 0 0 0 0 24 0 0 22 0
P14317 2006 8 29 0 0 0 14 0 0 0 0 0 0 0 0 0 22 0 15 0 0 0 0 0 13 0 0 0 12 0 15 0 0
P14317 2006 9 0 0 0 0 19 0 12 14 0 26 0 0 10 10 0 17 0 33 25 0 0 0 21 0 27 14 0 8 0 14 -999
P14317 2006 10 8 0 0 0 0 0 0 0 0 16 0 19 0 28 29 28 0 0 0 0 14 15 0 9 12 15 0 12 11 0 7
P14317 2006 11 0 15 9 0 0 0 0 0 0 0 0 0 0 0 0 0 0 6 0 7 19 0 22 40 22 10 0 0 0 0 -999
P14317 2006 12 0 5 0 0 0 12 0 0 22 19 19 0 0 0 23 28 24 0 8 0 0 18 35 38 21 21 14 11 0 0 8
P14317 2007 1 0 0 4 0 0 0 0 0 0 0 0 0 0 0 0 0 0 0 22 24 15 0 0 13 27 28 24 21 26 18 15
P14317 2007 2 11 9 16 29 22 19 21 43 88 66 31 23 21 13 0 10 0 22 0 19 24 23 0 0 0 0 0 24 -999 -999 -999
P14317 2007 3 0 18 18 0 28 0 18 0 0 9 14 40 52 41 29 17 12 0 0 17 0 0 18 0 10 0 0 8 0 0 0
P14317 2007 4 4 0 0 0 0 0 14 6 0 0 10 0 33 23 13 12 0 0 29 0 27 34 32 29 22 22 22 13 0 6 -999
P14317 2007 5 0 0 9 0 28 23 0 13 0 19 21 0 39 0 0 16 16 25 26 25 0 0 0 0 0 9 6 0 10 0 22
P14317 2007 6 0 28 23 0 26 0 30 0 11 11 14 0 33 0 0 0 0 0 0 20 17 0 28 0 0 19 0 0 32 0 -999
P14317 2007 7 0 24 25 0 0 0 24 0 0 0 35 0 27 0 0 0 0 0 0 0 0 0 0 0 0 0 0 33 0 0 17
P14317 2007 8 20 18 0 27 21 0 0 0 0 0 0 0 0 0 0 0 0 0 0 0 26 0 0 0 21 25 22 23 26 0 0
P14317 2007 9 0 0 0 0 0 0 0 8 0 0 0 0 0 20 0 0 0 0 0 0 0 0 0 14 0 0 0 0 9 0 -999
P14317 2007 10 0 0 12 0 0 0 0 0 18 0 24 0 0 25 0 0 0 23 13 7 0 29 21 18 0 0 15 17 0 5 0
P14317 2007 11 9 7 14 0 0 11 0 0 0 0 14 21 10 0 0 8 0 0 4 0 0 0 0 0 0 7 0 0 0 0 -999
P14317 2007 12 0 0 13 0 24 26 21 0 0 0 4 0 5 0 8 0 15 17 0 10 0 0 0 0 7 6 0 0 9 0 7
P14317 2008 1 15 14 26 28 17 3 0 0 0 0 0 0 0 0 23 17 11 5 0 0 25 26 20 10 0 0 27 0 16 21 25
P14317 2008 2 41 0 21 21 0 15 20 26 17 0 29 25 7 0 12 20 14 28 41 21 13 10 0 0 0 0 29 0 -999 -999 -999
P14317 2008 3 42 0 9 9 9 5 4 5 0 0 0 12 0 0 0 0 0 0 0 0 0 0 0 0 0 0 7 0 3 4 0
P14317 2008 4 0 0 13 21 0 0 0 0 0 0 0 11 0 24 29 33 29 25 19 13 11 8 0 7 0 0 0 0 21 0 -999
P14317 2008 5 21 0 12 11 20 0 22 0 14 0 36 16 18 28 0 25 0 12 0 36 40 27 29 21 17 19 18 0 0 0 23
P14317 2008 6 20 0 15 17 0 20 0 0 0 0 0 0 0 30 20 0 0 20 0 0 14 0 20 14 0 16 0 0 0 0 -999
P14317 2008 7 11 0 9 0 0 0 0 0 0 0 0 0 22 0 0 0 20 0 0 0 26 17 0 0 0 0 23 0 0 0 0
P14317 2008 8 0 0 0 0 0 0 0 0 0 26 20 0 0 0 0 0 0 0 0 0 0 0 16 0 0 22 0 16 14 0 0
P14317 2008 9 0 11 13 0 0 0 0 0 0 0 23 0 0 0 0 13 0 15 0 18 0 0 0 0 0 0 0 0 22 0 -999
P14317 2008 10 17 0 11 0 14 0 0 0 10 0 0 29 24 0 0 0 14 14 0 0 0 0 0 0 0 0 0 19 0 19 12
P14317 2008 11 20 20 30 24 11 0 9 9 16 14 21 19 0 0 0 0 0 8 5 0 0 0 0 0 0 0 0 0 0 0 -999
P14317 2008 12 5 0 0 3 5 0 0 7 0 18 27 13 10 17 13 7 0 7 6 0 0 0 0 0 0 0 9 9 9 0 0
P14317 2009 1 0 0 0 0 10 10 9 7 7 8 13 17 22 15 13 11 0 0 0 0 0 0 0 0 4 0 4 0 5 0 0
P14317 2009 2 0 13 10 0 15 0 14 0 5 0 8 6 9 5 0 4 0 0 2 0 4 0 6 13 9 0 7 24 -999 -999 -999
P14317 2009 3 43 50 39 20 11 0 9 19 46 34 21 0 13 15 35 23 20 18 12 0 0 0 13 0 0 35 27 44 32 34 22
P14317 2009 4 19 44 0 0 0 41 32 16 0 8 0 24 34 24 23 28 16 0 0 21 32 24 13 11 0 0 0 0 0 0 -999
P14317 2009 5 0 0 0 20 25 0 0 0 0 37 39 18 7 0 8 8 0 0 0 29 38 42 0 0 0 0 13 17 0 0 18
P14317 2009 6 18 0 0 19 0 25 25 0 13 0 14 0 0 0 0 0 0 0 0 0 0 0 0 0 0 0 0 15 0 0 -999
P14317 2009 7 0 0 0 22 0 0 0 19 0 0 0 30 0 0 0 0 0 14 0 0 23 0 0 24 0 0 0 0 0 0 0
P14317 2009 8 0 0 0 0 14 15 21 0 18 26 0 0 15 0 0 0 0 0 0 0 0 0 0 28 0 0 11 0 0 25 0
P14317 2009 9 0 20 0 0 0 0 0 0 0 0 33 0 0 0 0 0 22 0 0 0 25 0 25 0 10 0 0 0 0 0 -999
P14317 2009 10 0 0 0 0 9 0 0 0 8 0 17 0 0 13 0 20 0 28 0 22 17 11 0 14 0 8 0 0 0 9 11
P14317 2009 11 0 0 6 0 0 0 12 0 0 6 0 0 0 0 0 15 20 0 0 0 10 0 12 0 0 0 14 0 0 14 -999
P14317 2009 12 12 6 13 9 13 28 44 31 22 33 34 11 6 5 0 0 0 11 18 18 0 0 0 0 0 0 20 0 13 0 0
P14317 2010 1 7 9 0 0 31 0 0 0 8 13 0 0 0 9 0 16 8 4 0 0 9 0 0 0 0 0 0 4 0 0 0
P14317 2010 2 0 0 6 0 10 26 23 16 10 10 0 0 4 0 0 7 0 0 5 10 0 12 9 20 8 0 0 0 -999 -999 -999
P14317 2010 3 0 0 0 7 11 19 28 25 28 0 23 15 7 0 7 0 8 0 26 44 0 7 0 5 0 0 0 0 0 0 0
P14317 2010 4 0 0 0 0 0 0 0 33 29 27 31 32 37 33 0 49 0 0 0 0 0 26 16 12 38 23 9 14 33 31 -999
P14317 2010 5 22 16 23 0 28 20 0 0 0 0 0 31 23 0 27 32 26 0 0 0 0 15 0 14 21 0 36 0 22 0 17
P14317 2010 6 0 26 0 17 15 16 12 0 0 0 0 0 32 22 0 31 19 0 0 0 0 0 0 0 0 0 0 0 0 0 -999
P14317 2010 7 25 28 0 0 22 0 20 0 25 0 0 0 0 0 15 21 0 13 9 0 15 0 0 0 0 0 20 16 0 0 0
P14317 2010 8 28 0 0 0 0 0 0 0 22 0 0 0 0 0 0 0 0 25 0 0 8 0 0 0 0 0 0 0 8 9 0
P14317 2010 9 17 13 22 0 0 0 0 19 27 0 0 0 0 0 21 17 0 0 18 0 0 0 0 0 18 19 0 0 0 9 -999
P14317 2010 10 0 0 0 0 0 0 0 17 0 0 24 0 0 0 0 0 0 0 0 0 0 29 0 14 9 0 0 6 0 12 6
P14317 2010 11 7 0 10 9 0 0 0 0 0 0 0 0 0 0 10 0 0 6 8 6 0 0 0 0 0 0 0 0 0 0 -999
P14317 2010 12 10 8 10 12 17 12 13 7 0 8 6 0 15 0 0 0 0 0 10 0 0 0 0 0 0 0 0 0 0 0 2
P14317 2011 1 0 0 0 0 0 0 0 0 0 0 0 0 0 0 0 0 0 0 0 5 13 15 37 19 8 4 5 3 3 3 0
P14317 2011 2 0 0 6 10 9 0 0 0 0 0 0 0 8 7 0 7 0 6 0 0 0 0 15 0 0 8 0 27 -999 -999 -999
P14317 2011 3 30 0 14 14 0 15 0 0 5 11 15 0 21 19 27 53 87 36 20 21 23 26 25 44 36 0 0 36 19 0 0
P14317 2011 4 0 0 20 19 15 12 0 15 21 25 21 0 0 27 13 0 0 33 0 27 26 0 0 0 0 0 0 5 0 0 -999
P14317 2011 5 0 18 0 11 0 0 16 0 24 0 16 0 16 0 0 0 0 0 0 0 0 0 0 0 21 0 0 30 0 0 24
P14317 2011 6 0 0 0 0 0 0 0 0 20 0 27 27 0 28 0 0 0 0 0 0 0 0 25 0 0 25 0 23 0 0 -999
P14317 2011 7 0 0 0 0 0 20 0 0 0 0 0 20 0 0 25 0 0 0 0 0 0 0 14 0 0 19 0 0 23 0 0
P14317 2011 8 10 13 0 0 0 0 0 0 18 0 22 23 0 0 0 0 14 15 0 0 0 0 0 0 0 6 0 0 0 0 0
P14317 2011 9 0 13 0 18 19 14 0 16 31 38 21 0 0 0 0 0 0 0 0 0 8 0 0 0 0 0 0 8 0 0 -999
P14317 2011 10 0 0 16 0 0 0 0 0 0 0 12 0 0 0 0 0 0 0 0 11 0 0 0 17 0 8 8 12 24 32 0
P14317 2011 11 24 16 13 17 0 31 58 0 0 0 0 0 18 0 0 0 0 16 6 0 0 32 45 41 23 11 0 0 10 4 -999
P14317 2011 12 6 0 17 27 14 8 7 0 5 0 0 0 13 0 4 0 21 19 26 26 33 0 0 0 0 22 13 8 8 10 0
P14317 2012 1 28 35 8 1 0 0 0 0 0 0 3 0 0 0 0 0 9 11 12 0 0 0 0 0 0 5 0 0 0 11 0
P14317 2012 2 4 9 31 26 7 0 0 3 3 0 0 0 0 0 0 0 0 0 0 19 23 0 0 0 12 17 5 11 -999 -999 -999
P14317 2012 3 22 44 40 0 27 16 10 0 3 0 3 7 12 11 8 18 0 0 20 0 28 0 15 0 0 0 0 11 0 0 8
P14317 2012 4 7 0 0 0 0 11 25 21 15 0 0 18 0 52 36 30 33 29 27 22 0 15 0 26 36 37 36 29 23 26 -999
P14317 2012 5 0 26 30 20 0 0 0 32 28 0 20 0 0 31 27 0 18 0 15 17 0 18 17 13 0 32 21 17 0 0 9
P14317 2012 6 0 0 8 0 7 0 0 0 0 0 25 26 0 30 31 20 10 0 0 24 0 0 0 0 0 0 18 0 0 25 -999
P14317 2012 7 12 0 9 0 0 23 0 0 0 0 29 0 0 0 0 0 0 0 0 0 0 21 0 0 27 0 0 12 0 19 22
P14317 2012 8 0 0 0 0 0 0 0 0 0 0 25 0 0 0 0 19 0 0 0 0 0 0 0 0 0 0 0 17 0 0 0
P14317 2012 9 9 13 0 15 0 0 0 0 0 0 0 0 0 0 0 11 0 0 0 0 0 0 9 0 0 0 0 0 0 0 -999
P14317 2012 10 15 10 0 0 0 0 0 0 18 20 31 19 0 0 14 15 0 0 0 10 19 28 0 14 13 15 0 0 0 0 20
P14317 2012 11 0 31 34 29 0 7 0 0 0 0 0 0 0 0 0 0 7 0 28 0 0 9 6 0 7 0 0 17 21 22 -999
P14317 2012 12 22 0 0 13 0 0 0 20 11 11 11 0 0 36 32 36 33 30 13 0 0 11 0 0 6 4 6 0 0 14 37
P14317 2013 1 31 16 13 0 0 0 6 7 0 0 0 0 3 0 0 4 3 0 8 0 2 3 4 3 0 0 4 4 0 0 0
P14317 2013 2 3 0 0 0 0 0 0 3 0 0 3 0 0 40 33 14 0 18 30 24 27 26 21 37 25 0 0 0 -999 -999 -999
P14317 2013 3 0 0 7 0 0 9 0 30 28 0 42 37 37 0 0 18 22 0 0 18 16 0 0 17 0 0 22 32 39 46 0
P14317 2013 4 45 0 0 13 21 17 0 9 5 0 5 0 0 0 0 23 0 0 16 14 0 0 0 0 41 0 0 0 0 0 -999
P14317 2013 5 0 13 0 17 22 0 0 29 29 33 33 26 15 15 24 0 40 25 0 19 0 0 0 0 16 0 0 0 14 0 0
P14317 2013 6 0 0 28 0 0 0 0 0 43 39 0 30 0 0 0 0 17 0 0 11 0 16 16 17 23 0 0 28 0 27 -999
P14317 2013 7 0 0 0 14 0 0 0 0 0 19 0 19 0 0 0 0 0 12 0 0 0 0 0 0 0 0 21 0 0 0 0
P14317 2013 8 0 0 0 0 0 34 30 0 25 0 0 23 0 0 0 28 0 10 0 0 0 0 0 25 0 0 10 0 30 0 30
P14317 2013 9 0 20 26 0 0 12 0 0 0 14 0 22 0 0 0 13 12 0 0 19 0 28 0 0 0 6 0 0 0 0 -999
P14317 2013 10 0 0 13 0 0 0 0 11 10 14 0 16 0 0 0 16 27 27 0 0 0 6 7 0 9 13 0 0 0 0 0
P14317 2013 11 0 0 3 0 0 0 0 10 10 11 19 15 9 9 9 0 12 48 83 65 0 30 40 46 32 0 0 31 12 0 -999
P14317 2013 12 10 0 12 21 0 0 0 0 0 0 0 9 8 0 0 0 0 0 0 0 0 0 0 0 10 0 0 14 0 0 0
P14317 2014 1 11 7 0 0 10 0 0 0 13 0 0 7 7 5 10 7 0 0 0 3 0 0 0 0 0 15 21 0 65 67 0
P14317 2014 2 18 23 0 13 11 17 19 30 0 24 0 0 10 6 0 0 0 0 18 10 10 0 0 0 0 0 0 0 -999 -999 -999