precip	MIROC5	RCP60	REGRESION	decimas	1
P12012	41.249	-5.601	182	geo	2006	2100	-1
P12012 2006 1 0 0 0 0 6 0 0 11 0 0 15 59 106 23 40 57 47 42 0 0 4 9 14 8 9 12 0 0 22 23 0
P12012 2006 2 15 45 0 17 0 0 0 0 0 0 0 0 0 17 0 13 0 0 17 15 8 7 6 0 4 0 0 0 -999 -999 -999
P12012 2006 3 25 39 57 69 56 65 59 56 35 31 37 25 0 18 22 0 73 70 53 32 34 29 27 21 24 27 26 34 38 30 28
P12012 2006 4 18 30 0 0 16 0 0 0 0 0 2 0 0 8 8 11 12 0 0 0 0 0 0 0 20 0 35 25 0 17 -999
P12012 2006 5 15 18 17 24 21 33 16 0 8 0 0 0 0 0 0 10 11 8 15 13 5 0 0 0 0 0 0 18 0 13 0
P12012 2006 6 0 0 0 0 0 0 0 0 0 0 11 0 0 0 0 0 12 0 11 12 0 8 9 0 0 17 18 0 0 0 -999
P12012 2006 7 15 13 0 9 0 0 17 0 0 0 0 0 0 34 0 0 0 0 0 19 0 0 0 0 0 0 0 0 10 0 0
P12012 2006 8 0 0 0 0 0 0 0 0 10 12 11 12 0 0 13 0 0 0 0 0 0 0 11 0 13 0 0 0 0 19 0
P12012 2006 9 0 14 18 0 16 9 0 0 18 0 0 7 0 0 0 0 16 0 7 12 9 13 13 0 6 5 5 9 10 0 -999
P12012 2006 10 3 0 0 0 0 0 0 9 12 0 0 0 0 19 18 14 11 0 0 10 0 11 6 0 18 16 0 19 11 11 12
P12012 2006 11 15 0 0 0 0 12 28 0 11 0 0 0 0 0 0 0 0 0 0 9 0 11 15 19 0 6 0 0 0 0 -999
P12012 2006 12 0 0 0 0 0 0 0 0 47 0 18 18 19 19 46 51 0 0 0 0 0 34 61 31 35 31 23 23 30 21 12
P12012 2007 1 13 0 0 4 0 0 0 0 0 0 0 0 0 4 3 0 0 0 0 5 0 0 0 5 0 8 0 10 0 12 0
P12012 2007 2 5 9 12 11 0 6 15 48 96 58 18 14 7 7 8 0 11 0 0 0 0 0 26 21 30 27 0 18 -999 -999 -999
P12012 2007 3 0 0 0 35 38 0 0 0 0 0 0 21 29 47 21 0 18 12 11 26 0 13 0 0 0 5 0 0 0 0 0
P12012 2007 4 0 0 0 0 0 11 0 2 0 0 0 0 33 10 0 0 23 0 34 24 16 12 21 18 10 8 0 0 0 0 -999
P12012 2007 5 0 4 0 19 37 13 0 9 17 0 17 0 15 17 15 13 0 19 0 0 5 0 0 0 0 0 0 0 0 0 0
P12012 2007 6 0 11 12 0 0 0 0 0 0 0 0 0 0 0 8 0 8 0 0 0 0 11 19 0 0 0 0 15 0 0 -999
P12012 2007 7 12 0 0 0 14 0 0 0 0 19 0 24 0 0 0 0 0 0 0 17 0 0 0 0 0 24 0 0 0 0 9
P12012 2007 8 0 0 0 0 0 0 0 0 0 0 0 0 0 0 0 0 0 0 0 19 15 0 0 0 0 0 17 0 0 0 0
P12012 2007 9 3 0 0 4 0 0 0 0 11 0 0 0 0 0 0 0 0 0 0 0 0 9 0 14 14 0 0 0 0 9 -999
P12012 2007 10 9 14 0 0 0 0 0 0 0 15 12 17 29 30 14 0 0 42 11 0 21 32 38 30 12 12 25 0 8 5 0
P12012 2007 11 5 4 9 0 0 0 0 0 15 19 33 0 15 21 0 0 4 0 0 0 0 0 0 4 0 0 0 6 0 0 -999
P12012 2007 12 0 0 0 0 0 0 8 5 0 2 0 0 0 2 5 0 19 17 11 0 0 0 0 0 13 0 10 0 0 3 0
P12012 2008 1 8 0 18 21 0 2 1 0 3 4 0 0 8 13 13 0 0 0 0 19 39 39 14 0 0 53 47 0 27 36 52
P12012 2008 2 77 34 56 33 26 39 28 44 19 24 34 11 9 10 28 25 16 36 22 0 0 0 0 5 0 14 18 11 -999 -999 -999
P12012 2008 3 6 7 0 0 0 0 0 0 0 6 0 14 19 0 5 4 0 0 0 0 8 10 0 9 0 8 0 0 0 0 0
P12012 2008 4 0 0 10 0 0 0 0 0 0 0 0 0 0 0 31 30 20 0 0 0 7 0 0 0 0 0 0 8 0 16 -999
P12012 2008 5 0 6 0 0 0 0 6 5 0 19 32 16 16 0 14 0 0 0 17 24 18 21 29 10 7 9 0 7 0 0 11
P12012 2008 6 8 0 0 0 0 17 0 13 0 16 0 0 12 28 10 0 11 0 0 0 0 0 0 0 0 0 0 20 0 0 -999
P12012 2008 7 0 0 0 0 0 0 0 0 0 12 0 0 0 0 0 0 0 0 0 0 0 0 0 0 0 0 0 0 0 0 0
P12012 2008 8 20 0 0 0 0 11 0 0 14 15 0 0 0 0 0 0 0 0 0 0 15 11 0 0 0 13 0 0 0 0 0
P12012 2008 9 0 9 0 0 0 0 10 0 0 0 0 16 13 23 0 0 0 10 0 0 0 13 0 0 0 0 0 0 27 20 -999
P12012 2008 10 22 16 0 10 0 0 0 10 0 0 27 0 24 0 0 0 0 0 14 16 0 0 0 0 0 27 26 16 13 6 14
P12012 2008 11 10 0 19 0 0 0 0 0 5 6 14 0 5 0 0 0 14 24 0 7 3 0 0 0 0 0 0 2 0 2 -999
P12012 2008 12 0 0 0 1 1 2 0 0 5 13 14 5 7 0 0 3 4 0 0 0 0 7 7 9 20 18 14 0 0 0 0
P12012 2009 1 0 0 0 0 0 5 0 4 4 2 0 6 6 7 7 4 0 1 0 0 0 0 0 0 0 0 0 0 0 0 0
P12012 2009 2 3 0 5 0 0 3 2 0 0 3 0 2 0 0 1 0 0 1 0 3 1 0 0 1 0 0 3 11 -999 -999 -999
P12012 2009 3 27 30 0 13 10 7 9 26 17 0 0 0 0 0 14 19 41 38 27 18 5 0 0 18 19 36 29 44 44 34 15
P12012 2009 4 12 15 8 10 17 20 8 0 0 4 0 0 0 0 10 0 0 0 0 10 9 0 0 5 6 5 0 16 0 30 -999
P12012 2009 5 0 19 15 0 0 17 11 10 14 10 0 6 3 0 0 0 0 0 0 0 0 18 15 14 0 0 0 0 11 0 0
P12012 2009 6 0 0 10 12 0 15 14 9 11 0 4 0 0 0 0 0 10 0 0 0 0 0 0 0 0 0 0 0 0 0 -999
P12012 2009 7 0 0 16 0 0 19 0 0 0 0 17 0 18 10 0 0 8 0 0 0 0 0 0 0 0 0 10 0 0 0 0
P12012 2009 8 19 0 0 0 0 0 0 0 10 0 0 0 0 0 0 0 0 0 0 0 0 0 0 16 9 7 0 0 13 0 0
P12012 2009 9 22 0 0 0 0 0 0 0 21 0 20 12 0 0 0 0 0 0 0 0 0 19 16 12 0 0 0 0 0 0 -999
P12012 2009 10 9 0 0 0 0 0 0 0 0 11 0 0 0 12 0 0 0 0 10 9 10 0 0 28 7 0 0 0 7 7 0
P12012 2009 11 0 0 0 0 0 0 9 0 7 0 4 7 7 7 0 0 0 0 10 19 7 0 27 15 0 5 9 12 12 17 -999
P12012 2009 12 13 21 27 16 41 31 32 17 15 0 0 10 12 0 8 0 14 30 22 12 10 12 16 18 26 31 32 25 17 11 13
P12012 2010 1 14 0 26 0 28 0 0 0 0 7 5 0 10 0 9 10 10 0 0 15 5 0 0 0 0 0 0 0 0 0 0
P12012 2010 2 7 5 3 0 0 11 5 0 3 0 0 0 0 0 0 0 0 0 3 3 0 3 4 5 2 3 0 0 -999 -999 -999
P12012 2010 3 0 0 0 0 0 10 0 0 0 26 15 0 0 0 0 0 6 0 31 13 0 3 0 0 0 0 0 0 4 4 0
P12012 2010 4 12 0 0 13 0 0 0 0 0 21 15 0 0 14 33 19 0 5 5 15 13 0 6 12 13 0 0 0 16 12 -999
P12012 2010 5 8 6 0 17 14 0 0 0 0 0 0 0 0 0 12 16 12 16 0 0 5 9 0 0 0 27 22 13 0 0 0
P12012 2010 6 0 15 14 0 9 0 0 7 0 0 0 0 0 14 0 22 0 0 0 5 8 11 0 0 0 12 0 0 0 0 -999
P12012 2010 7 0 18 0 0 0 0 0 0 14 0 0 0 0 0 0 0 0 0 0 0 0 0 0 0 0 0 0 0 0 0 0
P12012 2010 8 0 0 0 0 0 0 0 0 0 0 0 0 0 0 0 20 0 0 0 0 0 0 0 0 0 0 0 0 0 0 0
P12012 2010 9 0 0 0 12 7 0 0 19 0 10 10 17 12 8 10 6 0 0 0 0 0 0 0 0 0 10 0 0 0 0 -999
P12012 2010 10 0 4 0 0 0 0 0 0 18 26 34 24 37 23 15 9 8 11 16 0 12 0 0 5 10 0 0 8 13 0 7
P12012 2010 11 0 0 10 0 0 0 5 0 0 0 0 0 0 0 0 0 10 7 0 0 0 0 0 0 0 0 0 0 0 0 -999
P12012 2010 12 2 2 0 0 7 8 8 0 0 0 0 12 23 16 0 3 7 0 0 0 1 0 0 0 0 0 0 6 0 0 0
P12012 2011 1 0 0 6 10 0 0 0 0 0 5 0 0 0 0 13 0 0 1 1 0 5 15 26 12 14 7 0 0 1 2 5
P12012 2011 2 0 6 6 21 25 27 21 10 4 0 0 12 8 0 11 0 0 0 0 9 0 23 13 0 0 0 11 0 -999 -999 -999
P12012 2011 3 22 15 11 0 0 8 0 0 0 0 0 0 0 13 22 40 28 17 12 16 15 24 43 90 27 11 25 50 0 0 0
P12012 2011 4 0 23 17 0 0 9 0 0 0 0 0 13 0 6 0 0 0 20 0 18 0 0 6 0 0 0 0 0 1 0 -999
P12012 2011 5 0 11 6 0 0 0 0 0 0 25 10 0 0 0 0 0 7 0 0 0 0 0 0 0 0 0 0 0 7 0 0
P12012 2011 6 0 0 0 0 0 0 0 0 0 0 0 0 0 0 0 0 0 0 0 0 0 0 0 0 0 13 13 11 0 0 -999
P12012 2011 7 0 0 0 0 0 0 0 0 0 0 0 0 0 0 0 0 0 12 0 0 23 0 0 0 0 9 0 0 16 0 0
P12012 2011 8 0 0 0 0 0 0 0 0 0 0 0 13 0 0 0 0 12 0 0 0 0 0 0 0 0 0 0 0 0 0 0
P12012 2011 9 9 0 0 0 0 0 0 0 0 25 0 0 0 0 0 0 0 0 0 0 0 0 7 0 0 0 0 0 0 0 -999
P12012 2011 10 11 0 0 0 0 0 0 0 0 10 11 12 0 17 15 0 0 0 0 0 0 16 0 13 0 0 0 0 0 15 0
P12012 2011 11 5 4 8 16 32 39 23 0 0 0 0 0 8 0 0 9 27 17 7 0 0 28 18 0 0 0 0 9 0 0 -999
P12012 2011 12 0 17 18 2 0 0 0 0 3 0 8 12 0 0 8 33 35 36 37 35 36 18 19 13 21 20 21 17 21 0 36
P12012 2012 1 0 0 3 0 0 0 0 0 0 0 0 0 0 0 0 1 0 1 0 0 3 0 0 0 2 3 4 0 11 11 0
P12012 2012 2 0 0 18 9 4 4 0 0 0 0 0 0 0 0 0 0 0 10 21 16 0 5 4 4 6 0 0 7 -999 -999 -999
P12012 2012 3 21 25 0 0 9 0 0 0 1 0 0 0 11 8 0 21 0 13 18 31 31 0 0 23 14 0 0 0 17 0 0
P12012 2012 4 0 0 0 0 0 16 15 14 0 3 0 0 11 41 31 0 15 0 0 0 5 0 9 0 26 0 0 27 22 21 -999
P12012 2012 5 13 16 0 0 0 6 0 0 14 14 13 16 18 24 0 15 13 0 8 0 0 0 0 9 19 14 0 0 0 0 0
P12012 2012 6 2 2 0 0 0 0 0 0 23 14 0 0 12 13 17 0 0 0 0 0 11 0 7 0 0 0 0 15 0 0 -999
P12012 2012 7 8 0 0 0 0 0 0 0 19 0 0 20 0 0 0 0 19 15 0 0 0 0 0 11 0 0 0 0 0 0 0
P12012 2012 8 0 0 0 0 0 0 0 0 0 0 0 0 0 0 0 0 11 0 0 9 0 0 9 0 0 0 0 0 0 0 8
P12012 2012 9 0 0 0 0 0 0 9 0 0 0 0 0 0 0 0 0 10 0 8 9 0 0 0 0 0 0 0 12 14 0 -999
P12012 2012 10 0 5 0 0 0 0 0 0 15 25 38 14 0 0 21 21 21 20 23 0 0 0 14 0 10 13 23 14 16 33 15
P12012 2012 11 29 32 26 12 11 15 0 0 0 26 22 0 3 0 0 0 9 28 39 29 15 5 0 0 0 0 10 19 26 0 -999
P12012 2012 12 8 0 0 0 0 44 40 37 0 16 0 0 0 37 28 31 21 0 9 8 12 0 0 16 9 0 4 0 0 0 28
P12012 2013 1 13 9 0 25 14 0 0 10 6 8 0 5 0 0 0 0 0 0 0 0 0 1 0 0 0 2 3 0 0 17 5
P12012 2013 2 0 0 0 0 0 4 4 5 0 0 0 0 0 48 20 8 0 38 48 38 31 39 31 43 0 7 0 0 -999 -999 -999
P12012 2013 3 0 12 11 14 8 5 0 0 21 37 65 59 42 17 20 28 22 22 0 18 15 0 31 20 21 11 0 24 28 0 39
P12012 2013 4 23 0 8 13 8 15 16 0 0 0 7 0 0 0 0 20 0 8 10 0 24 15 0 0 0 0 0 7 7 7 -999
P12012 2013 5 0 0 0 15 0 5 0 0 0 23 23 12 0 0 0 25 0 17 13 10 7 0 0 0 0 0 0 0 0 0 0
P12012 2013 6 0 19 0 0 0 0 0 26 28 33 27 24 0 12 0 0 0 0 0 10 0 0 0 0 0 0 28 24 25 0 -999
P12012 2013 7 0 0 0 0 0 18 0 0 0 0 0 0 0 0 0 0 0 0 0 0 18 0 0 0 0 0 0 0 0 0 25
P12012 2013 8 0 0 0 0 15 15 14 0 0 0 0 0 0 0 0 0 0 0 0 0 0 12 0 0 0 0 0 0 21 18 28
P12012 2013 9 22 13 0 6 0 0 0 0 15 0 20 11 0 0 7 8 0 0 19 0 0 0 0 3 0 0 0 0 6 0 -999
P12012 2013 10 6 0 11 0 0 0 0 0 0 19 0 11 8 0 8 0 0 10 8 0 0 5 3 0 0 0 0 6 0 0 0
P12012 2013 11 0 0 0 0 0 0 0 0 0 6 0 0 3 0 0 0 13 74 99 38 38 65 72 0 20 65 22 15 7 10 -999
P12012 2013 12 0 30 21 17 0 0 0 12 10 0 0 0 0 0 11 0 0 4 0 0 9 15 0 26 19 26 0 0 32 22 12
P12012 2014 1 15 7 0 13 17 18 11 20 9 0 0 12 15 18 0 9 1 0 0 0 0 0 0 9 13 18 33 40 56 38 22
P12012 2014 2 20 25 17 24 22 40 30 37 22 0 0 13 17 6 0 8 6 0 11 0 8 7 11 0 0 0 0 13 -999 -999 -999