precip	MIROC5	RCP60	REGRESION	decimas	1
P12103	41.073	0.439	182	geo	2006	2100	-1
P12103 2006 1 0 0 13 0 0 10 0 0 0 7 4 14 44 48 10 13 9 7 24 9 0 0 0 0 0 0 0 0 21 0 0
P12103 2006 2 0 0 0 0 0 0 0 0 0 0 0 0 14 0 28 42 8 0 1 0 36 26 16 16 3 0 0 0 -999 -999 -999
P12103 2006 3 5 0 21 0 20 31 0 63 0 24 54 65 38 0 0 0 0 25 18 0 9 9 11 8 26 0 0 0 18 10 0
P12103 2006 4 22 0 0 0 0 0 9 54 50 4 0 0 0 0 9 10 0 11 0 22 0 0 0 9 14 24 57 87 0 41 -999
P12103 2006 5 28 21 19 15 10 0 0 0 6 0 3 0 0 25 23 0 0 18 0 6 0 0 0 0 8 0 0 0 0 0 0
P12103 2006 6 0 0 0 0 0 0 0 0 27 0 27 0 0 0 0 17 0 0 0 0 0 0 0 0 0 34 0 0 0 0 -999
P12103 2006 7 37 24 0 0 0 0 0 0 13 0 0 0 0 0 0 0 0 0 13 0 24 0 0 0 0 0 15 0 14 0 17
P12103 2006 8 0 25 0 0 0 0 0 0 0 0 0 0 0 0 0 0 0 0 0 0 0 0 0 14 17 14 0 0 0 0 0
P12103 2006 9 14 0 0 0 0 0 0 0 0 0 30 0 0 0 0 13 0 23 30 0 0 0 18 0 0 20 7 0 0 0 -999
P12103 2006 10 0 0 0 0 0 0 0 0 0 0 0 0 0 0 40 44 16 0 4 0 0 10 0 0 0 0 4 0 0 0 0
P12103 2006 11 0 0 6 0 0 0 15 15 0 0 7 0 0 0 0 0 0 2 0 0 0 26 19 52 24 12 0 0 0 0 -999
P12103 2006 12 0 0 7 0 0 11 19 0 25 24 0 36 44 26 0 0 17 0 0 12 14 0 0 40 0 15 8 0 0 4 0
P12103 2007 1 4 0 0 0 0 0 0 0 0 0 0 0 0 0 0 0 0 0 0 37 31 15 0 0 23 43 35 0 18 13 0
P12103 2007 2 0 0 6 16 0 20 14 40 83 50 39 21 24 0 0 10 9 15 23 0 35 26 30 0 32 10 0 0 -999 -999 -999
P12103 2007 3 0 0 0 0 26 0 15 0 11 0 0 29 65 0 0 15 7 0 0 13 0 0 0 0 0 12 7 0 5 6 0
P12103 2007 4 0 0 0 0 20 10 0 0 0 0 0 0 25 20 0 9 18 24 25 0 27 40 28 0 0 0 44 20 0 0 -999
P12103 2007 5 0 0 0 0 19 18 0 0 0 0 0 27 53 51 0 14 0 25 0 34 0 0 0 13 0 0 2 0 0 0 19
P12103 2007 6 40 41 29 0 26 37 62 27 0 0 0 0 37 0 0 0 0 0 0 22 0 0 28 0 0 0 23 29 36 40 -999
P12103 2007 7 32 27 30 0 0 15 0 0 0 0 0 0 26 0 0 0 0 38 46 26 0 0 23 0 0 0 21 0 0 0 0
P12103 2007 8 0 0 0 0 0 12 0 0 0 0 0 22 0 19 0 0 0 23 0 0 0 6 0 0 0 36 19 0 24 26 7
P12103 2007 9 0 0 0 0 0 0 0 0 0 0 0 0 0 0 0 22 10 0 0 0 0 14 20 0 0 0 0 9 0 0 -999
P12103 2007 10 0 0 0 0 0 0 0 0 0 0 36 38 0 17 0 0 0 0 0 0 0 26 15 0 0 0 6 0 0 0 0
P12103 2007 11 0 0 8 0 0 0 0 0 0 0 12 0 0 0 7 10 0 0 0 0 0 6 6 3 0 0 0 0 35 0 -999
P12103 2007 12 27 10 0 30 61 66 0 0 3 0 0 0 0 0 0 0 10 20 0 0 0 0 0 4 0 0 0 3 0 0 0
P12103 2008 1 6 5 22 18 14 0 0 15 0 34 0 24 15 12 21 11 0 0 0 6 0 0 0 2 0 6 7 9 0 0 0
P12103 2008 2 17 13 0 15 7 6 0 10 0 29 0 0 0 0 0 0 4 14 61 0 0 0 7 34 50 42 55 97 -999 -999 -999
P12103 2008 3 144 0 0 0 0 0 0 0 0 0 0 0 0 15 0 0 0 0 0 0 0 0 0 0 0 0 0 0 0 0 0
P12103 2008 4 3 0 10 0 39 27 0 0 0 0 0 0 0 31 32 37 0 27 0 0 7 0 0 0 0 0 0 5 19 0 -999
P12103 2008 5 29 17 0 8 17 51 43 18 0 14 0 8 0 22 0 24 18 9 18 0 44 27 0 18 20 0 21 11 5 8 0
P12103 2008 6 23 0 0 14 0 0 0 0 0 0 0 0 0 0 17 0 0 0 0 14 0 0 0 0 14 0 25 0 0 23 -999
P12103 2008 7 0 0 0 18 0 0 29 0 0 0 34 0 0 0 34 0 0 0 0 0 19 0 12 0 0 0 0 0 0 0 0
P12103 2008 8 30 0 27 0 0 0 0 0 0 0 0 0 0 0 0 0 0 18 11 0 0 0 15 0 0 22 0 0 11 0 0
P12103 2008 9 0 0 7 0 25 0 0 0 0 0 26 0 12 13 0 0 0 0 0 15 0 0 0 0 0 18 11 0 15 17 -999
P12103 2008 10 10 0 0 0 15 0 0 21 5 3 17 24 20 23 0 0 0 0 0 0 20 12 10 0 18 0 18 0 28 0 0
P12103 2008 11 0 0 32 0 0 14 9 0 0 0 0 0 0 0 0 0 0 0 0 0 0 0 0 0 0 0 0 0 0 0 -999
P12103 2008 12 0 0 0 0 0 17 0 18 0 8 0 0 0 0 16 0 0 0 0 0 0 0 0 0 0 0 0 0 0 0 0
P12103 2009 1 0 0 0 0 0 0 0 0 0 0 15 19 32 10 7 0 0 0 0 0 0 0 0 0 0 0 0 0 3 0 0
P12103 2009 2 0 0 0 0 21 0 0 0 6 2 0 0 0 4 0 0 0 0 0 0 0 0 0 16 0 14 0 9 -999 -999 -999
P12103 2009 3 32 59 35 18 0 0 0 10 43 52 0 18 0 11 32 15 3 0 0 2 0 0 0 0 11 31 19 37 0 0 17
P12103 2009 4 11 53 79 23 0 41 50 8 7 3 0 23 43 31 21 0 0 0 0 24 46 46 21 0 0 0 0 0 0 17 -999
P12103 2009 5 50 48 16 18 30 0 0 0 15 34 41 16 0 0 0 0 0 0 0 0 68 74 0 42 0 0 13 21 0 0 0
P12103 2009 6 0 0 0 0 26 0 26 15 0 0 0 0 0 0 0 0 48 0 0 0 0 0 24 0 0 0 18 0 0 0 -999
P12103 2009 7 0 0 0 22 0 0 0 0 37 0 0 0 37 23 0 11 0 0 0 0 0 0 0 0 30 23 0 0 10 0 31
P12103 2009 8 27 0 0 0 0 0 21 21 14 24 26 0 0 0 0 0 0 0 0 0 0 14 29 38 0 14 0 0 19 30 0
P12103 2009 9 35 0 0 0 0 0 0 0 0 0 33 32 28 0 0 31 28 21 0 0 25 43 0 0 0 0 0 7 0 0 -999
P12103 2009 10 0 21 31 23 0 0 0 0 0 0 0 13 0 0 0 14 0 39 0 21 0 0 0 0 7 0 0 0 0 0 0
P12103 2009 11 0 0 0 0 0 0 12 0 0 2 0 0 0 0 0 0 12 0 0 0 0 0 0 6 0 29 20 0 0 7 -999
P12103 2009 12 5 0 0 0 0 9 0 51 0 16 0 0 0 0 0 0 0 6 20 0 0 0 0 0 0 0 18 0 0 0 0
P12103 2010 1 0 0 18 30 20 0 16 0 4 0 0 11 12 10 0 0 0 0 0 0 0 0 0 0 0 0 0 0 0 0 0
P12103 2010 2 7 5 0 0 5 25 28 20 0 8 0 9 0 0 0 0 0 0 0 0 1 0 7 17 6 0 0 0 -999 -999 -999
P12103 2010 3 0 0 0 0 0 13 36 0 31 25 24 14 4 7 0 3 0 0 0 77 55 0 4 0 0 0 0 0 0 0 0
P12103 2010 4 0 0 0 0 0 0 0 37 29 0 36 0 46 47 41 61 33 0 0 12 27 0 17 0 34 30 7 0 32 39 -999
P12103 2010 5 21 0 0 32 0 0 20 0 0 20 0 59 0 22 31 34 31 0 0 15 0 0 20 13 15 46 0 0 0 18 22
P12103 2010 6 35 0 0 0 0 0 0 0 0 0 25 0 55 0 0 29 0 0 0 0 0 15 0 0 16 0 0 30 41 33 -999
P12103 2010 7 0 19 0 0 0 0 0 0 0 0 25 17 0 0 0 14 0 0 0 0 0 0 0 0 0 0 0 16 21 21 0
P12103 2010 8 0 0 0 0 0 0 0 0 0 28 33 0 0 0 20 0 0 0 0 0 0 0 0 0 0 16 0 0 0 3 0
P12103 2010 9 0 0 0 17 0 0 0 0 0 51 50 0 0 0 16 0 0 0 0 9 0 0 0 0 0 0 0 6 0 0 -999
P12103 2010 10 0 0 0 0 0 0 0 0 0 0 0 0 0 0 0 0 0 4 0 0 25 35 42 16 0 7 0 0 0 0 0
P12103 2010 11 0 0 0 0 0 0 0 5 5 0 0 0 0 0 0 0 0 0 0 0 0 0 0 0 0 0 0 0 0 0 -999
P12103 2010 12 0 0 0 6 14 7 0 0 0 0 0 0 7 0 26 0 0 0 0 0 0 0 4 0 0 0 0 0 0 0 0
P12103 2011 1 0 0 0 0 0 0 0 0 0 0 0 0 0 0 0 0 0 0 0 0 0 7 20 0 0 0 0 0 0 0 0
P12103 2011 2 0 0 0 0 0 6 0 0 0 0 0 0 1 0 0 0 0 0 0 3 0 0 13 0 0 0 13 33 -999 -999 -999
P12103 2011 3 0 0 0 0 35 0 0 0 0 0 0 0 0 0 18 0 71 22 9 10 14 0 0 16 0 7 0 30 22 0 0
P12103 2011 4 27 0 24 0 15 7 0 0 18 0 0 0 0 37 0 0 32 48 0 0 29 16 0 0 0 0 0 0 0 18 -999
P12103 2011 5 0 0 0 12 14 0 0 16 27 0 0 0 15 0 0 13 0 0 0 0 0 0 0 0 0 22 0 27 0 0 28
P12103 2011 6 0 0 0 3 0 0 0 0 0 37 39 0 0 0 0 22 0 0 0 0 0 32 31 31 0 27 38 25 0 20 -999
P12103 2011 7 0 0 0 0 19 0 0 0 0 0 0 14 0 0 0 0 0 15 0 13 0 0 0 0 0 0 0 0 0 0 21
P12103 2011 8 0 12 0 0 0 0 0 0 0 0 0 0 0 13 16 0 0 0 0 15 33 0 28 0 0 0 0 0 0 0 0
P12103 2011 9 50 0 0 12 15 0 8 0 24 41 20 0 0 0 0 0 0 0 0 0 0 0 0 0 0 0 0 0 0 0 -999
P12103 2011 10 0 0 0 0 0 0 0 0 0 0 14 0 0 8 0 0 0 0 0 0 0 0 24 19 0 0 0 0 20 33 0
P12103 2011 11 29 14 0 3 11 0 87 72 30 12 10 0 47 0 0 13 19 15 0 0 0 26 52 47 35 0 7 0 0 0 -999
P12103 2011 12 0 0 15 51 19 7 8 4 0 0 0 0 5 0 0 4 6 0 0 14 19 6 0 0 0 0 0 0 0 1 0
P12103 2012 1 0 27 0 0 0 0 0 0 0 0 0 0 0 0 2 2 0 0 22 0 28 0 0 0 0 12 0 0 1 0 0
P12103 2012 2 0 0 30 25 0 0 0 0 0 0 0 0 0 0 0 0 0 0 0 11 21 0 0 0 6 30 0 0 -999 -999 -999
P12103 2012 3 11 26 47 78 0 0 0 0 0 0 0 0 0 5 0 0 0 0 0 0 28 22 0 14 0 0 0 9 8 0 0
P12103 2012 4 0 0 0 0 0 0 11 11 13 13 0 0 44 50 31 21 25 0 28 0 0 16 14 26 34 43 53 47 15 21 -999
P12103 2012 5 25 0 52 24 11 12 49 0 31 25 15 0 25 0 23 17 0 0 0 17 0 13 0 0 26 33 19 17 0 0 0
P12103 2012 6 0 16 0 0 0 0 0 0 38 0 27 30 0 42 38 21 0 0 0 16 0 0 10 0 0 0 0 0 0 0 -999
P12103 2012 7 0 0 0 0 0 0 0 0 29 0 0 0 29 17 0 0 0 74 0 0 0 0 21 0 31 0 0 7 7 0 25
P12103 2012 8 0 0 14 18 0 0 0 0 0 0 0 14 0 0 15 0 25 0 0 0 0 0 0 0 0 11 0 12 0 0 0
P12103 2012 9 0 0 0 0 12 0 30 0 0 0 16 0 25 16 0 0 0 16 0 20 0 0 3 8 0 12 0 14 0 0 -999
P12103 2012 10 17 0 0 0 0 0 0 0 0 17 0 15 0 0 0 0 9 0 7 0 12 22 0 13 0 0 16 0 0 0 0
P12103 2012 11 0 0 26 46 6 0 0 0 0 0 0 0 0 0 0 0 2 0 0 25 0 0 0 0 0 0 0 0 0 23 -999
P12103 2012 12 0 17 0 0 0 25 47 15 0 0 0 6 8 0 17 25 23 29 7 0 0 0 0 0 0 0 0 0 0 7 21
P12103 2013 1 35 16 7 6 0 0 0 0 0 0 0 0 0 0 0 0 0 0 6 0 1 0 0 0 0 0 0 0 0 0 0
P12103 2013 2 0 0 0 0 0 0 0 0 0 0 0 0 0 23 19 0 0 7 13 0 16 13 0 14 0 0 3 0 -999 -999 -999
P12103 2013 3 0 0 0 0 0 0 11 40 40 21 25 0 27 0 5 0 15 0 0 0 0 28 38 0 0 0 19 35 63 0 59
P12103 2013 4 103 0 0 7 15 10 12 3 0 0 0 0 0 0 0 0 0 0 0 0 15 17 0 0 0 40 0 0 9 8 -999
P12103 2013 5 10 0 0 0 0 7 0 35 34 0 26 0 0 13 22 40 0 21 0 0 0 0 0 13 0 0 0 0 0 0 26
P12103 2013 6 0 0 22 15 18 0 24 0 55 44 0 29 0 0 0 0 0 17 0 0 0 0 11 0 0 42 101 42 0 0 -999
P12103 2013 7 0 17 0 0 0 22 39 0 0 0 0 0 0 0 0 0 0 0 0 9 17 0 0 0 24 0 0 0 21 0 0
P12103 2013 8 0 0 0 40 46 0 35 0 22 0 0 0 0 7 0 34 0 0 0 0 0 0 0 26 0 0 0 0 28 20 31
P12103 2013 9 0 19 37 0 0 0 0 0 0 11 0 0 12 0 0 0 0 0 0 0 0 50 0 0 0 0 3 0 0 5 -999
P12103 2013 10 0 11 0 0 0 0 0 0 0 0 0 18 0 0 13 11 19 0 0 0 0 0 3 0 0 0 11 0 0 0 0
P12103 2013 11 0 0 0 0 0 0 0 0 0 5 17 12 0 0 0 0 8 33 83 69 11 10 0 30 32 0 19 0 0 0 -999
P12103 2013 12 0 6 0 7 0 0 0 0 0 0 15 0 8 0 0 0 0 0 0 0 0 0 6 0 0 0 15 15 0 23 0
P12103 2014 1 0 0 0 4 0 0 0 0 0 0 0 0 0 0 1 0 0 0 0 5 0 0 0 0 0 0 19 26 93 66 0
P12103 2014 2 0 14 15 0 0 4 7 26 13 0 2 0 0 0 0 0 0 0 0 7 0 0 4 0 0 0 0 35 -999 -999 -999