precip	MIROC5	RCP60	REGRESION	decimas	1
P11021	40.891	-4.545	182	geo	2006	2100	-1
P11021 2006 1 0 7 6 6 0 9 0 0 10 7 12 33 61 40 19 39 32 37 29 0 0 5 15 11 0 9 12 15 20 19 0
P11021 2006 2 0 25 22 0 7 0 0 3 0 0 0 14 21 23 26 19 15 9 13 22 19 13 10 0 0 6 7 8 -999 -999 -999
P11021 2006 3 21 30 36 45 46 41 45 0 0 25 32 0 23 19 20 0 44 44 37 20 32 23 25 0 0 18 0 0 0 0 36
P11021 2006 4 18 0 22 0 21 0 0 26 15 0 0 0 0 0 9 12 0 0 0 0 0 0 0 11 18 24 0 32 0 24 -999
P11021 2006 5 23 0 0 0 19 28 0 10 0 0 0 12 0 0 0 13 0 0 14 16 0 0 0 10 0 0 0 0 0 0 0
P11021 2006 6 0 0 0 13 0 0 0 0 19 0 0 17 0 0 12 0 0 0 15 0 0 0 0 15 18 17 0 16 0 24 -999
P11021 2006 7 0 0 0 0 0 23 0 0 0 6 0 12 0 0 0 0 0 0 0 0 0 0 0 0 0 0 0 0 0 0 0
P11021 2006 8 0 0 0 0 0 0 20 0 0 0 0 0 0 0 0 0 0 0 0 0 20 0 0 18 0 0 0 11 0 0 0
P11021 2006 9 0 0 0 0 0 0 9 0 0 0 0 0 10 0 0 0 23 0 0 0 0 0 0 0 0 9 0 8 12 12 -999
P11021 2006 10 0 0 0 0 0 9 8 0 0 0 0 0 0 22 23 20 0 9 0 11 0 0 0 0 14 0 0 0 0 0 0
P11021 2006 11 16 0 0 0 9 0 0 0 0 0 0 0 0 0 0 0 0 0 0 0 0 0 14 0 0 7 0 0 0 0 -999
P11021 2006 12 0 0 0 4 0 0 13 22 20 0 0 17 19 17 24 33 0 0 0 0 0 19 36 31 23 0 0 15 0 16 0
P11021 2007 1 11 11 8 0 0 0 0 0 0 0 0 0 0 0 0 0 2 0 0 0 9 0 0 10 0 0 11 0 18 16 13
P11021 2007 2 8 0 0 20 0 14 18 34 68 54 22 19 0 10 0 0 0 21 19 17 19 0 21 17 14 14 17 0 -999 -999 -999
P11021 2007 3 0 19 0 22 25 0 0 12 12 0 14 33 36 37 28 0 12 12 10 18 0 19 0 0 0 7 10 0 0 0 0
P11021 2007 4 0 0 0 0 0 0 8 4 4 0 0 0 0 18 10 0 17 28 27 23 22 25 25 24 16 13 0 0 0 0 -999
P11021 2007 5 3 0 0 0 0 0 0 11 0 18 0 0 30 0 18 0 14 22 21 17 0 0 0 0 11 0 0 0 9 0 17
P11021 2007 6 0 0 17 18 0 22 0 0 0 10 0 0 0 0 13 0 0 0 0 0 11 0 0 0 0 0 21 0 0 0 -999
P11021 2007 7 0 0 0 0 0 0 0 0 0 26 0 0 0 0 0 21 0 0 0 0 0 23 0 0 0 0 0 0 0 15 13
P11021 2007 8 0 0 0 0 0 0 15 12 12 0 0 0 26 18 0 0 0 0 0 23 0 0 0 0 0 17 19 0 0 0 8
P11021 2007 9 0 0 0 0 0 0 0 0 0 0 0 0 0 0 26 0 0 0 0 8 0 0 11 12 0 10 9 9 0 0 -999
P11021 2007 10 9 0 0 0 0 0 0 0 0 19 18 0 28 26 0 0 0 23 11 0 0 26 22 23 14 0 0 0 0 0 0
P11021 2007 11 0 6 10 0 0 11 9 0 0 0 0 22 11 14 0 6 0 4 0 0 0 8 0 8 5 0 11 12 12 0 -999
P11021 2007 12 10 0 10 12 14 15 0 0 5 0 0 0 4 0 0 0 16 15 12 7 5 6 0 0 0 8 10 0 5 6 0
P11021 2008 1 0 14 23 25 0 0 1 0 0 0 0 0 0 14 0 15 11 6 10 17 31 32 0 0 0 33 34 26 20 25 32
P11021 2008 2 46 26 28 23 0 22 24 31 19 22 0 19 0 9 0 26 17 0 27 20 12 10 10 12 0 21 23 21 -999 -999 -999
P11021 2008 3 0 0 8 10 0 0 0 0 0 0 0 0 0 0 0 0 0 0 0 0 0 7 0 6 0 11 6 0 0 0 0
P11021 2008 4 0 0 11 18 0 0 0 0 0 0 0 11 0 18 0 25 0 19 0 0 0 0 8 0 0 0 0 0 0 18 -999
P11021 2008 5 0 12 6 0 0 16 0 9 12 22 30 0 0 0 0 19 0 11 0 0 0 22 26 0 0 0 0 0 0 16 18
P11021 2008 6 0 0 13 0 14 18 12 0 0 0 0 0 0 25 0 10 0 0 0 0 0 0 0 0 0 0 0 0 0 12 -999
P11021 2008 7 0 0 0 0 0 0 0 0 0 0 20 0 0 27 22 0 20 0 0 0 0 0 0 18 0 0 0 0 0 0 0
P11021 2008 8 0 0 0 0 0 0 0 0 0 0 16 0 0 0 0 0 0 18 0 10 0 0 0 0 0 0 0 0 0 0 9
P11021 2008 9 0 0 0 16 17 0 0 12 0 0 0 0 0 19 0 0 13 0 0 0 12 13 18 0 0 0 11 0 0 26 -999
P11021 2008 10 18 15 0 13 0 0 13 0 9 0 0 26 20 0 0 0 0 0 0 0 0 13 0 0 14 22 28 20 18 0 9
P11021 2008 11 20 11 0 0 7 0 0 0 0 8 20 0 0 0 0 0 0 0 0 0 0 0 8 0 0 0 0 0 0 0 -999
P11021 2008 12 0 0 0 2 2 0 0 0 0 17 21 9 10 0 0 5 0 0 0 4 0 0 0 7 0 17 14 12 0 0 0
P11021 2009 1 0 0 0 0 0 9 0 0 6 0 0 9 13 0 11 8 3 0 0 0 0 4 0 0 0 0 3 0 0 0 4
P11021 2009 2 7 10 0 11 9 6 0 0 4 8 6 4 7 4 0 0 0 0 0 0 5 0 0 7 0 6 0 19 -999 -999 -999
P11021 2009 3 33 32 29 0 13 11 0 22 33 0 0 12 0 15 25 19 24 24 19 17 0 6 0 0 18 31 27 36 33 29 19
P11021 2009 4 17 29 0 15 18 30 18 0 0 0 0 20 0 18 15 0 9 8 0 0 19 0 9 0 0 7 0 15 21 0 -999
P11021 2009 5 30 0 18 17 20 23 15 0 0 0 23 0 0 5 0 0 0 0 0 0 26 25 21 0 0 12 0 0 0 13 14
P11021 2009 6 14 0 0 0 0 0 0 11 0 0 7 6 0 15 23 23 0 0 0 0 0 0 0 0 16 0 14 0 0 0 -999
P11021 2009 7 0 0 0 18 0 0 0 0 0 0 0 0 21 15 0 0 0 0 0 0 0 0 0 0 0 0 0 0 13 16 25
P11021 2009 8 0 0 0 0 0 0 0 0 0 0 0 0 13 0 0 0 0 0 0 0 0 0 23 0 0 0 0 0 18 0 0
P11021 2009 9 26 0 0 0 0 0 0 0 15 0 0 16 0 8 0 12 0 0 0 0 0 0 0 0 0 0 0 0 9 0 -999
P11021 2009 10 12 7 6 0 0 7 0 0 0 0 0 0 0 0 0 0 0 0 19 0 15 0 10 0 0 7 0 6 0 9 0
P11021 2009 11 0 4 5 0 0 7 0 0 8 0 0 0 6 0 0 0 0 0 0 14 0 11 18 17 9 0 8 11 0 0 -999
P11021 2009 12 15 12 0 0 23 33 37 24 15 29 29 11 10 8 0 0 0 17 17 0 7 0 11 0 0 0 22 17 12 0 0
P11021 2010 1 11 12 17 0 27 0 9 7 0 0 7 6 10 8 0 15 0 0 0 0 0 0 0 0 4 0 0 0 6 0 0
P11021 2010 2 9 0 0 0 0 18 0 0 6 0 0 0 0 0 0 4 0 5 0 0 0 7 0 0 0 0 7 0 -999 -999 -999
P11021 2010 3 0 0 0 0 0 15 19 19 24 25 20 13 0 0 7 0 7 13 26 0 0 0 0 0 0 0 0 0 0 0 0
P11021 2010 4 12 0 20 0 0 0 0 27 25 24 24 25 0 24 0 27 0 0 0 17 0 0 0 14 0 0 0 12 0 21 -999
P11021 2010 5 0 0 18 21 19 0 10 9 0 0 16 0 16 0 0 24 19 15 0 0 0 12 0 10 20 28 25 0 0 15 12
P11021 2010 6 15 21 0 14 0 12 0 8 0 0 0 16 19 17 0 0 0 0 0 0 12 0 0 0 13 0 0 0 0 0 -999
P11021 2010 7 23 0 0 0 0 0 0 0 0 19 0 0 0 0 14 0 0 0 0 0 0 0 0 0 0 0 0 0 0 0 0
P11021 2010 8 0 0 0 0 0 0 0 0 0 0 0 15 0 0 0 20 0 0 0 0 0 0 0 0 0 16 11 0 0 11 0
P11021 2010 9 14 13 21 0 0 0 0 0 0 0 0 24 25 16 15 0 0 15 0 0 0 0 0 0 17 17 0 0 0 0 -999
P11021 2010 10 0 0 0 0 0 0 0 0 0 21 26 17 26 27 16 14 0 0 18 0 18 0 0 0 10 0 0 8 14 12 7
P11021 2010 11 0 0 0 9 6 0 0 0 0 0 0 0 0 0 9 0 0 0 0 0 5 0 0 0 6 0 4 0 0 0 -999
P11021 2010 12 0 0 7 0 12 10 11 7 0 8 6 9 0 0 0 4 0 0 0 0 0 0 0 0 0 0 0 0 0 0 0
P11021 2011 1 0 0 0 6 0 0 0 3 0 0 0 0 4 0 8 0 0 0 0 0 11 13 31 15 10 0 0 4 0 3 0
P11021 2011 2 0 0 8 14 13 0 0 7 0 0 7 14 10 0 11 0 0 0 8 8 0 0 13 8 7 0 12 21 -999 -999 -999
P11021 2011 3 25 16 12 0 0 0 0 5 0 11 0 0 18 0 23 43 60 26 17 20 0 23 28 48 33 0 18 30 15 0 0
P11021 2011 4 0 16 17 15 0 11 12 0 17 16 16 18 0 16 8 0 24 0 22 0 19 13 0 0 0 0 0 0 0 4 -999
P11021 2011 5 7 0 11 0 0 8 0 0 20 0 0 0 15 0 0 0 0 0 0 0 27 20 9 0 0 0 24 25 0 0 0
P11021 2011 6 13 0 0 9 9 0 0 0 0 0 0 0 0 0 18 0 0 6 0 10 0 0 0 0 0 18 20 0 0 0 -999
P11021 2011 7 0 0 0 0 0 0 0 0 0 0 0 0 0 0 0 0 0 0 0 0 0 24 0 0 0 0 0 0 0 0 11
P11021 2011 8 0 11 0 0 0 0 0 0 0 0 0 0 0 0 0 0 0 14 0 0 0 0 0 12 0 0 10 0 16 23 27
P11021 2011 9 0 9 0 0 0 10 0 0 26 29 0 0 0 0 0 0 0 0 0 0 0 0 0 0 9 9 0 9 0 0 -999
P11021 2011 10 0 0 12 0 0 0 0 0 0 11 11 0 0 13 0 0 0 12 0 0 14 15 14 14 13 8 9 11 18 0 0
P11021 2011 11 0 10 11 17 0 33 0 0 0 0 8 0 9 0 0 0 0 0 0 0 0 32 0 0 0 9 8 12 8 0 -999
P11021 2011 12 0 0 18 0 10 0 0 0 0 0 8 14 12 5 0 19 27 23 29 0 34 18 18 0 13 0 14 14 15 0 0
P11021 2012 1 34 24 0 2 0 0 0 0 0 3 0 0 0 0 0 0 0 3 0 7 6 5 0 0 0 4 5 8 10 14 0
P11021 2012 2 5 0 24 17 0 0 3 0 0 2 0 0 0 0 0 0 0 10 17 19 16 8 4 0 0 7 5 11 -999 -999 -999
P11021 2012 3 20 0 29 22 18 0 10 0 0 0 0 0 15 12 10 18 0 0 0 20 0 16 0 15 0 0 0 8 0 0 0
P11021 2012 4 6 11 0 0 0 13 25 19 0 7 6 0 0 0 27 0 24 19 15 12 12 12 11 22 30 27 26 23 21 21 -999
P11021 2012 5 0 22 0 15 0 0 15 16 19 16 0 21 24 27 22 17 15 15 0 0 0 0 0 0 25 0 0 14 0 0 0
P11021 2012 6 0 0 0 0 0 0 0 17 25 21 19 0 0 0 0 16 0 0 0 0 0 0 0 0 0 0 0 0 0 0 -999
P11021 2012 7 8 0 0 0 0 0 20 25 0 0 0 0 0 0 0 17 0 20 0 0 0 0 0 17 23 0 0 0 0 0 17
P11021 2012 8 0 0 0 0 0 0 0 0 0 23 0 0 0 0 0 0 0 0 10 0 0 0 0 11 0 0 0 0 0 11 0
P11021 2012 9 0 0 0 0 0 0 0 0 8 8 0 0 0 0 0 0 12 0 0 0 0 0 0 0 0 0 14 0 0 0 -999
P11021 2012 10 0 0 0 0 0 0 0 0 15 19 28 16 0 9 0 18 15 16 16 12 19 0 19 0 0 14 0 0 11 22 19
P11021 2012 11 19 36 0 18 10 0 0 0 0 19 28 0 0 0 0 0 9 0 35 29 0 7 0 0 0 0 0 16 19 19 -999
P11021 2012 12 0 0 0 0 10 22 25 21 0 12 0 7 0 32 29 30 25 20 12 12 0 0 0 10 9 0 0 0 11 0 31
P11021 2013 1 22 0 0 0 18 0 0 0 0 5 0 0 4 3 0 0 0 0 0 0 2 0 0 2 0 3 0 0 0 14 0
P11021 2013 2 0 0 0 4 0 0 0 0 0 8 0 0 15 37 26 0 11 22 34 27 0 30 0 36 19 0 3 2 -999 -999 -999
P11021 2013 3 5 0 9 12 9 0 14 23 0 24 40 38 0 20 0 19 24 0 19 19 15 25 27 17 0 0 0 26 29 34 42
P11021 2013 4 26 0 0 0 17 15 16 0 0 0 0 0 0 0 0 21 0 0 13 0 24 20 14 19 32 0 0 0 0 0 -999
P11021 2013 5 0 0 0 16 0 8 0 0 22 26 27 18 12 12 0 31 29 0 0 15 9 5 0 12 0 0 0 0 0 0 0
P11021 2013 6 0 0 0 0 0 0 0 30 31 29 25 23 23 22 0 0 0 17 15 10 0 0 13 0 21 0 0 0 21 0 -999
P11021 2013 7 0 0 0 0 0 0 26 0 0 13 0 12 0 0 16 0 0 0 0 0 0 0 0 0 0 0 0 0 0 0 0
P11021 2013 8 0 0 0 0 0 25 0 22 21 0 0 17 11 0 0 0 0 0 8 0 10 0 17 0 0 0 9 0 0 0 0
P11021 2013 9 20 0 16 0 10 0 0 0 14 0 0 0 0 0 0 0 0 0 0 0 20 0 0 0 5 0 0 7 0 0 -999
P11021 2013 10 0 7 0 0 0 0 0 0 0 0 16 0 0 0 0 0 0 0 13 0 0 0 0 0 0 0 0 0 0 0 0
P11021 2013 11 5 0 3 0 0 0 0 0 8 8 12 10 0 7 7 8 0 43 64 43 27 38 42 40 0 0 31 23 9 0 -999
P11021 2013 12 14 0 16 0 4 0 0 0 0 6 0 0 0 7 0 0 0 0 4 6 7 9 9 0 12 0 0 11 17 20 0
P11021 2014 1 11 7 0 9 0 13 9 0 11 0 0 10 11 10 17 11 0 0 0 2 0 0 3 0 0 0 20 27 44 40 25
P11021 2014 2 17 0 13 18 18 24 24 31 0 26 7 8 15 7 0 0 0 12 17 0 10 0 0 8 0 5 0 0 -999 -999 -999