precip	MIROC5	RCP60	REGRESION	decimas	1
P14111	41.888	-4.321	182	geo	2006	2100	-1
P14111 2006 1 0 6 0 0 6 0 6 10 0 6 14 54 125 34 38 69 0 52 0 12 0 7 17 9 8 11 0 0 22 24 0
P14111 2006 2 0 39 28 0 7 0 0 0 0 0 6 0 19 0 20 17 16 0 22 22 13 0 0 7 0 0 0 10 -999 -999 -999
P14111 2006 3 26 43 56 76 69 68 70 62 42 30 40 29 25 20 23 42 73 72 61 35 39 29 28 24 25 28 29 36 44 34 36
P14111 2006 4 24 33 25 27 17 0 9 0 0 0 0 0 0 9 0 12 0 0 0 0 0 0 0 0 0 28 42 0 0 0 -999
P14111 2006 5 0 22 18 28 23 36 18 11 0 0 0 14 0 21 0 12 0 0 0 18 0 4 0 0 0 0 0 18 0 0 0
P14111 2006 6 0 0 0 0 0 0 0 0 0 0 12 20 0 0 0 0 0 14 0 11 0 0 0 0 19 0 21 0 0 24 -999
P14111 2006 7 0 14 0 0 0 17 0 0 0 0 0 0 23 0 0 0 0 0 0 0 0 13 14 0 0 0 0 0 0 0 0
P14111 2006 8 0 11 0 8 0 0 0 0 10 0 0 0 0 0 15 0 0 0 0 18 16 0 0 0 0 13 9 11 14 0 0
P14111 2006 9 0 15 0 0 0 0 0 0 0 15 0 7 0 11 0 23 0 0 0 14 0 15 0 0 0 0 0 11 0 0 -999
P14111 2006 10 4 0 0 12 10 0 0 0 0 14 12 14 19 21 20 0 11 0 0 0 18 13 0 0 0 0 0 20 16 13 0
P14111 2006 11 17 0 0 0 9 0 27 24 0 0 0 0 0 0 0 3 0 3 0 10 0 0 17 24 0 0 0 0 0 0 -999
P14111 2006 12 0 0 0 0 0 0 12 33 38 19 17 0 0 20 41 58 0 0 0 0 15 36 69 35 37 34 23 20 26 21 13
P14111 2007 1 12 16 10 0 0 0 0 0 0 0 0 0 0 0 3 0 1 0 0 0 0 0 0 8 12 0 0 17 0 15 11
P14111 2007 2 7 12 20 0 0 8 17 53 109 71 24 0 0 10 10 0 0 0 0 17 19 0 31 24 28 26 25 21 -999 -999 -999
P14111 2007 3 14 0 19 30 36 20 0 0 0 7 15 29 34 59 30 15 20 15 0 0 16 0 0 0 0 0 8 4 4 2 0
P14111 2007 4 0 0 0 0 7 17 0 0 3 0 0 0 0 0 9 15 23 36 35 26 19 16 0 22 0 0 0 0 3 0 -999
P14111 2007 5 0 0 0 21 41 17 0 9 0 22 0 0 18 20 18 16 0 20 22 0 0 0 0 0 0 0 0 0 0 0 0
P14111 2007 6 17 0 0 14 0 0 0 0 0 0 0 0 24 0 0 0 0 0 10 0 0 0 20 0 0 0 20 0 0 0 -999
P14111 2007 7 14 15 0 0 0 0 14 0 19 0 25 0 15 0 0 0 26 17 0 0 0 0 0 0 18 0 22 0 0 0 0
P14111 2007 8 0 9 0 0 0 17 0 0 9 0 0 0 0 0 0 0 0 0 0 21 18 0 0 0 0 17 17 0 0 0 0
P14111 2007 9 0 0 0 4 6 0 0 0 0 0 0 0 0 0 0 0 0 0 0 0 0 0 0 0 15 0 0 0 10 0 -999
P14111 2007 10 0 13 0 0 0 0 9 0 0 19 19 20 33 35 15 14 0 39 12 7 0 35 40 37 15 12 0 0 10 0 11
P14111 2007 11 0 6 13 0 0 11 0 0 16 0 31 31 17 25 0 0 0 0 0 0 0 0 0 0 0 6 8 7 0 0 -999
P14111 2007 12 0 0 0 9 0 6 0 0 2 0 5 0 0 0 0 11 18 0 11 4 0 4 7 0 12 0 0 0 0 0 0
P14111 2008 1 12 19 0 27 10 2 0 1 3 4 0 0 7 12 12 0 0 0 0 21 44 46 18 11 0 49 49 31 26 36 52
P14111 2008 2 81 39 56 34 0 43 28 46 0 25 38 15 10 10 29 31 0 34 21 0 0 0 0 0 0 18 0 12 -999 -999 -999
P14111 2008 3 0 0 0 0 0 4 0 0 0 0 0 13 18 0 0 0 0 0 0 5 0 0 0 0 0 0 5 0 0 0 0
P14111 2008 4 0 0 0 14 0 8 3 0 0 0 0 9 0 21 31 31 26 0 10 9 0 0 0 0 4 0 0 0 0 17 -999
P14111 2008 5 0 7 0 0 11 0 0 6 12 22 36 18 17 23 16 0 0 7 0 0 22 22 0 13 0 0 0 7 0 0 0
P14111 2008 6 0 0 0 9 0 20 12 12 21 0 0 0 0 30 15 0 0 0 0 11 0 0 0 0 0 0 0 0 0 0 -999
P14111 2008 7 0 0 0 0 0 19 0 0 0 0 0 0 0 0 0 0 0 0 0 0 0 0 0 17 0 0 0 0 0 0 0
P14111 2008 8 0 0 8 0 15 0 0 0 0 0 14 0 0 0 0 0 0 0 0 0 0 0 5 0 0 0 0 0 0 0 5
P14111 2008 9 10 0 0 0 0 0 0 11 13 0 0 0 0 24 16 0 0 0 0 0 0 13 0 20 0 0 0 0 32 24 -999
P14111 2008 10 0 18 0 14 0 7 15 15 0 11 30 34 27 0 0 0 6 10 0 16 16 16 19 0 0 0 35 0 21 0 15
P14111 2008 11 0 0 0 0 4 2 0 0 8 9 20 0 0 0 3 6 13 0 0 9 0 0 0 0 0 0 0 0 2 0 -999
P14111 2008 12 2 0 0 0 1 0 0 0 0 0 0 7 12 0 0 0 6 6 5 0 5 0 6 0 19 22 0 12 0 0 0
P14111 2009 1 0 0 0 0 6 7 0 4 0 0 0 9 0 9 10 0 0 0 0 0 1 0 0 0 0 0 0 1 0 0 0
P14111 2009 2 0 0 7 0 0 0 4 2 0 0 0 2 5 3 2 0 0 1 0 0 0 0 2 0 0 3 0 19 -999 -999 -999
P14111 2009 3 34 36 31 14 11 10 12 29 21 8 0 6 0 13 19 26 48 40 31 0 6 7 24 0 22 41 32 51 46 0 0
P14111 2009 4 14 17 0 0 18 0 0 10 7 6 0 16 0 0 14 0 0 0 11 0 0 0 0 0 0 5 0 0 0 33 -999
P14111 2009 5 0 0 0 20 0 0 12 0 14 12 12 0 0 0 3 0 0 0 0 20 23 0 18 15 0 0 0 0 0 0 12
P14111 2009 6 0 0 0 14 0 18 0 0 0 11 0 0 8 0 23 0 0 0 0 6 0 0 13 0 15 0 0 0 0 17 -999
P14111 2009 7 0 0 20 0 0 0 0 0 0 0 0 0 0 12 0 0 0 0 15 17 0 0 0 0 0 0 0 0 0 0 0
P14111 2009 8 25 0 5 0 0 0 0 0 0 0 0 7 0 0 0 0 0 0 0 6 4 0 0 18 10 0 0 0 0 0 19
P14111 2009 9 0 19 0 2 0 0 0 14 0 0 0 0 0 3 0 0 13 0 0 0 15 22 0 0 0 7 0 0 0 0 -999
P14111 2009 10 0 5 0 0 0 6 0 5 0 11 0 0 0 0 0 15 0 0 12 0 11 8 0 32 0 0 5 0 0 0 0
P14111 2009 11 3 0 0 6 0 0 10 11 0 0 0 6 0 0 12 0 11 7 0 22 9 0 0 14 0 0 0 0 14 0 -999
P14111 2009 12 0 25 33 18 49 41 42 24 17 35 22 0 15 9 0 0 0 25 27 0 0 13 19 18 0 0 35 0 18 0 0
P14111 2010 1 14 11 22 49 39 0 6 6 10 9 5 0 11 0 9 13 12 0 8 0 0 0 2 2 0 0 0 0 0 10 0
P14111 2010 2 6 0 0 0 0 16 8 4 5 0 0 0 0 0 0 0 2 0 0 5 0 0 6 0 0 5 0 5 -999 -999 -999
P14111 2010 3 4 0 0 0 0 10 0 12 27 24 0 0 0 5 0 4 6 17 34 0 0 0 0 0 1 2 0 4 0 4 7
P14111 2010 4 0 0 0 0 0 17 20 32 28 0 17 0 0 17 31 24 0 0 6 14 15 0 0 0 0 0 7 11 0 17 -999
P14111 2010 5 11 7 15 19 0 10 0 0 0 0 0 0 0 0 0 0 15 17 0 0 0 0 0 0 14 0 26 0 14 0 7
P14111 2010 6 0 16 0 12 0 9 0 0 0 0 0 0 0 0 0 28 12 0 0 0 8 0 0 11 0 0 12 0 0 19 -999
P14111 2010 7 21 0 0 0 0 14 0 0 0 0 0 0 0 6 0 0 0 0 5 0 0 14 0 19 0 0 0 0 0 0 0
P14111 2010 8 0 0 10 0 0 11 0 0 14 0 0 0 0 0 0 22 0 0 0 0 0 0 0 0 0 0 0 7 0 8 0
P14111 2010 9 0 10 0 17 10 7 0 0 22 0 11 20 0 0 20 0 0 0 17 0 0 15 14 0 0 0 0 6 7 0 -999
P14111 2010 10 0 0 0 0 0 0 0 0 0 0 38 27 41 28 20 13 11 15 20 0 15 0 0 0 0 0 7 0 0 11 8
P14111 2010 11 8 5 11 7 0 5 0 0 0 6 0 0 3 0 0 0 14 0 8 5 0 0 0 4 0 6 0 0 0 0 -999
P14111 2010 12 3 0 0 0 0 0 0 0 0 6 4 12 0 0 0 0 8 0 0 0 0 0 0 0 0 0 0 7 0 0 0
P14111 2011 1 3 6 0 9 12 0 0 2 0 0 0 0 0 7 12 0 0 0 0 3 8 18 38 17 17 0 0 3 2 0 6
P14111 2011 2 0 0 0 21 22 27 20 11 0 0 0 15 12 9 0 10 0 6 8 10 12 0 0 6 6 0 10 21 -999 -999 -999
P14111 2011 3 22 14 10 0 0 0 0 0 0 12 15 20 0 14 23 40 33 22 17 20 20 30 48 98 37 14 25 52 0 0 9
P14111 2011 4 15 24 18 0 0 0 0 12 0 15 14 0 15 8 0 11 26 23 18 0 20 12 0 0 0 0 0 0 0 0 -999
P14111 2011 5 0 0 9 0 0 0 0 0 0 0 11 0 0 0 18 0 0 0 0 23 30 0 0 15 0 0 0 0 0 0 10
P14111 2011 6 0 11 0 0 0 0 12 11 18 0 0 0 0 14 0 0 0 4 0 8 0 0 0 0 0 0 0 12 0 9 -999
P14111 2011 7 9 9 0 0 0 0 0 0 0 0 0 15 0 0 12 0 0 0 0 0 0 18 0 0 0 0 6 0 18 0 0
P14111 2011 8 0 0 0 0 0 0 14 0 0 17 0 0 0 0 0 11 13 0 0 0 0 0 0 0 0 0 0 0 0 19 0
P14111 2011 9 0 6 0 0 0 0 0 14 25 32 0 0 0 0 0 0 0 0 0 0 0 0 0 6 0 8 0 0 0 16 -999
P14111 2011 10 0 0 0 0 0 0 0 8 10 0 12 0 15 15 0 13 0 0 0 0 12 16 16 0 0 8 9 0 13 18 16
P14111 2011 11 0 0 13 24 44 47 0 0 0 0 0 4 9 0 0 9 23 16 6 0 0 38 27 24 0 6 6 10 0 3 -999
P14111 2011 12 6 0 22 0 0 0 0 0 4 0 9 15 10 4 9 35 44 38 0 40 45 23 21 14 0 25 25 23 24 0 38
P14111 2012 1 36 14 0 0 0 0 0 4 0 0 0 3 0 0 0 0 0 3 0 0 0 0 0 1 0 0 0 0 11 11 3
P14111 2012 2 0 0 21 12 5 4 5 4 0 0 0 3 0 0 0 0 0 0 0 16 0 0 0 0 0 0 0 11 -999 -999 -999
P14111 2012 3 28 32 19 11 10 0 0 0 0 0 0 0 15 9 10 21 0 0 0 34 31 16 15 0 17 0 0 9 0 0 0
P14111 2012 4 6 8 0 0 0 0 21 0 0 0 5 7 0 50 35 0 18 0 0 0 6 0 8 30 0 0 0 26 27 0 -999
P14111 2012 5 0 0 0 0 5 0 0 11 0 0 14 0 21 27 24 18 16 14 0 7 9 0 0 9 22 0 16 0 6 0 0
P14111 2012 6 0 0 3 0 0 0 9 15 0 16 12 0 0 14 0 10 0 0 0 0 0 0 0 0 0 0 14 0 0 0 -999
P14111 2012 7 9 0 0 0 0 0 0 0 0 0 0 0 0 0 0 0 0 0 0 0 11 0 10 0 0 0 0 0 0 0 0
P14111 2012 8 0 0 0 0 0 0 0 0 0 0 0 0 0 0 0 0 0 0 0 0 0 0 0 0 0 0 0 0 0 0 8
P14111 2012 9 0 0 0 0 0 0 0 0 0 0 0 0 0 7 0 10 0 10 9 0 0 0 0 0 0 0 0 0 14 0 -999
P14111 2012 10 0 5 0 0 0 0 0 0 16 0 43 18 0 0 21 23 20 0 23 0 19 24 14 0 0 13 25 19 18 41 0
P14111 2012 11 35 43 0 18 13 18 0 0 10 32 0 0 0 0 0 0 0 28 0 32 18 0 0 0 7 0 11 18 25 15 -999
P14111 2012 12 0 5 9 12 0 41 40 38 0 14 13 8 0 44 31 34 26 0 0 11 0 19 0 0 12 0 0 0 0 0 33
P14111 2013 1 15 9 14 28 0 6 0 12 7 7 0 0 0 0 0 0 0 0 0 0 1 0 1 0 0 0 0 0 0 19 0
P14111 2013 2 0 0 0 0 3 4 0 6 0 3 2 0 20 57 0 10 12 36 56 42 34 44 35 51 16 0 0 3 -999 -999 -999
P14111 2013 3 9 0 0 0 8 0 11 25 21 36 71 59 47 19 19 0 24 22 0 20 15 35 34 18 21 11 0 28 0 0 50
P14111 2013 4 26 11 8 0 0 20 22 10 5 0 0 0 0 17 14 24 0 0 0 12 30 0 14 24 36 9 0 6 0 0 -999
P14111 2013 5 0 0 0 18 9 6 10 23 22 28 28 0 0 10 25 0 24 21 16 0 10 0 3 0 0 0 0 0 0 0 0
P14111 2013 6 15 21 23 19 0 0 21 31 29 39 32 30 22 0 0 0 10 12 0 0 0 9 0 0 22 0 36 26 0 17 -999
P14111 2013 7 0 0 0 0 21 0 20 0 0 0 0 0 0 0 0 0 0 0 0 0 20 0 0 0 0 0 0 0 0 0 27
P14111 2013 8 0 0 0 0 0 0 0 0 19 0 0 0 0 7 0 0 0 0 0 0 0 0 14 0 0 0 0 0 26 21 30
P14111 2013 9 27 0 9 0 9 0 0 0 0 0 22 0 0 0 0 0 0 0 21 0 0 0 10 3 0 0 0 0 0 0 -999
P14111 2013 10 0 0 12 8 0 0 7 0 0 0 15 11 8 9 9 13 0 0 0 6 7 5 4 0 0 0 0 0 0 0 3
P14111 2013 11 0 2 0 2 2 0 0 0 7 8 0 0 4 0 7 8 0 69 108 52 36 63 72 49 25 66 30 0 10 13 -999
P14111 2013 12 14 37 0 0 0 0 0 0 0 8 6 0 7 0 10 0 6 0 0 0 0 11 12 20 0 23 0 13 28 26 0
P14111 2014 1 17 0 0 0 19 17 11 18 10 0 13 14 20 18 0 12 0 0 0 0 0 2 0 0 15 17 29 36 54 40 0
P14111 2014 2 0 31 20 29 23 40 35 46 0 34 7 13 21 0 0 0 0 0 16 0 9 7 12 7 4 0 0 15 -999 -999 -999