precip	MIROC5	RCP60	REGRESION	decimas	1
P10670	40.581	0.259	182	geo	2006	2100	-1
P10670 2006 1 0 0 0 0 0 0 0 0 0 0 0 0 46 0 0 0 0 0 27 0 0 0 16 28 0 0 0 0 30 26 14
P10670 2006 2 0 26 0 0 0 0 0 0 0 0 0 0 0 30 0 47 9 0 0 0 41 34 17 23 0 0 0 0 -999 -999 -999
P10670 2006 3 0 0 0 0 0 37 41 71 38 0 95 90 49 26 28 0 0 0 0 0 0 0 12 0 34 0 0 0 18 7 41
P10670 2006 4 0 0 0 0 21 0 0 84 74 0 0 5 0 0 0 0 0 16 20 0 0 0 0 17 0 0 98 108 88 53 -999
P10670 2006 5 33 0 0 0 0 26 0 24 0 0 0 0 0 29 21 14 0 0 0 0 3 0 0 0 16 13 17 0 23 0 0
P10670 2006 6 0 0 24 0 0 0 0 0 0 50 0 53 34 0 0 29 0 0 0 22 0 0 0 0 0 0 43 0 0 0 -999
P10670 2006 7 0 0 0 0 0 0 48 48 0 0 0 0 0 0 0 0 0 0 25 0 0 0 0 0 0 0 0 0 0 34 0
P10670 2006 8 46 43 0 0 0 29 0 0 0 0 0 0 0 40 0 0 22 0 0 35 0 0 0 0 0 20 22 0 18 0 27
P10670 2006 9 0 0 0 0 18 28 0 0 18 0 31 0 0 0 0 0 0 0 0 0 0 0 31 58 32 0 0 0 0 0 -999
P10670 2006 10 0 7 0 0 0 0 0 0 0 17 23 33 0 58 67 67 0 0 0 0 0 15 0 0 0 0 0 0 0 0 0
P10670 2006 11 6 10 0 14 0 0 26 0 0 0 0 0 5 0 0 0 0 3 0 0 0 24 23 88 33 0 0 0 0 0 -999
P10670 2006 12 0 0 0 0 0 19 0 26 0 42 0 63 71 0 0 20 0 0 0 0 0 32 0 40 0 0 0 0 0 0 0
P10670 2007 1 0 0 0 0 0 0 0 0 0 0 0 0 0 0 0 0 0 0 0 51 0 23 19 0 25 49 0 0 14 0 0
P10670 2007 2 9 0 5 0 8 0 17 74 118 47 0 27 0 0 0 0 0 22 0 0 71 0 57 108 91 26 0 22 -999 -999 -999
P10670 2007 3 0 0 23 31 45 33 29 22 25 0 12 0 78 32 16 0 11 0 0 0 0 0 54 0 0 19 0 13 0 7 0
P10670 2007 4 0 0 0 0 20 0 0 0 0 5 0 0 36 23 0 0 0 0 31 18 30 65 0 14 0 38 51 27 0 0 -999
P10670 2007 5 0 0 0 0 0 0 41 0 0 0 0 0 74 42 16 15 0 43 0 46 0 0 0 0 0 0 0 0 0 0 46
P10670 2007 6 72 65 0 0 41 0 0 0 0 0 0 0 0 64 0 74 0 0 0 0 0 19 0 25 23 22 0 0 0 43 -999
P10670 2007 7 37 0 39 0 30 22 0 0 17 0 41 0 0 21 15 0 56 0 60 27 0 0 0 0 0 0 0 0 0 25 0
P10670 2007 8 0 0 20 37 0 0 0 0 0 0 23 0 0 0 0 0 31 0 0 0 0 0 0 0 54 50 25 29 39 0 0
P10670 2007 9 0 0 0 0 0 0 0 0 0 0 0 0 0 31 0 0 0 11 0 0 0 25 0 0 0 0 0 0 0 0 -999
P10670 2007 10 0 0 0 0 9 0 0 0 0 41 69 62 49 0 0 0 0 0 18 0 0 0 0 0 0 6 0 0 0 0 0
P10670 2007 11 0 0 11 0 0 0 4 0 13 0 0 0 0 0 0 0 0 0 0 0 0 0 0 0 0 0 0 31 48 0 -999
P10670 2007 12 43 0 17 44 76 89 65 19 0 0 0 0 0 0 0 0 21 0 34 31 0 0 10 0 0 0 0 0 0 0 0
P10670 2008 1 0 0 31 19 0 0 0 0 0 0 42 52 0 0 0 26 0 0 0 0 0 0 0 0 0 0 0 0 0 8 0
P10670 2008 2 18 0 0 18 0 0 0 12 13 46 27 0 2 0 0 0 11 26 78 7 7 9 0 0 80 0 68 95 -999 -999 -999
P10670 2008 3 0 62 0 0 0 0 0 0 0 0 0 0 0 0 18 0 0 0 0 0 0 10 5 0 0 0 0 0 0 0 0
P10670 2008 4 0 11 0 37 78 0 0 0 0 0 0 0 0 0 56 0 36 43 40 0 13 10 0 0 0 0 0 0 34 0 -999
P10670 2008 5 43 0 0 0 0 74 56 0 0 24 42 7 16 0 0 33 0 0 24 57 0 0 0 0 0 0 0 0 0 0 0
P10670 2008 6 0 0 0 0 0 0 0 0 0 0 0 29 0 0 0 0 0 39 0 0 0 0 0 0 0 0 0 0 47 0 -999
P10670 2008 7 0 0 0 0 0 0 0 50 0 0 0 0 0 74 0 0 0 0 18 15 36 0 0 0 0 0 34 0 0 0 54
P10670 2008 8 0 58 0 0 36 0 0 0 0 34 17 0 0 14 0 0 0 0 0 0 0 0 0 0 11 0 33 0 11 0 0
P10670 2008 9 0 0 0 0 0 0 0 0 0 0 0 0 0 19 0 0 0 21 0 25 0 0 23 26 26 0 0 0 0 0 -999
P10670 2008 10 0 0 7 0 0 0 0 0 0 0 0 27 23 0 0 0 38 27 28 0 0 0 0 0 23 0 0 0 0 0 0
P10670 2008 11 17 33 38 46 0 19 0 0 0 0 0 0 0 0 0 0 0 0 0 0 1 0 0 0 0 0 0 0 0 0 -999
P10670 2008 12 0 3 0 9 13 30 0 44 28 6 23 12 0 0 23 0 0 0 5 0 0 0 0 0 0 0 0 0 0 0 0
P10670 2009 1 0 0 0 0 0 0 0 0 0 0 0 23 39 0 0 0 7 0 0 0 0 0 0 0 0 0 0 0 0 0 0
P10670 2009 2 0 0 0 0 37 17 35 0 0 0 0 0 0 11 0 0 0 0 0 0 0 0 0 27 21 20 0 0 -999 -999 -999
P10670 2009 3 0 0 0 0 6 0 0 0 43 64 0 0 18 16 45 17 0 0 0 0 0 0 0 6 0 0 0 43 0 0 0
P10670 2009 4 15 79 111 28 0 57 56 0 0 0 0 36 52 23 29 0 0 0 0 0 71 0 0 0 0 0 0 0 0 0 -999
P10670 2009 5 0 31 0 20 43 60 0 0 18 0 43 0 0 0 0 13 0 0 49 52 116 95 64 55 43 0 22 0 0 0 26
P10670 2009 6 0 31 28 0 46 50 35 20 0 0 0 0 0 29 0 66 67 0 0 0 0 0 0 0 23 26 0 33 30 0 -999
P10670 2009 7 48 0 0 39 0 0 55 0 0 84 0 0 42 22 0 0 15 0 29 34 0 0 0 0 0 0 0 32 0 0 0
P10670 2009 8 32 0 0 0 0 0 41 0 0 0 42 0 0 0 0 0 0 0 0 0 0 0 49 0 0 19 22 0 0 52 38
P10670 2009 9 58 0 0 0 0 11 0 0 0 0 55 33 0 0 0 0 0 0 36 0 48 0 0 0 0 0 0 17 13 0 -999
P10670 2009 10 0 31 0 43 0 0 0 0 0 0 26 0 0 0 0 27 0 0 50 0 10 0 0 0 0 0 0 0 0 0 0
P10670 2009 11 0 0 0 0 0 0 0 0 11 0 0 0 0 0 0 0 0 0 0 6 0 12 0 0 0 0 0 0 0 0 -999
P10670 2009 12 2 0 0 0 0 0 50 23 0 0 0 0 0 0 0 0 0 0 32 36 24 0 0 0 0 0 0 19 20 0 0
P10670 2010 1 0 0 0 43 16 0 0 0 0 21 0 0 0 0 0 0 0 0 0 0 0 0 0 0 0 14 0 0 0 0 0
P10670 2010 2 0 0 0 0 0 25 0 0 0 14 0 0 0 0 8 0 7 0 0 0 0 3 0 0 0 0 0 0 -999 -999 -999
P10670 2010 3 0 0 0 0 5 24 63 69 60 36 35 24 0 11 0 0 0 11 0 120 115 0 0 0 0 0 0 0 0 0 0
P10670 2010 4 0 14 14 0 0 0 0 70 0 33 55 67 0 60 53 75 53 34 16 0 0 52 0 0 0 37 0 0 0 48 -999
P10670 2010 5 0 0 25 48 0 0 27 0 0 27 52 82 35 0 40 42 46 0 0 17 0 0 0 0 27 68 42 0 23 0 32
P10670 2010 6 46 0 0 28 0 0 0 0 0 0 0 0 115 0 0 0 0 0 0 0 0 0 15 0 0 43 0 49 61 0 -999
P10670 2010 7 0 0 0 0 37 0 28 0 0 0 0 0 0 16 0 0 0 0 0 0 0 0 31 0 0 0 0 27 38 0 31
P10670 2010 8 42 43 0 0 0 22 0 0 0 0 0 40 0 0 0 0 39 0 0 18 0 0 0 0 0 0 0 11 0 0 0
P10670 2010 9 0 0 0 21 0 0 0 0 0 0 57 24 56 35 0 15 10 0 0 0 0 0 38 0 0 0 0 0 0 0 -999
P10670 2010 10 0 0 0 0 0 0 14 0 22 17 0 0 12 12 0 0 0 0 0 0 0 0 0 0 0 10 0 0 0 0 0
P10670 2010 11 0 0 0 0 0 0 0 0 0 0 0 0 0 0 0 0 0 0 0 0 0 0 5 0 0 0 5 0 0 0 -999
P10670 2010 12 30 0 0 0 0 0 0 0 0 0 0 0 12 46 0 0 0 0 0 0 0 0 0 0 0 0 0 0 0 0 1
P10670 2011 1 0 0 0 0 0 0 0 0 15 12 0 0 0 0 0 11 0 0 0 0 0 11 19 27 0 0 0 0 0 0 0
P10670 2011 2 0 0 0 0 0 0 0 0 0 0 0 0 0 2 0 0 2 0 0 0 0 0 0 0 0 8 0 57 -999 -999 -999
P10670 2011 3 57 27 0 66 61 29 0 0 0 0 23 0 32 0 0 59 65 11 8 0 0 0 19 0 0 9 28 63 33 0 0
P10670 2011 4 0 51 0 0 0 0 0 19 0 0 0 40 0 44 17 0 67 75 50 40 41 24 9 0 0 0 0 0 0 0 -999
P10670 2011 5 0 0 0 0 21 0 0 0 49 0 0 19 0 0 0 0 0 0 0 36 43 0 0 10 20 0 46 0 47 0 27
P10670 2011 6 0 0 0 0 0 0 0 0 0 73 72 0 0 0 0 0 0 15 0 0 0 49 48 0 0 0 42 0 0 0 -999
P10670 2011 7 0 0 0 0 30 28 0 0 0 0 0 0 37 0 0 22 18 0 18 0 56 0 0 0 0 0 0 0 0 0 28
P10670 2011 8 0 0 0 0 0 0 0 34 0 0 0 0 0 23 0 0 0 0 0 0 0 0 40 27 0 0 6 0 29 26 53
P10670 2011 9 0 15 0 0 0 30 0 0 37 47 19 20 0 10 0 0 0 0 0 0 0 0 0 0 0 0 0 0 0 0 -999
P10670 2011 10 29 29 33 0 41 0 20 0 0 34 26 30 0 0 0 0 0 0 11 0 0 32 48 29 0 0 6 0 36 43 89
P10670 2011 11 0 0 0 2 9 0 118 97 38 0 0 38 114 0 0 0 0 0 0 2 5 45 43 67 67 9 0 0 0 0 -999
P10670 2011 12 5 0 21 108 31 0 14 0 0 0 5 0 0 0 2 8 0 0 0 0 15 0 13 0 0 0 0 0 0 0 1
P10670 2012 1 0 0 0 0 0 0 0 0 0 0 0 0 0 0 0 0 4 11 23 0 36 0 0 0 0 0 0 10 0 0 0
P10670 2012 2 0 0 0 35 0 2 0 0 0 0 0 0 0 0 0 0 0 0 0 7 35 0 0 0 0 39 0 0 -999 -999 -999
P10670 2012 3 0 0 0 135 53 0 0 0 0 0 0 2 0 0 0 0 37 0 37 0 52 0 0 0 0 0 0 0 0 0 0
P10670 2012 4 0 0 31 0 4 0 0 0 0 21 0 0 57 62 27 22 0 23 0 24 19 0 0 39 39 45 0 44 0 0 -999
P10670 2012 5 0 52 78 0 0 20 95 93 0 0 0 0 0 29 21 0 0 15 0 22 0 15 0 0 0 0 0 0 0 0 0
P10670 2012 6 0 0 0 0 0 0 0 42 60 40 43 0 0 54 0 23 14 0 0 0 29 32 0 12 0 0 0 0 43 34 -999
P10670 2012 7 0 0 15 0 0 0 0 0 0 0 0 0 0 0 0 0 0 115 45 36 31 0 32 0 45 0 0 13 12 0 0
P10670 2012 8 0 0 0 0 32 0 33 0 0 24 0 0 0 0 28 36 42 0 0 0 22 24 21 0 0 0 0 0 0 24 0
P10670 2012 9 0 0 0 0 0 0 0 0 0 15 0 0 38 29 12 0 0 0 0 0 24 0 0 0 0 22 0 30 0 51 -999
P10670 2012 10 0 0 0 0 12 0 0 0 26 0 60 0 0 0 0 0 13 0 0 0 27 33 0 0 24 24 0 10 0 0 1
P10670 2012 11 0 0 28 39 0 0 0 0 0 0 0 0 0 0 0 0 0 0 0 0 0 0 4 0 0 0 9 22 28 34 -999
P10670 2012 12 22 0 0 0 0 71 84 0 10 9 0 0 0 35 8 0 20 31 0 0 0 0 0 0 0 0 1 2 0 6 35
P10670 2013 1 0 0 15 13 0 0 0 0 0 0 0 0 0 0 0 0 0 0 0 5 0 0 0 6 0 0 0 0 0 0 0
P10670 2013 2 0 0 0 0 0 0 1 0 0 0 0 0 0 28 13 0 10 0 0 0 15 13 0 0 0 16 0 0 -999 -999 -999
P10670 2013 3 16 0 7 0 12 0 0 90 0 0 36 21 28 0 0 0 0 0 13 0 21 53 51 0 22 0 34 0 95 72 63
P10670 2013 4 128 99 21 14 0 10 13 0 0 0 0 0 20 0 0 0 30 20 21 0 0 0 24 22 71 38 0 0 0 0 -999
P10670 2013 5 0 27 0 25 0 10 0 0 40 27 20 23 0 0 44 61 0 0 18 30 0 0 0 0 0 0 0 0 0 0 0
P10670 2013 6 0 52 26 0 0 34 0 0 72 0 21 33 42 0 0 0 0 0 18 0 0 0 0 0 0 0 153 43 41 39 -999
P10670 2013 7 0 0 0 21 0 0 58 0 0 0 0 0 0 37 0 26 0 0 0 0 33 0 0 0 0 0 0 0 39 0 46
P10670 2013 8 0 0 0 0 59 68 38 38 0 0 0 0 9 9 0 0 0 0 0 9 0 18 0 0 32 0 0 0 0 30 0
P10670 2013 9 0 0 0 0 0 0 0 22 0 0 0 44 0 0 0 0 25 0 36 28 53 54 10 0 0 0 0 0 0 9 -999
P10670 2013 10 0 0 0 0 0 22 0 0 0 0 43 0 0 42 0 0 27 36 11 0 7 0 0 19 0 21 0 0 0 0 0
P10670 2013 11 7 0 0 0 0 0 0 11 0 0 28 20 13 0 0 0 12 0 78 68 0 5 0 29 0 0 15 31 0 0 -999
P10670 2013 12 0 0 0 0 0 0 23 17 19 0 0 0 0 0 0 0 0 0 9 0 11 0 0 0 0 14 0 0 0 0 0
P10670 2014 1 0 0 0 0 0 0 0 0 17 0 0 0 0 0 0 0 0 0 0 0 4 0 0 0 0 0 35 45 165 53 38
P10670 2014 2 0 0 0 0 2 5 0 0 0 0 4 0 0 0 0 0 0 0 0 8 0 0 0 16 0 0 0 50 -999 -999 -999