precip	MIROC5	RCP60	REGRESION	decimas	1
P1370	37.395	-7.006	182	geo	2006	2100	-1
P1370 2006 1 0 0 16 0 0 31 35 40 34 9 35 181 131 19 94 94 78 63 57 0 8 21 0 6 22 0 0 31 0 54 0
P1370 2006 2 47 143 0 0 11 0 0 0 0 0 0 28 59 68 0 7 0 6 0 0 0 7 8 0 0 4 0 0 -999 -999 -999
P1370 2006 3 50 56 111 99 78 94 83 97 40 131 154 0 27 34 0 0 214 158 62 39 50 48 44 31 42 34 28 0 64 0 43
P1370 2006 4 14 0 48 31 28 15 0 0 0 0 0 0 0 0 10 0 0 0 0 0 0 0 0 0 31 0 44 24 0 17 -999
P1370 2006 5 0 21 30 0 33 49 24 12 0 0 0 5 0 0 0 0 0 0 14 11 0 0 0 0 0 0 0 0 0 0 0
P1370 2006 6 0 0 0 0 0 0 0 0 0 0 12 0 0 0 0 0 0 0 0 0 0 0 0 0 0 0 14 0 0 0 -999
P1370 2006 7 0 0 0 0 0 14 0 0 0 0 0 0 0 0 0 0 0 0 13 0 0 0 0 0 0 0 0 0 0 0 0
P1370 2006 8 0 0 0 0 0 0 0 0 0 0 0 0 0 0 0 0 0 0 0 0 0 7 0 0 0 0 6 0 0 0 0
P1370 2006 9 0 0 0 0 0 0 0 0 0 0 0 7 0 0 0 0 0 0 0 0 0 0 0 0 0 2 0 0 0 2 -999
P1370 2006 10 0 0 0 0 0 0 0 0 0 0 0 0 0 0 0 21 10 0 0 0 0 0 0 0 0 11 0 0 7 0 0
P1370 2006 11 19 0 17 0 0 33 69 0 0 0 0 0 0 0 0 0 0 0 0 15 0 4 24 24 11 0 0 0 0 0 -999
P1370 2006 12 0 0 0 0 0 0 35 197 222 120 80 105 56 42 125 131 0 0 0 0 0 0 122 45 51 52 0 0 63 44 0
P1370 2007 1 0 0 0 0 0 0 0 0 0 0 0 0 0 0 0 0 0 0 0 7 0 0 12 0 0 0 6 0 0 14 16
P1370 2007 2 12 10 7 3 0 10 56 166 175 76 0 0 6 0 14 19 55 0 44 63 75 0 0 40 72 0 57 0 -999 -999 -999
P1370 2007 3 0 0 0 138 78 28 27 0 0 16 27 50 37 0 23 0 0 16 26 45 0 0 0 0 9 0 0 0 0 0 0
P1370 2007 4 0 0 0 0 0 5 0 2 0 0 0 0 47 9 0 0 0 56 0 35 0 0 0 29 0 0 1 0 0 0 -999
P1370 2007 5 0 0 0 44 79 0 0 0 0 0 0 0 14 22 0 0 0 38 0 17 0 0 0 0 0 0 0 0 0 0 0
P1370 2007 6 18 0 10 12 21 0 0 0 0 0 0 0 0 0 0 0 0 5 0 0 0 0 0 0 0 0 0 0 19 0 -999
P1370 2007 7 0 0 0 0 0 0 0 0 0 16 0 0 0 0 0 0 0 0 0 0 0 0 0 0 0 0 0 0 0 0 0
P1370 2007 8 0 0 0 0 0 0 0 0 0 0 0 0 0 0 0 0 0 0 0 16 0 0 0 0 0 25 0 0 0 0 0
P1370 2007 9 0 0 0 0 0 0 0 0 0 0 0 0 0 0 0 0 0 0 0 0 0 0 0 0 0 0 0 0 0 0 -999
P1370 2007 10 0 0 0 0 0 0 0 0 0 0 10 20 49 0 18 39 0 71 0 0 0 0 47 0 0 16 20 0 0 0 0
P1370 2007 11 0 0 0 0 0 0 2 0 0 39 61 44 0 0 11 0 0 0 0 0 0 0 2 0 0 10 52 0 0 0 -999
P1370 2007 12 9 0 0 22 14 0 22 25 0 0 0 0 0 5 0 0 96 58 17 0 0 0 25 0 24 0 16 11 0 0 0
P1370 2008 1 0 0 0 24 0 0 0 0 0 0 0 0 0 0 42 64 0 9 15 0 67 66 29 0 0 176 190 59 74 83 127
P1370 2008 2 196 52 117 43 35 50 69 85 0 0 0 0 22 21 43 0 0 85 72 0 0 0 21 0 22 24 43 0 -999 -999 -999
P1370 2008 3 0 0 0 0 0 0 0 0 0 0 0 0 0 0 0 0 0 0 0 0 0 16 0 0 0 0 0 0 0 0 0
P1370 2008 4 0 0 0 43 0 4 0 0 0 0 0 14 0 36 81 0 0 0 0 10 14 0 0 0 0 0 0 0 0 0 -999
P1370 2008 5 0 10 0 0 0 0 0 4 0 0 49 0 0 0 0 22 0 0 0 41 18 49 51 10 7 0 0 0 0 18 0
P1370 2008 6 0 0 0 0 0 26 0 0 0 0 18 0 15 33 0 0 0 0 0 0 0 0 0 0 0 0 0 0 0 0 -999
P1370 2008 7 0 0 0 0 0 0 14 0 12 0 0 0 0 0 0 0 0 0 0 0 0 0 0 0 0 0 0 0 0 0 0
P1370 2008 8 0 0 0 0 0 0 0 0 0 0 0 0 0 0 0 0 0 0 0 0 0 0 0 0 0 0 0 0 0 5 7
P1370 2008 9 0 0 0 0 0 0 0 0 16 0 0 0 16 22 0 0 0 0 19 0 6 0 31 0 21 0 0 0 26 21 -999
P1370 2008 10 0 13 0 0 0 0 0 0 0 0 0 0 26 0 0 0 0 12 0 19 0 0 0 0 18 0 19 13 0 0 0
P1370 2008 11 10 0 9 2 0 4 0 0 2 0 8 3 0 0 0 0 21 0 0 0 0 0 0 0 0 0 0 0 0 0 -999
P1370 2008 12 0 0 0 0 0 0 0 0 0 14 16 5 4 7 0 7 0 0 0 0 0 0 14 0 25 0 24 16 0 0 0
P1370 2009 1 0 2 0 0 0 0 0 0 0 0 0 0 9 0 0 0 0 0 0 0 0 11 0 0 0 0 0 0 14 0 0
P1370 2009 2 0 0 8 14 10 0 0 0 0 0 0 0 6 6 0 0 0 0 0 0 0 0 0 0 0 13 0 0 -999 -999 -999
P1370 2009 3 24 42 35 36 0 0 0 57 29 0 0 0 0 22 20 0 48 0 22 15 2 0 0 0 30 68 81 78 85 0 0
P1370 2009 4 47 0 7 0 0 41 0 7 5 0 0 0 0 0 0 0 0 7 0 0 0 0 0 0 6 0 18 33 0 0 -999
P1370 2009 5 28 0 12 0 0 29 0 29 36 28 12 0 4 0 0 0 0 7 22 27 0 0 0 0 0 12 0 0 0 10 0
P1370 2009 6 0 0 0 0 0 0 0 0 0 0 0 0 0 0 0 0 0 0 0 0 0 0 0 0 0 0 0 0 0 0 -999
P1370 2009 7 0 0 0 0 0 22 0 0 0 0 0 0 0 0 0 0 0 0 0 0 0 0 0 0 0 0 0 0 0 0 0
P1370 2009 8 0 0 0 0 0 0 0 0 0 0 0 0 0 0 0 0 0 0 0 0 0 0 0 0 0 0 0 0 18 0 31
P1370 2009 9 33 13 0 0 0 0 0 0 0 0 0 0 0 0 0 0 0 0 0 0 0 0 0 0 8 0 0 0 0 0 -999
P1370 2009 10 0 0 0 0 0 0 0 0 0 0 0 0 0 21 0 0 25 15 0 8 16 5 0 0 16 14 0 0 0 0 0
P1370 2009 11 2 0 0 0 0 0 0 0 0 0 0 0 0 0 0 0 16 0 0 0 0 37 60 27 0 2 2 0 0 25 -999
P1370 2009 12 0 20 30 14 35 18 43 8 18 41 27 0 0 0 0 0 31 63 23 0 0 11 0 0 57 104 82 90 0 0 0
P1370 2010 1 0 0 95 92 0 0 13 25 0 18 0 12 33 0 0 9 15 16 0 27 20 0 16 0 0 0 15 0 0 33 0
P1370 2010 2 0 0 0 0 0 0 0 0 0 0 2 0 0 0 0 0 2 0 0 0 0 0 0 1 2 0 0 13 -999 -999 -999
P1370 2010 3 0 0 0 0 0 0 29 56 126 95 67 0 0 0 17 17 22 39 64 0 3 0 0 0 0 0 0 0 0 0 0
P1370 2010 4 0 0 0 0 0 0 0 0 0 38 0 0 0 14 59 0 0 0 0 40 17 8 0 6 10 7 3 0 11 0 -999
P1370 2010 5 7 6 27 48 0 0 0 0 0 0 0 0 18 0 0 14 7 0 0 0 0 0 0 0 0 44 24 0 0 0 0
P1370 2010 6 0 18 17 0 0 0 0 0 0 0 0 0 0 0 0 0 0 0 0 0 0 0 0 0 0 0 0 0 0 0 -999
P1370 2010 7 0 18 0 0 7 0 0 0 0 0 0 10 0 0 0 0 0 0 0 0 0 0 0 0 0 0 0 0 0 0 0
P1370 2010 8 0 0 9 0 0 0 0 0 0 0 0 0 0 0 0 0 0 0 0 0 0 0 0 0 0 0 0 0 0 0 15
P1370 2010 9 0 0 0 6 0 0 0 0 0 0 0 0 7 6 0 0 0 0 0 0 0 0 0 0 0 0 0 0 0 0 -999
P1370 2010 10 0 0 0 0 0 0 0 0 0 49 36 0 40 0 0 0 0 0 0 0 0 40 0 0 0 9 0 4 6 0 0
P1370 2010 11 0 0 0 9 0 0 4 0 0 0 0 0 0 0 0 0 0 0 0 0 0 0 0 8 0 0 0 0 0 0 -999
P1370 2010 12 4 0 0 0 0 0 15 0 27 13 0 0 45 26 4 0 0 0 0 0 0 0 0 0 0 0 0 0 0 0 0
P1370 2011 1 0 0 0 24 26 0 0 0 0 0 0 0 0 0 42 0 0 0 0 0 0 13 17 0 0 0 0 0 0 0 11
P1370 2011 2 0 0 0 0 0 43 32 0 0 0 0 11 0 2 0 0 0 0 20 0 42 66 0 0 0 0 0 67 -999 -999 -999
P1370 2011 3 83 77 0 18 0 0 8 0 0 9 26 0 10 17 53 98 64 23 17 25 17 0 82 166 35 0 78 107 0 0 0
P1370 2011 4 0 0 19 0 0 0 20 0 0 25 0 0 18 5 0 0 0 72 0 0 0 0 0 9 0 0 0 0 0 0 -999
P1370 2011 5 0 7 0 0 0 0 0 0 0 0 0 0 0 0 0 0 7 0 0 0 24 0 0 0 0 0 0 7 0 0 0
P1370 2011 6 0 10 0 0 0 0 0 0 0 0 0 0 0 0 0 10 0 0 0 0 0 0 0 0 0 0 0 7 0 0 -999
P1370 2011 7 0 1 0 0 0 0 0 0 0 0 0 0 0 0 3 0 0 0 0 0 0 0 0 0 0 0 0 0 0 0 0
P1370 2011 8 0 0 0 0 0 0 0 0 0 0 0 0 0 0 0 0 8 0 0 0 0 0 0 0 0 0 0 0 0 0 0
P1370 2011 9 0 0 0 0 0 0 0 0 0 18 0 0 0 0 0 0 0 0 0 0 0 0 0 0 0 0 0 0 0 0 -999
P1370 2011 10 0 0 0 0 0 0 0 0 0 0 0 0 47 0 0 0 13 19 0 0 0 45 0 0 14 0 0 15 0 28 0
P1370 2011 11 0 0 0 0 30 0 0 0 0 0 0 16 0 0 0 0 52 33 0 17 0 38 33 0 6 0 12 0 0 8 -999
P1370 2011 12 22 42 0 0 0 12 12 12 0 0 0 19 6 0 14 0 28 44 33 0 47 30 26 0 0 0 10 9 0 17 42
P1370 2012 1 76 16 4 0 0 0 0 14 0 0 0 0 0 0 0 0 0 1 2 12 0 0 0 0 0 0 23 37 47 0 0
P1370 2012 2 0 38 41 16 13 19 0 5 0 0 0 0 0 0 0 0 0 0 0 47 24 21 20 0 0 1 0 0 -999 -999 -999
P1370 2012 3 13 37 43 0 0 0 0 0 0 0 1 0 14 11 0 0 31 0 0 0 0 0 31 0 0 0 0 0 0 0 7
P1370 2012 4 0 0 0 0 0 0 0 7 2 0 0 0 0 35 49 0 31 0 0 0 0 0 15 43 0 29 0 71 40 23 -999
P1370 2012 5 0 30 0 18 14 0 0 16 22 0 0 0 0 26 19 15 0 0 0 0 0 0 0 18 22 0 0 7 0 0 0
P1370 2012 6 0 0 0 0 0 0 0 0 0 0 12 0 0 20 0 0 0 6 0 0 0 0 0 6 0 0 0 0 0 0 -999
P1370 2012 7 0 0 0 0 0 0 0 0 0 0 0 0 0 0 0 0 19 0 0 0 0 0 0 0 0 0 0 0 0 0 0
P1370 2012 8 0 0 0 0 0 0 0 0 0 0 0 0 0 0 8 0 0 0 0 0 0 0 0 0 0 0 0 0 0 0 8
P1370 2012 9 0 0 0 0 0 0 0 7 0 0 0 0 0 0 0 0 0 0 0 0 0 0 0 0 0 0 0 0 0 0 -999
P1370 2012 10 0 0 0 0 0 0 0 0 0 0 63 13 6 0 0 29 0 0 0 28 0 38 0 0 0 20 0 10 12 17 0
P1370 2012 11 16 28 26 0 0 0 0 0 0 0 0 0 0 0 0 0 0 0 74 38 20 0 0 0 17 0 0 42 61 0 -999
P1370 2012 12 11 0 0 25 74 168 87 0 0 31 0 32 71 92 65 34 31 0 0 0 21 25 6 0 6 0 0 0 0 13 0
P1370 2013 1 10 24 27 36 12 0 19 8 4 0 0 0 0 0 0 0 5 0 0 2 0 0 0 0 0 0 8 0 0 32 0
P1370 2013 2 0 0 0 0 0 0 0 5 8 0 0 0 57 45 13 9 0 94 80 52 42 47 53 47 40 0 0 0 -999 -999 -999
P1370 2013 3 0 0 57 42 17 0 0 0 0 122 130 154 67 18 0 48 45 0 48 28 37 96 56 62 50 0 0 67 57 0 59
P1370 2013 4 0 11 0 35 0 7 8 4 0 0 0 0 0 0 0 0 0 8 0 0 20 11 0 34 58 0 0 12 9 0 -999
P1370 2013 5 0 0 0 16 0 0 0 0 18 28 20 0 0 0 0 25 22 19 0 8 0 0 0 0 0 0 0 0 0 0 0
P1370 2013 6 0 0 0 29 14 0 0 0 0 0 0 28 0 0 6 0 10 0 0 0 0 0 0 0 0 0 18 0 18 0 -999
P1370 2013 7 0 0 0 0 0 0 15 0 0 0 0 0 0 0 0 0 0 0 0 0 0 0 0 0 0 0 0 0 0 0 0
P1370 2013 8 0 0 0 0 0 0 0 19 0 14 0 0 0 0 0 0 0 0 0 0 0 0 0 15 0 0 0 0 0 0 29
P1370 2013 9 15 0 0 0 0 0 0 0 0 0 0 0 0 0 0 0 0 0 0 0 0 0 7 0 0 0 0 0 0 0 -999
P1370 2013 10 0 0 0 0 0 0 0 0 0 29 0 0 17 7 0 0 0 0 0 0 0 0 0 0 2 0 0 8 0 0 0
P1370 2013 11 0 0 0 0 0 0 0 0 0 2 0 7 0 5 0 8 25 163 154 0 109 148 130 35 0 110 0 0 0 0 -999
P1370 2013 12 0 29 16 0 0 0 12 20 0 15 0 0 0 0 40 23 0 0 0 0 0 40 0 101 34 44 34 0 76 25 37
P1370 2014 1 0 0 0 0 25 34 0 0 0 0 8 0 0 19 37 0 0 0 0 0 21 0 0 0 41 66 114 121 151 101 0
P1370 2014 2 0 0 13 23 42 90 38 69 25 25 0 8 0 0 3 0 0 0 0 0 0 0 0 0 0 0 30 54 -999 -999 -999