precip	MIROC5	RCP60	REGRESION	decimas	1
P12307	41.350	-5.734	182	geo	2006	2100	-1
P12307 2006 1 0 7 0 0 0 0 0 0 8 0 0 65 113 23 46 62 51 43 23 0 0 10 14 0 0 0 14 0 24 25 6
P12307 2006 2 17 51 26 20 9 0 0 0 0 0 0 16 0 0 17 13 0 0 19 15 8 0 6 0 4 0 0 8 -999 -999 -999
P12307 2006 3 26 42 0 74 59 70 63 59 0 33 39 25 23 20 24 49 0 75 57 35 36 32 30 23 27 0 29 37 40 32 29
P12307 2006 4 19 33 25 26 17 0 10 0 0 0 0 0 0 8 0 12 13 0 0 3 0 0 0 0 22 0 0 25 0 17 -999
P12307 2006 5 0 19 18 26 22 35 17 11 0 0 0 13 0 19 15 0 0 0 16 13 0 4 0 0 0 0 0 0 19 0 0
P12307 2006 6 0 0 0 0 0 0 0 0 0 0 0 0 17 0 0 0 0 0 0 0 0 0 10 15 18 18 0 14 0 0 -999
P12307 2006 7 0 13 0 0 0 0 18 17 0 0 0 0 0 0 0 0 0 0 0 0 0 13 0 0 0 0 0 0 0 17 0
P12307 2006 8 13 0 0 0 0 0 0 0 0 0 0 0 0 0 13 0 0 0 0 0 0 0 0 0 0 11 8 0 0 20 13
P12307 2006 9 0 0 20 21 17 0 0 0 0 0 0 0 0 0 0 22 0 15 0 0 0 0 0 0 0 0 6 10 0 6 -999
P12307 2006 10 0 0 0 0 0 0 0 0 0 0 12 15 0 0 19 0 0 0 12 0 0 12 0 0 20 18 0 21 12 12 0
P12307 2006 11 0 9 0 0 0 0 0 0 12 0 0 0 0 0 0 0 5 0 3 10 0 11 0 0 10 6 0 0 0 0 -999
P12307 2006 12 0 0 0 0 0 0 11 0 53 29 0 20 20 21 52 54 0 0 0 0 0 38 66 33 38 34 26 26 35 24 14
P12307 2007 1 0 0 10 0 3 0 0 0 0 0 0 0 4 5 3 0 0 0 0 0 0 0 0 0 7 8 0 10 11 12 9
P12307 2007 2 0 9 12 10 0 0 16 0 101 0 19 0 7 0 8 0 0 0 0 0 20 0 0 23 0 31 33 19 -999 -999 -999
P12307 2007 3 0 0 0 38 41 0 0 0 10 8 0 0 29 50 21 0 21 13 0 29 18 13 0 0 0 0 0 0 0 1 0
P12307 2007 4 2 0 0 0 0 11 0 0 0 0 0 0 0 10 0 16 25 36 37 25 0 0 22 0 10 0 0 3 0 0 -999
P12307 2007 5 0 0 0 20 40 0 11 0 0 20 0 18 15 17 16 14 0 20 0 0 6 0 0 0 0 0 0 0 0 0 13
P12307 2007 6 0 0 0 0 0 0 0 6 0 0 0 0 0 0 0 0 8 0 0 0 7 0 20 13 0 0 0 16 0 0 -999
P12307 2007 7 13 0 0 0 0 0 0 0 0 20 0 0 0 0 0 0 20 14 0 18 17 0 8 0 0 0 17 0 0 0 0
P12307 2007 8 0 0 0 0 0 0 0 0 0 0 0 0 0 0 0 0 0 0 0 0 16 0 0 0 0 17 0 0 13 0 0
P12307 2007 9 0 0 0 0 0 0 0 0 12 0 0 0 0 0 0 0 0 0 0 0 0 10 11 0 0 0 12 0 0 0 -999
P12307 2007 10 0 15 12 0 0 0 0 0 0 16 13 19 31 33 15 0 0 47 12 0 0 34 42 0 0 0 27 0 9 0 8
P12307 2007 11 0 0 8 0 0 0 4 0 0 21 38 33 17 0 8 0 0 0 0 0 0 0 2 4 0 0 10 6 0 0 -999
P12307 2007 12 0 5 0 0 0 5 0 0 0 0 0 1 0 0 6 11 20 0 0 0 0 0 8 0 14 0 0 6 0 3 0
P12307 2008 1 0 0 18 21 0 0 1 0 0 0 4 0 0 0 0 0 0 0 0 20 42 41 0 12 0 58 50 29 29 39 57
P12307 2008 2 83 37 62 37 29 43 30 48 22 26 36 11 10 10 0 26 0 39 0 0 0 0 0 0 0 15 19 11 -999 -999 -999
P12307 2008 3 0 7 9 8 0 0 0 0 0 0 0 0 20 10 0 0 0 0 0 6 0 12 0 0 12 8 0 0 0 0 0
P12307 2008 4 0 0 10 14 0 0 3 0 0 0 0 0 0 0 34 32 20 14 0 9 8 0 0 0 0 0 0 0 0 0 -999
P12307 2008 5 0 0 0 0 0 0 6 0 0 20 35 0 0 0 0 12 0 0 18 25 18 22 31 10 7 9 0 0 0 0 11
P12307 2008 6 0 0 9 0 0 0 0 0 23 0 14 0 0 30 10 7 0 0 0 0 0 0 0 0 0 0 0 0 15 0 -999
P12307 2008 7 0 0 0 0 0 0 0 0 0 0 0 0 0 0 0 0 0 0 8 0 13 0 0 16 0 0 0 0 0 0 0
P12307 2008 8 0 12 0 0 0 0 0 0 0 0 0 0 0 0 0 0 0 0 0 0 0 0 0 0 0 0 0 6 0 0 0
P12307 2008 9 0 0 0 0 0 0 0 0 0 13 0 16 0 0 0 0 0 0 0 0 0 0 0 19 21 0 0 21 28 21 -999
P12307 2008 10 24 0 0 0 0 0 13 0 0 10 0 29 0 0 0 0 5 0 0 0 0 0 0 18 16 29 28 17 14 6 16
P12307 2008 11 0 4 19 0 0 0 0 0 5 0 0 0 0 0 0 0 17 26 12 8 0 0 0 0 0 3 0 0 0 2 -999
P12307 2008 12 0 0 0 0 0 0 3 0 0 0 0 0 7 0 4 0 0 5 5 4 0 0 8 10 23 19 0 0 0 0 0
P12307 2009 1 0 0 0 0 0 4 0 0 0 0 0 6 0 0 7 4 1 0 0 0 0 0 0 0 0 1 0 0 0 0 0
P12307 2009 2 0 4 5 6 0 0 2 0 1 3 0 0 0 3 0 0 0 0 0 3 0 1 0 0 0 2 3 10 -999 -999 -999
P12307 2009 3 26 30 26 0 10 7 10 27 16 0 0 0 0 0 14 20 0 41 0 19 0 0 0 19 0 37 31 46 46 35 0
P12307 2009 4 0 0 8 11 18 0 8 7 5 0 8 0 13 13 9 0 0 7 10 11 0 5 0 0 0 0 10 17 0 0 -999
P12307 2009 5 19 21 15 17 0 17 11 11 0 10 0 5 3 0 0 4 0 0 0 0 22 0 0 0 0 0 0 0 0 0 0
P12307 2009 6 10 0 0 13 0 16 14 0 0 0 4 0 0 0 20 0 10 0 0 0 0 0 0 0 0 0 13 0 0 0 -999
P12307 2009 7 0 0 0 0 0 0 0 0 0 0 17 19 19 10 10 0 0 0 15 16 0 0 0 0 0 0 10 0 0 0 28
P12307 2009 8 20 0 0 0 0 0 0 0 0 0 0 0 0 0 0 0 0 0 0 0 0 0 20 0 0 0 0 0 0 20 0
P12307 2009 9 0 0 0 0 4 0 9 0 0 0 21 12 0 0 0 0 0 0 0 0 0 21 0 12 0 0 0 0 0 0 -999
P12307 2009 10 0 5 0 0 0 0 0 0 0 0 0 0 0 0 0 0 0 14 0 0 10 7 18 31 0 0 0 6 0 0 8
P12307 2009 11 0 0 0 0 0 0 0 0 7 0 0 7 0 0 12 0 9 0 11 21 7 0 29 0 0 0 0 13 13 0 -999
P12307 2009 12 14 23 29 18 46 32 33 17 0 0 0 10 0 10 0 0 16 34 24 12 11 13 19 20 30 36 36 28 18 13 16
P12307 2010 1 0 0 30 54 28 0 6 0 11 8 0 7 11 5 10 0 11 0 11 17 0 0 0 0 6 6 5 6 0 0 10
P12307 2010 2 0 0 0 0 8 11 0 3 3 1 0 0 0 0 0 0 0 0 3 2 2 3 0 5 0 3 3 0 -999 -999 -999
P12307 2010 3 0 0 5 0 0 0 0 0 0 27 0 0 5 0 0 0 7 0 33 0 4 0 0 0 0 0 0 0 0 0 8
P12307 2010 4 12 0 0 0 0 18 0 31 0 22 16 13 10 15 35 18 0 0 0 16 0 11 0 12 12 5 0 0 16 12 -999
P12307 2010 5 7 0 14 18 15 9 6 0 0 0 0 0 0 9 0 0 12 18 0 0 0 0 7 0 0 28 22 0 13 9 0
P12307 2010 6 0 15 15 10 9 0 0 0 2 0 0 0 0 0 21 0 0 3 0 0 0 0 0 0 0 0 0 0 0 17 -999
P12307 2010 7 0 19 0 3 0 0 0 0 0 0 0 0 0 0 0 0 0 0 0 0 0 0 0 19 0 0 0 0 0 0 0
P12307 2010 8 0 0 0 0 0 0 0 0 0 0 0 0 0 0 0 0 0 0 0 0 0 0 0 0 20 0 0 0 0 0 0
P12307 2010 9 0 0 25 0 7 0 10 21 0 10 11 18 12 8 0 6 0 0 0 0 0 15 15 16 22 10 0 0 0 0 -999
P12307 2010 10 0 0 0 0 0 0 0 0 19 28 38 26 40 0 16 0 0 12 17 0 13 0 0 0 0 0 0 0 14 0 7
P12307 2010 11 0 5 11 0 7 0 0 0 0 7 0 0 0 0 0 5 11 0 7 0 0 0 0 5 8 7 0 0 0 0 -999
P12307 2010 12 0 0 0 6 7 8 8 0 0 0 0 13 25 17 0 0 8 7 0 0 0 0 0 0 0 0 0 0 0 0 1
P12307 2011 1 3 0 0 12 14 0 0 0 0 5 6 0 0 0 15 0 0 0 0 0 5 16 25 12 15 7 7 2 0 0 0
P12307 2011 2 0 0 0 24 29 32 24 12 5 0 0 13 0 0 12 0 0 0 0 0 0 26 14 0 0 0 0 24 -999 -999 -999
P12307 2011 3 0 16 11 0 8 0 0 0 0 0 0 0 14 0 23 40 26 17 12 16 15 26 46 0 28 12 27 0 8 0 0
P12307 2011 4 16 25 0 0 0 0 0 0 0 13 13 0 0 0 0 12 0 0 16 19 18 11 0 7 6 0 0 0 0 0 -999
P12307 2011 5 0 0 6 0 3 0 0 0 0 26 0 11 0 0 0 0 0 0 0 28 26 10 0 14 15 14 0 0 0 0 0
P12307 2011 6 9 0 0 0 0 0 0 0 0 19 0 0 0 14 0 0 0 0 0 0 0 0 0 0 12 0 14 0 0 0 -999
P12307 2011 7 0 0 0 0 0 0 0 0 0 0 0 0 0 0 0 0 0 0 0 0 0 16 0 0 0 0 6 11 0 0 0
P12307 2011 8 0 0 0 0 0 0 0 0 0 0 0 0 0 0 0 0 0 0 0 0 0 0 0 0 0 0 0 0 0 17 0
P12307 2011 9 0 0 9 0 0 0 0 0 0 25 0 0 0 0 4 0 0 0 0 0 0 0 0 0 0 9 0 7 0 0 -999
P12307 2011 10 0 0 0 6 0 0 0 9 10 0 0 12 16 0 0 14 10 14 6 0 13 0 0 0 10 0 10 0 0 0 12
P12307 2011 11 0 3 8 16 33 42 0 0 0 0 0 0 0 6 5 0 30 18 0 0 0 28 18 13 0 0 7 10 0 4 -999
P12307 2011 12 0 0 19 0 0 0 0 3 0 0 9 13 8 0 9 37 37 38 39 37 38 19 0 0 23 21 23 19 23 19 41
P12307 2012 1 33 0 3 0 3 3 2 0 0 0 0 0 0 0 0 1 0 1 0 2 0 0 0 0 0 0 5 9 0 0 0
P12307 2012 2 0 0 18 9 4 0 0 4 0 0 0 0 0 0 0 2 0 0 0 16 0 5 0 0 6 0 2 7 -999 -999 -999
P12307 2012 3 22 25 0 10 0 9 0 0 1 0 0 0 12 8 10 22 17 0 19 34 34 15 17 25 15 0 0 0 0 0 0
P12307 2012 4 0 0 0 0 0 0 0 14 0 3 3 0 12 43 32 21 15 0 0 0 5 6 0 0 0 0 26 29 23 21 -999
P12307 2012 5 0 0 0 9 0 0 0 10 15 15 13 0 19 26 21 15 14 0 8 7 9 0 0 0 19 15 10 0 0 0 0
P12307 2012 6 0 0 0 0 0 0 0 0 24 0 0 0 12 13 17 0 0 0 0 0 0 0 0 7 0 0 0 0 0 0 -999
P12307 2012 7 9 0 0 0 0 0 0 21 20 0 0 0 0 0 0 0 0 0 0 0 0 10 0 0 21 0 0 0 0 0 0
P12307 2012 8 0 0 12 0 0 0 0 0 0 0 0 0 0 0 0 0 0 0 0 10 0 0 0 0 0 0 0 0 8 0 8
P12307 2012 9 9 0 0 11 0 0 9 0 0 0 0 11 0 0 0 0 0 0 9 10 0 0 0 0 0 0 0 0 0 0 -999
P12307 2012 10 7 0 0 4 0 0 0 11 15 0 42 15 0 0 0 23 24 22 26 0 0 22 0 0 0 14 0 15 17 35 15
P12307 2012 11 32 33 27 12 13 17 6 0 9 29 22 0 0 4 0 0 0 31 43 0 0 6 0 0 0 0 0 20 28 12 -999
P12307 2012 12 0 0 0 0 0 50 44 41 11 0 16 10 0 38 29 0 0 12 0 0 14 0 7 18 10 0 0 0 11 10 29
P12307 2013 1 0 9 0 27 15 0 17 10 0 0 8 5 0 1 0 0 0 0 0 0 0 0 0 0 1 2 3 0 14 19 0
P12307 2013 2 0 0 0 0 0 0 4 6 10 0 0 0 24 51 20 0 0 43 52 0 33 42 33 45 0 0 0 5 -999 -999 -999
P12307 2013 3 0 13 0 16 8 0 15 0 0 40 70 64 0 18 22 31 0 24 27 19 0 0 33 23 24 0 0 25 30 32 40
P12307 2013 4 24 11 9 14 8 16 16 7 0 0 0 0 0 14 0 22 0 0 11 0 25 15 11 24 31 6 0 0 0 8 -999
P12307 2013 5 6 0 0 16 0 0 11 0 0 25 23 12 0 11 25 27 19 18 14 0 0 2 0 0 0 0 0 0 0 0 0
P12307 2013 6 15 0 0 19 0 12 0 28 30 35 0 0 0 0 0 0 0 0 13 11 0 0 0 13 0 24 30 27 27 16 -999
P12307 2013 7 0 0 0 0 0 20 17 0 0 0 0 0 0 0 0 0 15 0 8 0 0 0 0 0 0 0 0 0 0 0 0
P12307 2013 8 0 0 0 0 0 16 15 19 0 0 0 10 0 0 0 0 0 0 0 0 0 0 0 0 0 0 0 0 0 0 30
P12307 2013 9 24 13 0 0 0 0 0 0 0 0 21 11 0 0 0 0 0 16 0 0 0 0 0 0 0 0 0 0 0 0 -999
P12307 2013 10 0 0 0 0 0 4 0 0 14 22 16 0 0 0 8 0 0 0 0 0 0 5 0 0 2 0 3 0 0 5 0
P12307 2013 11 0 0 0 0 0 0 0 0 5 6 0 0 3 0 0 0 0 79 103 38 41 72 77 40 20 73 22 0 0 11 -999
P12307 2013 12 12 31 23 18 0 0 0 14 11 0 0 0 0 0 13 9 0 5 0 0 10 18 18 31 22 30 0 13 37 24 14
P12307 2014 1 17 0 0 0 20 20 0 23 9 0 14 13 0 21 18 10 0 0 0 0 0 0 0 0 14 20 37 0 59 38 23
P12307 2014 2 22 27 19 26 24 44 33 39 24 26 0 14 18 6 0 9 0 0 11 0 8 0 13 0 5 5 0 14 -999 -999 -999