precip	MIROC5	RCP60	REGRESION	decimas	1
P14958	42.150	-5.730	182	geo	2006	2100	-1
P14958 2006 1 0 8 0 0 8 17 0 0 0 0 17 71 117 20 53 61 48 37 23 0 0 11 14 0 10 0 11 0 0 25 0
P14958 2006 2 19 66 30 22 8 8 7 0 0 0 6 16 0 16 17 0 0 0 15 0 0 0 0 6 0 0 0 7 -999 -999 -999
P14958 2006 3 25 39 65 75 56 75 64 62 0 35 45 30 26 0 24 53 85 80 57 33 34 31 29 22 29 29 25 38 39 31 27
P14958 2006 4 0 29 0 25 16 0 0 0 0 0 0 6 11 0 0 13 0 0 0 0 0 2 0 0 24 28 43 28 0 0 -999
P14958 2006 5 16 18 0 26 20 34 0 12 0 0 0 11 19 18 15 11 12 8 0 0 0 0 0 8 0 6 0 0 0 0 0
P14958 2006 6 0 0 0 14 0 0 0 0 0 0 0 21 0 0 0 0 0 0 0 0 0 9 0 0 0 0 23 0 16 0 -999
P14958 2006 7 0 0 0 0 13 0 19 18 7 0 0 0 0 43 0 0 0 0 0 19 0 0 0 0 0 26 0 10 0 0 0
P14958 2006 8 0 0 0 0 0 0 0 11 0 0 0 0 0 0 0 0 0 0 0 17 0 0 0 0 0 0 0 0 0 0 0
P14958 2006 9 0 17 0 0 15 0 0 0 19 0 5 0 9 0 11 0 0 15 0 0 0 14 13 0 0 0 6 9 8 5 -999
P14958 2006 10 0 0 0 0 16 0 11 13 0 0 0 0 0 24 0 0 0 9 0 0 20 12 0 0 20 16 8 20 0 0 12
P14958 2006 11 16 0 0 15 0 0 37 21 13 0 0 0 0 0 5 0 0 0 3 10 0 12 0 23 0 7 0 0 0 0 -999
P14958 2006 12 0 0 0 0 0 0 13 50 68 0 0 0 23 23 58 0 0 4 0 0 18 43 71 0 39 0 26 26 36 25 0
P14958 2007 1 14 19 0 0 0 0 0 0 0 0 0 0 0 0 4 0 0 0 0 0 0 0 0 3 0 9 0 0 9 12 0
P14958 2007 2 0 0 8 0 0 6 16 60 115 55 0 14 0 7 8 0 14 22 0 0 23 21 0 27 45 38 38 0 -999 -999 -999
P14958 2007 3 16 23 21 45 46 19 0 0 0 0 13 18 32 50 19 14 22 12 13 33 19 0 0 0 0 0 0 4 0 0 0
P14958 2007 4 0 0 0 0 0 0 0 0 0 6 15 34 35 9 10 0 28 40 39 24 0 0 24 16 10 0 0 0 0 0 -999
P14958 2007 5 0 4 12 22 40 0 12 12 0 0 19 18 0 0 17 14 12 21 20 0 0 0 0 0 0 0 0 0 0 0 0
P14958 2007 6 0 13 0 0 0 0 0 7 0 9 0 0 0 16 0 0 0 0 0 8 0 0 0 0 0 0 0 0 0 15 -999
P14958 2007 7 14 15 0 0 15 0 0 8 22 0 26 28 0 9 0 26 0 0 18 0 0 0 0 0 20 0 0 0 0 0 0
P14958 2007 8 0 8 11 0 0 0 0 0 0 0 0 0 0 0 9 11 0 14 0 22 16 0 0 0 14 0 18 0 0 0 0
P14958 2007 9 0 0 0 4 0 0 0 0 0 0 0 19 0 0 0 0 0 6 8 0 0 11 13 18 16 13 0 14 0 0 -999
P14958 2007 10 0 0 12 0 0 0 0 0 0 17 13 0 30 32 0 0 0 53 12 9 0 36 44 28 10 0 23 0 8 3 0
P14958 2007 11 0 4 0 0 6 0 3 0 17 24 42 0 18 23 0 0 0 0 0 0 0 0 0 2 0 0 11 0 0 10 -999
P14958 2007 12 0 0 7 9 0 6 9 0 2 0 0 0 0 0 6 14 21 0 0 0 10 0 9 11 13 0 8 0 1 0 0
P14958 2008 1 6 0 17 19 8 0 1 3 6 0 0 0 11 0 15 15 0 0 14 0 37 35 13 11 23 54 44 27 27 38 56
P14958 2008 2 84 35 64 38 28 40 28 50 0 29 37 9 0 8 0 22 18 40 24 0 0 6 7 0 0 17 23 12 -999 -999 -999
P14958 2008 3 0 10 0 0 0 0 7 0 0 0 0 17 0 11 0 0 0 0 0 0 0 0 0 0 12 0 0 0 0 0 0
P14958 2008 4 0 4 0 15 0 0 0 0 0 0 0 0 20 27 41 38 22 16 0 0 0 7 0 0 0 0 0 0 0 0 -999
P14958 2008 5 0 0 0 0 0 0 0 0 0 20 37 16 0 23 14 0 0 0 0 26 0 23 32 8 0 9 0 8 0 0 11
P14958 2008 6 0 8 9 9 15 20 0 15 0 17 15 14 0 31 8 0 14 0 9 0 0 0 0 0 12 18 0 0 0 0 -999
P14958 2008 7 0 0 0 0 0 22 26 0 0 0 0 0 0 0 21 0 0 0 0 12 13 0 14 0 14 0 0 0 0 0 0
P14958 2008 8 21 0 6 0 0 0 0 0 0 0 0 10 0 0 0 0 0 0 0 0 0 0 0 0 0 0 7 0 0 0 7
P14958 2008 9 11 8 0 0 0 0 0 0 0 0 0 0 15 28 11 0 15 0 0 0 0 0 25 0 22 13 0 0 25 22 -999
P14958 2008 10 21 13 0 0 0 9 0 0 0 0 28 29 26 0 0 0 0 0 17 20 0 20 26 0 18 27 26 15 13 0 18
P14958 2008 11 9 0 19 0 0 0 3 0 4 0 12 0 0 0 0 9 0 21 0 0 0 0 0 0 0 0 0 0 0 0 -999
P14958 2008 12 0 0 0 0 0 2 0 0 5 0 0 0 0 0 0 3 0 4 0 4 0 0 0 0 21 0 0 0 8 0 0
P14958 2009 1 0 0 0 0 0 3 0 4 0 0 0 5 6 0 8 0 0 0 0 0 0 0 0 0 0 0 0 0 0 0 0
P14958 2009 2 0 0 4 6 5 0 0 0 0 2 0 0 0 0 0 1 0 0 0 0 0 0 0 0 2 0 0 6 -999 -999 -999
P14958 2009 3 26 34 28 14 0 0 8 23 0 6 0 0 6 0 0 18 38 35 23 15 0 0 27 18 20 36 32 47 46 35 14
P14958 2009 4 0 15 9 11 18 19 7 0 4 0 0 12 13 12 0 0 5 0 9 0 0 0 0 0 0 0 0 16 21 0 -999
P14958 2009 5 19 21 0 17 18 0 11 10 13 9 0 0 0 0 0 0 0 0 17 0 25 0 0 0 0 0 0 16 0 0 0
P14958 2009 6 0 0 0 0 0 17 15 0 14 8 4 0 0 22 0 0 11 0 4 0 0 0 0 17 0 0 0 0 0 22 -999
P14958 2009 7 0 0 0 0 0 0 0 0 0 0 0 0 20 0 0 9 0 0 0 17 0 0 0 0 0 0 0 0 0 0 30
P14958 2009 8 0 0 0 0 0 11 0 0 0 0 0 8 10 0 0 0 0 0 0 0 0 0 0 17 0 0 0 0 0 0 19
P14958 2009 9 26 0 2 2 0 0 0 18 27 0 23 14 10 0 0 0 0 0 0 0 0 0 0 0 0 0 0 0 0 10 -999
P14958 2009 10 0 0 0 0 0 0 0 0 0 0 0 0 13 0 0 17 0 0 0 0 10 7 0 28 0 0 0 8 0 0 0
P14958 2009 11 3 0 7 6 0 0 0 0 0 0 4 6 0 8 0 11 0 0 0 19 0 11 0 0 0 5 10 13 11 18 -999
P14958 2009 12 12 20 0 15 39 28 32 13 15 32 0 10 9 9 8 0 0 34 25 0 13 12 0 18 0 42 38 29 0 12 16
P14958 2010 1 16 16 33 65 0 0 0 7 12 0 0 9 0 0 11 12 10 0 11 16 0 0 0 0 0 0 0 0 0 0 12
P14958 2010 2 0 0 0 7 0 10 5 0 0 0 1 0 0 0 0 0 0 0 2 0 1 1 0 0 0 0 3 5 -999 -999 -999
P14958 2010 3 0 0 0 0 0 10 0 17 41 0 17 0 5 0 0 0 0 16 32 11 0 0 0 0 0 0 0 6 0 5 0
P14958 2010 4 0 15 21 0 0 0 0 37 28 22 16 0 0 0 0 20 0 0 0 17 0 0 0 9 0 6 0 0 0 11 -999
P14958 2010 5 0 0 14 19 0 10 6 0 0 0 0 14 0 0 0 16 13 0 0 0 0 0 0 0 0 0 0 0 0 0 0
P14958 2010 6 0 0 15 9 0 0 10 0 0 0 0 0 0 16 0 24 0 0 0 0 0 0 0 0 0 0 0 15 0 0 -999
P14958 2010 7 0 0 0 0 0 0 0 18 0 0 0 0 0 0 0 0 0 0 0 0 0 0 0 0 0 0 0 10 15 0 0
P14958 2010 8 0 0 0 17 0 0 0 0 0 0 0 0 0 0 0 0 0 13 0 0 0 0 0 0 0 0 0 0 0 0 17
P14958 2010 9 0 0 27 12 6 7 0 0 0 0 11 0 0 0 0 0 6 0 0 0 0 0 0 0 25 0 6 0 0 0 -999
P14958 2010 10 0 5 0 0 0 0 10 0 0 0 38 23 38 24 0 8 0 0 0 0 15 0 0 0 10 0 0 0 0 0 0
P14958 2010 11 0 0 10 7 0 0 0 5 0 0 0 0 0 0 0 5 0 0 0 0 7 0 4 0 0 0 0 0 0 0 -999
P14958 2010 12 0 0 3 5 0 0 7 6 0 0 0 14 24 0 0 0 0 0 0 0 0 0 0 0 2 0 0 0 0 0 0
P14958 2011 1 0 0 8 13 11 0 0 5 0 7 7 7 7 0 14 0 0 0 0 0 0 0 23 0 11 0 0 1 1 0 0
P14958 2011 2 10 0 0 22 29 33 24 11 4 1 0 11 5 6 0 0 4 8 10 11 17 0 0 0 0 0 13 0 -999 -999 -999
P14958 2011 3 0 17 15 0 10 0 0 5 0 0 16 21 16 15 0 37 25 13 10 13 13 26 42 101 23 12 30 62 0 0 0
P14958 2011 4 22 30 22 0 0 0 0 0 0 0 0 12 11 0 0 14 32 24 19 22 19 11 0 0 0 0 0 0 0 0 -999
P14958 2011 5 0 11 0 0 0 0 0 12 22 27 0 13 19 0 0 0 0 0 0 0 30 11 9 15 0 0 0 0 0 6 0
P14958 2011 6 0 0 0 0 7 0 15 0 0 0 0 0 0 0 0 0 0 0 0 0 0 0 9 0 0 15 0 0 0 0 -999
P14958 2011 7 9 0 0 0 0 0 0 0 0 0 0 0 0 0 0 0 0 0 13 0 0 17 0 0 8 0 0 0 16 0 0
P14958 2011 8 0 0 0 0 0 0 0 0 0 0 0 0 0 0 0 0 0 0 0 0 0 0 0 11 8 0 0 0 0 0 0
P14958 2011 9 0 0 9 0 0 0 0 17 23 0 0 0 0 6 0 0 0 0 0 0 0 0 8 0 9 0 6 0 10 14 -999
P14958 2011 10 0 0 0 0 0 0 0 0 12 13 13 0 0 0 0 0 0 0 0 0 0 0 19 16 0 0 9 8 0 16 14
P14958 2011 11 5 0 6 11 29 41 0 0 0 0 3 0 15 7 6 14 33 22 0 5 9 0 0 0 9 0 0 0 6 0 -999
P14958 2011 12 7 22 18 0 0 0 0 0 0 0 0 0 6 0 0 35 34 33 35 36 35 15 20 0 0 19 19 13 17 15 37
P14958 2012 1 27 0 0 2 0 0 0 0 0 0 0 0 0 0 0 0 0 0 0 0 0 0 0 0 0 0 6 0 10 0 2
P14958 2012 2 0 12 18 9 0 0 7 0 0 0 0 0 0 0 0 0 0 12 22 0 10 0 0 0 5 0 0 5 -999 -999 -999
P14958 2012 3 20 0 20 0 0 0 0 0 0 0 0 4 0 7 0 23 0 16 22 40 39 16 0 28 14 0 0 0 20 9 0
P14958 2012 4 0 6 0 0 0 0 0 12 0 0 0 0 12 49 31 21 0 0 0 6 0 0 10 28 0 16 28 32 0 0 -999
P14958 2012 5 0 0 0 0 0 0 0 13 0 0 14 18 20 0 0 15 15 14 0 0 9 0 0 8 19 0 0 0 0 5 0
P14958 2012 6 0 0 0 4 0 0 0 0 0 0 0 0 0 0 18 0 0 0 0 0 12 0 0 0 0 0 0 0 0 6 -999
P14958 2012 7 0 0 0 0 0 0 0 0 0 20 0 0 0 0 11 0 0 20 0 0 0 0 0 0 0 0 0 0 0 0 0
P14958 2012 8 0 0 0 0 14 0 13 0 0 0 0 0 0 11 10 11 0 12 0 0 0 0 0 0 0 13 12 0 0 0 8
P14958 2012 9 0 0 0 0 0 0 0 0 0 0 0 0 12 0 9 14 0 0 0 0 0 0 0 0 0 0 0 0 0 0 -999
P14958 2012 10 8 0 0 0 0 0 0 0 0 28 45 14 0 0 22 22 26 0 27 0 0 0 14 0 0 15 27 12 17 29 10
P14958 2012 11 28 0 27 12 12 14 0 8 7 24 19 0 0 0 0 0 0 31 43 35 16 0 4 0 9 8 0 0 28 12 -999
P14958 2012 12 0 0 0 13 0 63 48 43 11 0 0 12 23 38 26 0 21 0 10 0 14 13 7 15 6 0 0 0 0 0 30
P14958 2013 1 13 10 17 25 10 5 15 0 5 0 6 5 0 0 0 0 0 0 0 0 0 0 0 0 0 0 0 0 0 15 4
P14958 2013 2 1 0 0 0 0 4 0 0 0 0 0 0 0 56 0 8 12 47 0 38 30 41 0 41 14 0 0 7 -999 -999 -999
P14958 2013 3 17 0 17 0 0 0 0 34 27 44 75 68 47 17 23 35 0 24 27 18 17 0 36 26 26 0 0 28 33 36 44
P14958 2013 4 27 0 0 0 0 14 13 5 0 0 0 0 0 0 0 24 0 11 10 12 23 13 11 25 30 0 0 0 0 9 -999
P14958 2013 5 0 0 0 0 0 4 10 24 0 24 22 0 7 12 0 0 20 0 14 0 0 0 0 0 0 0 0 0 0 0 0
P14958 2013 6 0 0 0 0 14 0 0 0 33 37 0 0 0 0 0 9 0 13 0 0 12 0 0 0 0 0 37 32 29 16 -999
P14958 2013 7 10 0 0 0 17 20 17 0 0 0 0 0 0 18 0 0 0 0 0 0 0 0 0 0 0 0 0 0 0 0 0
P14958 2013 8 0 0 0 0 0 0 16 20 20 0 0 0 0 0 11 0 0 0 0 6 0 0 0 0 0 0 0 0 0 0 30
P14958 2013 9 0 12 0 0 0 11 8 0 0 0 0 0 0 0 0 0 0 17 0 16 0 14 0 0 0 0 0 0 0 0 -999
P14958 2013 10 0 0 0 10 0 0 12 0 0 0 0 0 0 0 0 12 14 0 0 0 0 3 0 0 0 0 0 0 0 0 0
P14958 2013 11 0 0 0 0 0 0 0 0 0 5 6 0 0 0 0 0 0 90 111 0 39 0 80 0 22 68 20 15 7 9 -999
P14958 2013 12 9 27 18 15 0 0 0 18 14 0 0 18 0 0 12 8 0 0 0 0 13 21 19 36 26 31 13 16 46 28 16
P14958 2014 1 19 0 6 16 0 21 12 23 9 0 0 11 0 19 16 9 0 0 0 0 4 0 0 0 18 23 44 52 71 0 23
P14958 2014 2 25 24 18 21 0 44 32 37 23 20 7 13 13 0 0 7 0 0 0 0 0 9 0 0 0 0 0 15 -999 -999 -999