precip	MIROC5	RCP60	REGRESION	decimas	1
P12675	41.363	-1.468	182	geo	2006	2100	-1
P12675 2006 1 0 0 0 0 0 0 0 0 0 0 0 23 55 48 14 23 22 23 29 14 6 4 13 13 3 4 0 11 0 18 10
P12675 2006 2 0 17 0 7 0 0 0 1 0 0 0 10 16 22 0 32 14 0 6 19 27 19 0 14 0 5 6 6 -999 -999 -999
P12675 2006 3 0 23 30 0 38 37 43 51 38 26 43 42 0 22 19 25 36 37 0 15 19 0 17 13 20 13 10 17 28 0 39
P12675 2006 4 21 0 14 0 0 0 0 36 29 0 2 5 0 0 0 0 0 0 12 0 0 0 0 10 15 23 40 49 46 35 -999
P12675 2006 5 26 23 19 18 0 26 21 0 8 0 0 8 17 26 0 10 16 0 12 12 0 5 0 9 0 0 0 14 16 0 13
P12675 2006 6 0 0 0 13 0 12 0 0 20 0 0 0 17 0 14 16 0 0 17 15 14 12 0 0 0 0 18 0 17 24 -999
P12675 2006 7 0 0 0 0 0 0 0 25 0 0 0 0 19 0 0 0 0 0 14 23 0 19 0 21 0 0 0 0 0 0 0
P12675 2006 8 0 0 12 0 0 0 27 0 13 0 0 0 0 20 19 0 0 0 0 18 0 0 0 0 0 15 11 0 0 0 0
P12675 2006 9 14 0 0 0 0 0 11 11 0 0 0 0 0 0 8 0 0 25 0 0 0 0 0 0 22 12 8 0 0 0 -999
P12675 2006 10 7 0 0 0 0 0 0 0 0 13 0 16 19 24 26 25 13 7 8 8 11 0 6 0 0 0 0 0 9 5 6
P12675 2006 11 0 12 0 0 0 8 0 0 0 5 0 0 3 0 0 0 4 0 0 5 0 23 19 38 20 0 4 3 0 0 -999
P12675 2006 12 0 0 0 0 5 0 0 16 0 16 0 22 25 18 0 21 20 0 0 0 0 15 28 33 0 0 0 8 0 0 6
P12675 2007 1 0 6 0 0 0 0 0 0 2 0 3 0 0 0 0 0 0 0 0 0 15 0 0 0 24 0 24 18 23 16 0
P12675 2007 2 0 0 13 26 20 17 0 38 76 56 29 19 19 0 11 0 0 0 0 17 0 0 0 0 19 12 14 20 -999 -999 -999
P12675 2007 3 18 16 0 17 0 24 0 0 12 9 12 37 51 36 25 16 0 7 0 0 0 0 0 10 0 0 0 0 0 6 0
P12675 2007 4 0 0 5 10 0 15 13 6 3 4 8 0 27 0 11 10 0 26 23 0 24 34 0 24 20 21 0 13 0 0 -999
P12675 2007 5 4 0 0 0 0 19 19 11 0 0 0 23 33 31 0 13 0 21 0 0 14 6 0 0 0 0 0 0 0 13 20
P12675 2007 6 28 0 0 22 23 0 0 16 10 0 12 0 29 0 0 0 0 12 14 0 0 0 0 0 0 0 0 23 0 25 -999
P12675 2007 7 20 0 21 0 23 17 20 12 17 27 29 0 23 0 0 17 29 29 0 21 0 21 0 0 0 19 0 0 0 0 15
P12675 2007 8 0 15 15 0 0 0 0 0 0 0 0 0 0 0 0 13 0 17 0 0 0 0 5 0 0 0 18 19 23 0 9
P12675 2007 9 6 7 10 0 8 0 0 0 0 13 0 14 0 0 0 0 10 0 6 6 0 0 0 0 0 0 0 0 0 6 -999
P12675 2007 10 0 0 0 0 7 0 0 11 15 0 21 23 0 0 0 0 0 0 10 0 11 0 17 0 0 6 11 14 6 0 6
P12675 2007 11 8 6 0 4 0 9 7 0 0 9 10 0 0 7 10 7 0 3 0 0 0 0 7 7 9 6 12 19 19 21 -999
P12675 2007 12 14 8 0 17 22 25 0 10 0 0 0 4 5 4 0 10 14 16 13 10 0 0 5 5 0 0 0 0 8 5 6
P12675 2008 1 0 0 0 24 15 3 1 0 0 0 0 0 0 12 0 0 10 4 0 13 19 19 16 8 0 0 20 19 12 16 19
P12675 2008 2 31 0 15 17 0 11 15 19 0 22 0 0 5 6 8 0 0 22 0 17 0 0 8 0 20 24 0 0 -999 -999 -999
P12675 2008 3 0 15 0 7 0 0 0 0 0 0 0 0 0 0 0 0 0 0 0 0 0 5 0 0 0 7 6 0 0 0 5
P12675 2008 4 0 0 12 19 0 0 0 3 0 7 0 0 0 0 24 27 23 22 17 0 0 7 0 6 0 4 4 8 18 0 -999
P12675 2008 5 0 14 12 0 18 30 22 13 12 20 0 12 14 0 17 22 18 11 0 0 35 0 23 0 16 0 17 0 0 0 0
P12675 2008 6 19 0 0 0 14 0 13 11 0 0 0 0 17 24 17 0 0 17 0 0 0 0 0 0 0 0 0 0 0 18 -999
P12675 2008 7 0 0 0 0 0 16 0 0 0 0 0 19 19 32 0 0 0 0 0 0 0 0 0 0 0 0 0 0 0 0 0
P12675 2008 8 0 0 0 0 0 0 0 0 0 22 17 0 0 0 0 0 0 0 12 0 0 18 0 0 0 19 22 0 0 0 0
P12675 2008 9 8 0 0 0 19 0 12 0 0 16 0 0 0 0 0 0 0 0 0 15 0 0 0 15 16 16 0 11 0 22 -999
P12675 2008 10 14 0 9 12 13 0 0 21 10 9 19 23 20 19 0 0 13 0 12 0 15 0 11 0 0 14 22 15 0 16 0
P12675 2008 11 16 18 26 0 0 0 8 7 0 0 17 19 8 0 0 0 0 5 0 2 0 3 0 0 0 0 0 0 0 0 -999
P12675 2008 12 4 0 0 0 0 7 0 6 9 0 23 12 8 14 12 0 0 6 0 3 2 0 0 3 0 7 6 7 0 0 0
P12675 2009 1 4 0 0 4 9 10 0 0 0 0 0 15 0 12 11 10 0 0 0 0 0 0 0 0 0 0 0 0 0 5 0
P12675 2009 2 6 11 9 12 0 10 14 0 0 0 0 0 0 0 0 0 0 0 0 4 4 0 0 0 0 0 0 21 -999 -999 -999
P12675 2009 3 39 47 34 18 10 0 7 15 39 33 19 0 12 0 31 20 15 13 8 9 0 0 0 14 14 28 22 37 0 29 0
P12675 2009 4 0 40 50 21 21 0 33 14 11 0 9 21 0 21 0 0 0 0 10 0 30 23 12 0 10 0 0 0 0 24 -999
P12675 2009 5 34 0 16 17 0 0 0 0 18 31 34 16 0 0 0 0 0 0 0 0 0 38 0 0 20 0 0 0 0 16 15
P12675 2009 6 0 0 0 17 0 23 21 0 0 16 0 0 0 15 0 29 0 17 0 0 0 0 0 0 0 0 0 0 0 0 -999
P12675 2009 7 21 0 0 19 21 0 0 0 0 0 26 0 23 19 15 0 10 12 16 0 19 0 0 21 0 0 0 0 0 0 0
P12675 2009 8 0 0 0 0 0 14 0 0 0 23 0 13 0 0 0 0 0 0 0 0 0 0 0 0 0 15 0 13 18 21 0
P12675 2009 9 24 0 0 0 0 7 0 11 0 15 0 20 0 12 0 0 0 0 0 17 0 26 0 17 9 0 0 9 0 0 -999
P12675 2009 10 0 14 0 0 0 0 0 0 0 0 16 17 0 0 0 0 0 0 0 19 14 9 0 9 10 0 0 0 0 0 8
P12675 2009 11 0 0 0 0 0 0 9 9 0 0 0 3 0 3 0 0 15 0 5 7 7 0 0 12 10 20 0 9 8 10 -999
P12675 2009 12 0 4 0 0 8 23 42 29 19 27 29 8 4 0 0 6 6 0 14 15 9 7 6 0 0 0 15 12 0 0 0
P12675 2010 1 5 0 0 28 25 19 11 0 6 0 0 0 0 7 7 13 0 3 0 0 7 0 0 0 0 0 0 0 0 8 0
P12675 2010 2 0 0 0 0 0 22 22 16 0 0 8 0 0 0 7 0 0 0 0 10 0 0 8 0 7 0 6 0 -999 -999 -999
P12675 2010 3 3 0 0 6 10 18 27 24 25 22 0 0 0 9 7 0 0 10 0 0 23 0 0 0 5 0 0 0 0 5 0
P12675 2010 4 9 0 15 0 16 13 17 27 24 23 0 29 34 0 33 44 28 0 0 14 23 0 16 10 33 0 9 12 29 30 -999
P12675 2010 5 21 15 20 27 25 18 0 12 0 0 22 29 21 0 24 28 24 0 0 0 11 0 0 0 18 0 31 0 0 16 15
P12675 2010 6 20 23 22 15 13 14 0 10 0 0 0 21 0 0 0 25 15 0 0 0 0 0 0 0 0 18 0 0 0 0 -999
P12675 2010 7 20 0 0 0 0 19 0 17 0 0 20 0 0 0 0 0 16 0 0 0 0 0 0 0 0 20 0 0 0 0 0
P12675 2010 8 0 24 0 0 0 0 0 0 0 0 0 0 0 0 0 0 0 21 16 0 0 0 14 19 0 19 0 0 0 0 0
P12675 2010 9 0 10 0 0 10 0 0 15 0 0 0 22 31 23 17 0 0 13 15 0 12 0 13 0 0 0 10 0 0 0 -999
P12675 2010 10 0 0 5 0 0 0 0 0 0 0 18 0 16 20 11 11 11 0 10 0 19 25 27 0 7 0 0 0 7 10 5
P12675 2010 11 6 4 0 0 0 0 0 0 0 0 0 0 0 0 9 9 0 5 0 5 0 0 0 0 0 0 0 0 0 0 -999
P12675 2010 12 0 8 0 0 0 11 11 6 0 0 5 5 12 27 17 3 0 5 0 0 4 0 0 0 4 4 0 0 0 0 0
P12675 2011 1 0 3 4 4 5 0 0 3 0 0 0 0 3 0 0 4 2 0 0 0 12 13 31 18 6 3 3 0 3 0 4
P12675 2011 2 0 4 5 7 0 0 0 2 0 0 0 0 6 0 6 6 4 0 0 5 0 14 12 0 0 0 10 24 -999 -999 -999
P12675 2011 3 26 17 13 0 0 0 0 0 5 10 13 18 0 17 24 46 79 30 17 17 20 23 21 33 0 11 0 0 0 0 0
P12675 2011 4 0 0 17 16 13 0 11 0 18 23 0 21 25 25 11 0 27 30 27 24 0 14 0 0 6 0 0 0 0 0 -999
P12675 2011 5 0 16 12 0 0 0 0 0 0 28 13 10 0 0 0 14 0 8 0 18 25 0 10 0 17 0 26 25 0 0 21
P12675 2011 6 0 0 0 0 0 0 0 12 17 0 0 0 0 26 23 0 0 0 0 10 0 19 0 22 0 0 25 0 0 0 -999
P12675 2011 7 0 0 8 15 0 0 0 9 0 6 0 0 0 22 22 0 0 0 13 0 26 0 0 0 0 0 0 0 0 0 0
P12675 2011 8 0 0 0 0 0 0 0 0 0 0 17 0 0 0 0 0 0 0 0 18 0 14 13 0 0 0 0 0 18 21 27
P12675 2011 9 0 0 0 15 0 13 9 0 0 33 18 0 8 0 0 0 3 0 0 7 0 0 0 0 0 7 0 0 0 14 -999
P12675 2011 10 0 16 0 13 10 0 0 0 0 0 0 13 0 0 0 0 0 0 0 9 0 0 16 14 14 7 0 10 21 29 0
P12675 2011 11 21 15 0 13 24 26 56 0 0 0 0 8 0 0 0 0 16 15 5 0 5 26 39 36 23 0 0 0 0 3 -999
P12675 2011 12 0 0 0 27 13 7 6 0 0 0 0 9 11 4 0 10 16 14 20 21 0 14 15 0 9 0 10 6 5 0 0
P12675 2012 1 20 30 7 1 0 0 0 0 0 0 0 0 0 0 0 3 9 11 11 0 0 0 3 0 0 0 0 5 0 9 7
P12675 2012 2 3 0 28 25 6 0 0 0 0 0 0 0 3 0 0 0 0 0 0 16 22 11 0 0 10 0 0 9 -999 -999 -999
P12675 2012 3 18 37 38 36 25 0 0 0 0 0 0 0 9 10 6 14 23 21 17 0 0 19 13 0 13 0 5 0 0 0 0
P12675 2012 4 0 9 0 0 0 0 20 17 0 11 0 16 27 44 31 25 29 26 25 0 0 14 13 21 29 31 31 25 18 21 -999
P12675 2012 5 0 24 0 19 10 0 0 30 23 17 17 22 27 26 0 18 14 14 0 16 14 16 0 13 26 0 0 16 10 0 8
P12675 2012 6 9 12 0 0 0 0 0 0 30 0 23 23 23 27 28 0 0 0 0 0 22 0 0 0 0 0 0 0 0 0 -999
P12675 2012 7 0 0 0 0 0 0 0 0 0 0 0 27 0 16 15 0 0 0 0 20 19 18 19 0 0 0 0 0 0 0 19
P12675 2012 8 0 0 0 0 0 0 0 0 0 0 0 0 0 0 17 17 0 15 0 10 0 0 12 0 0 0 0 0 0 0 0
P12675 2012 9 0 0 14 0 13 0 0 13 9 0 0 0 0 0 0 0 0 0 11 0 0 0 0 0 20 0 0 0 18 0 -999
P12675 2012 10 0 0 0 0 7 0 0 12 0 16 0 0 0 0 0 12 0 0 0 8 0 0 22 0 0 12 0 11 7 0 16
P12675 2012 11 0 25 29 28 8 5 3 3 5 9 21 0 0 0 0 0 0 12 20 21 0 0 5 0 0 5 9 14 16 19 -999
P12675 2012 12 0 0 0 0 9 22 27 15 0 0 9 5 9 29 26 0 26 25 11 0 0 7 0 4 0 0 0 0 0 0 32
P12675 2013 1 28 14 10 14 11 6 4 5 0 0 2 0 0 0 0 0 0 0 7 3 2 0 0 0 0 0 0 0 0 5 7
P12675 2013 2 0 0 0 3 2 0 2 0 0 0 2 4 11 32 28 13 9 14 23 20 22 21 16 29 22 0 0 2 -999 -999 -999
P12675 2013 3 3 0 0 0 0 0 0 29 27 21 34 30 31 20 9 14 18 17 14 14 0 25 0 14 14 0 19 0 0 42 45
P12675 2013 4 0 0 0 0 0 0 18 8 0 0 4 7 0 0 0 19 0 10 13 0 20 20 15 0 35 24 0 0 0 0 -999
P12675 2013 5 0 11 11 14 0 9 0 25 25 27 28 23 14 0 20 32 0 21 17 0 13 4 0 0 13 0 0 0 0 0 0
P12675 2013 6 0 0 24 18 18 0 0 28 36 32 0 0 27 0 16 0 0 17 14 0 0 0 15 0 19 29 0 23 22 24 -999
P12675 2013 7 18 16 15 0 0 22 28 0 0 0 0 0 0 14 0 0 0 0 0 14 0 0 0 20 19 0 0 16 0 0 0
P12675 2013 8 17 0 0 32 32 29 25 25 0 0 20 19 0 0 0 24 0 0 0 0 0 13 18 22 18 0 0 0 25 23 25
P12675 2013 9 0 0 24 0 0 9 11 0 0 0 0 0 0 0 0 11 11 12 17 0 0 27 12 0 0 0 0 0 5 0 -999
P12675 2013 10 0 0 0 0 0 5 0 9 0 0 0 14 0 0 12 14 22 0 0 0 0 0 0 0 8 0 0 0 0 0 0
P12675 2013 11 4 0 2 0 0 0 0 0 9 10 18 13 0 0 8 9 10 0 72 58 19 23 0 38 29 17 24 0 11 6 -999
P12675 2013 12 7 17 0 17 0 0 0 0 0 5 0 0 0 5 0 0 0 0 0 0 0 0 0 8 7 8 0 12 0 19 12
P12675 2014 1 9 0 0 0 0 0 6 0 10 0 4 0 4 0 0 0 0 0 0 0 0 0 0 0 0 12 17 27 62 59 28
P12675 2014 2 16 0 14 0 0 0 13 24 17 19 7 0 7 5 0 0 5 0 15 0 0 5 0 0 0 0 0 19 -999 -999 -999