precip	MIROC5	RCP60	REGRESION	decimas	1
P1393	37.399	-5.560	182	geo	2006	2100	-1
P1393 2006 1 0 9 0 0 0 0 0 16 0 0 21 147 175 0 64 143 113 103 90 14 6 0 21 10 0 0 0 0 29 39 0
P1393 2006 2 0 93 27 0 0 0 0 0 0 0 0 26 51 0 0 16 0 0 21 40 10 0 9 7 0 3 0 13 -999 -999 -999
P1393 2006 3 52 70 108 141 115 120 0 0 0 77 95 0 25 0 36 78 179 188 103 48 74 50 45 27 0 40 0 0 81 49 85
P1393 2006 4 21 42 0 0 0 14 0 73 0 0 0 0 0 0 7 0 0 0 0 3 0 0 0 0 0 0 54 0 36 0 -999
P1393 2006 5 0 27 26 39 37 60 0 0 0 0 0 0 0 0 0 0 0 10 16 0 5 0 0 0 0 0 0 0 22 0 0
P1393 2006 6 0 0 0 0 0 0 0 0 0 0 0 0 13 0 0 0 0 0 0 0 0 0 0 0 0 0 0 0 0 21 -999
P1393 2006 7 0 0 0 0 0 0 0 0 0 0 0 8 0 0 0 0 0 0 0 0 0 0 0 0 0 0 0 0 0 0 0
P1393 2006 8 0 0 0 0 0 0 0 0 0 0 0 0 0 0 0 0 0 0 0 0 0 0 10 0 0 0 0 0 0 0 17
P1393 2006 9 0 0 0 0 0 0 0 0 0 0 0 0 0 0 0 0 24 0 0 0 0 0 0 0 0 0 0 0 9 0 -999
P1393 2006 10 0 1 0 0 0 0 0 0 0 0 37 0 0 0 0 18 0 0 12 0 0 0 0 0 0 0 0 0 0 0 0
P1393 2006 11 0 28 0 0 0 0 0 0 0 0 0 0 0 0 0 0 0 0 0 12 22 0 33 45 14 0 0 0 0 0 -999
P1393 2006 12 0 0 0 0 0 0 0 108 86 64 37 0 48 29 90 143 24 2 0 0 18 48 129 59 60 63 50 41 0 0 18
P1393 2007 1 28 0 7 0 0 0 0 0 0 0 0 0 0 0 0 0 0 0 9 0 7 0 0 0 16 0 8 0 14 18 16
P1393 2007 2 0 0 0 15 8 9 34 126 225 156 26 0 0 0 0 8 30 59 34 26 0 0 36 0 30 38 36 0 -999 -999 -999
P1393 2007 3 0 0 0 75 74 0 0 0 0 0 0 48 46 63 30 0 18 0 0 0 20 0 0 0 0 8 0 0 0 0 0
P1393 2007 4 1 0 0 0 9 14 0 0 0 0 0 0 0 0 0 0 0 0 56 0 43 20 26 44 0 0 1 0 0 0 -999
P1393 2007 5 0 0 0 0 71 0 0 9 0 0 0 0 23 30 0 0 0 28 28 20 0 0 0 0 0 0 0 6 0 0 0
P1393 2007 6 30 15 0 0 0 0 19 0 0 9 0 0 0 0 0 0 0 4 0 0 0 0 0 0 11 0 14 0 0 0 -999
P1393 2007 7 0 0 0 0 0 0 0 0 20 0 0 0 0 0 0 0 0 0 0 0 0 0 0 0 0 0 0 0 0 0 0
P1393 2007 8 0 0 0 0 0 0 0 0 0 0 0 0 0 0 0 0 0 0 0 0 0 0 0 0 0 20 0 0 0 0 0
P1393 2007 9 0 0 0 0 0 0 0 0 0 0 0 0 0 0 40 0 0 0 0 0 0 0 0 0 0 0 0 0 0 0 -999
P1393 2007 10 0 0 0 0 0 0 0 0 0 0 0 19 0 0 0 0 0 58 10 0 0 0 49 0 0 14 30 0 0 0 0
P1393 2007 11 0 2 8 0 0 0 0 0 27 0 0 38 0 18 0 0 0 0 0 0 0 0 0 0 0 0 28 0 0 0 -999
P1393 2007 12 0 8 15 18 14 0 22 0 0 1 0 0 0 0 0 0 47 38 0 7 12 0 14 15 14 0 0 18 1 7 0
P1393 2008 1 0 0 13 39 15 1 0 0 0 0 0 0 0 37 50 59 0 0 24 31 106 105 0 0 0 0 181 83 60 78 108
P1393 2008 2 211 48 108 44 35 52 57 97 18 38 89 20 0 0 0 0 57 65 0 101 0 16 16 0 30 28 29 26 -999 -999 -999
P1393 2008 3 0 0 0 0 0 0 0 0 0 0 0 0 0 0 0 0 0 0 0 0 0 9 0 0 0 0 5 0 0 1 0
P1393 2008 4 0 0 0 0 0 0 0 0 0 0 0 0 0 0 67 45 33 0 0 6 0 0 0 0 0 0 0 0 0 0 -999
P1393 2008 5 0 11 0 8 16 0 0 0 0 0 47 0 26 0 22 0 0 0 0 42 36 41 60 0 0 0 8 0 0 23 0
P1393 2008 6 0 0 14 0 0 22 0 11 0 0 0 0 0 43 14 0 0 0 0 0 0 0 0 0 0 0 0 0 13 0 -999
P1393 2008 7 0 0 0 0 0 0 0 0 0 0 0 0 0 0 0 0 0 0 0 0 0 0 0 0 0 0 0 0 0 0 0
P1393 2008 8 0 0 0 0 0 0 0 0 0 0 0 0 0 0 0 0 0 0 0 0 0 0 0 4 0 0 0 0 0 0 0
P1393 2008 9 0 0 0 0 0 0 0 0 0 0 0 29 0 0 0 0 0 0 0 0 0 0 0 0 0 14 0 0 35 0 -999
P1393 2008 10 0 0 0 0 0 0 12 0 0 0 0 0 0 14 0 0 0 0 0 0 0 0 0 0 19 32 39 24 0 0 12
P1393 2008 11 17 3 23 0 0 2 0 0 0 0 0 0 0 0 0 0 0 33 0 0 0 0 0 0 0 0 0 0 0 0 -999
P1393 2008 12 2 0 0 0 0 0 5 0 0 25 30 0 0 19 6 3 10 0 0 2 0 10 0 0 22 33 28 26 0 0 0
P1393 2009 1 0 0 0 0 0 0 0 0 0 0 0 0 10 11 18 0 0 0 0 0 0 0 0 0 0 0 0 8 0 0 0
P1393 2009 2 0 0 0 0 8 0 0 0 0 0 0 0 0 0 0 0 0 0 0 0 0 0 0 0 0 0 0 0 -999 -999 -999
P1393 2009 3 41 55 60 32 28 0 12 58 61 0 15 15 0 0 0 0 70 0 0 0 0 0 0 0 25 79 72 93 106 62 0
P1393 2009 4 36 89 0 19 36 60 10 10 0 0 12 22 23 0 0 0 0 0 0 12 0 11 7 0 3 3 0 22 0 0 -999
P1393 2009 5 34 42 20 0 25 0 22 21 31 0 0 0 4 0 0 0 0 0 0 0 0 33 0 0 0 0 0 8 0 0 0
P1393 2009 6 0 0 0 0 0 17 0 0 0 0 0 0 0 0 0 0 0 0 0 0 0 0 0 0 0 0 0 0 0 0 -999
P1393 2009 7 0 0 0 0 0 0 0 0 0 0 0 0 0 0 0 0 0 0 0 0 0 0 0 0 0 0 0 0 0 0 0
P1393 2009 8 0 0 0 0 0 0 0 0 0 0 0 0 0 0 0 0 0 0 0 0 0 0 0 23 0 0 0 0 0 26 0
P1393 2009 9 27 0 3 0 0 0 0 0 0 0 0 0 11 0 0 0 0 0 0 0 0 0 0 0 8 0 0 0 0 0 -999
P1393 2009 10 0 0 0 1 0 0 0 0 0 0 0 17 0 17 20 28 27 0 15 14 18 0 0 45 20 10 0 0 0 0 0
P1393 2009 11 0 0 0 0 0 0 0 0 0 0 3 4 0 0 0 0 24 0 13 0 10 23 61 53 0 6 0 0 0 29 -999
P1393 2009 12 15 0 41 23 50 54 95 19 30 77 54 0 0 0 0 0 0 42 0 15 8 10 13 0 32 51 78 72 22 0 0
P1393 2010 1 0 0 0 106 52 0 0 13 25 0 0 0 0 0 0 14 0 0 0 25 27 7 0 0 0 0 0 0 0 0 0
P1393 2010 2 16 0 0 0 0 0 0 0 0 0 0 0 0 0 0 1 0 2 0 0 0 0 0 6 1 0 0 8 -999 -999 -999
P1393 2010 3 0 0 0 7 0 24 0 41 89 68 32 18 6 0 10 9 12 29 0 0 0 3 0 0 0 0 0 0 0 0 0
P1393 2010 4 0 40 0 0 0 0 0 0 42 0 0 29 0 21 79 49 0 0 0 33 25 0 0 0 27 0 0 0 24 0 -999
P1393 2010 5 13 0 24 37 28 0 0 0 0 0 0 0 0 0 0 30 0 0 0 0 0 0 0 0 0 45 40 0 0 16 0
P1393 2010 6 0 29 24 0 0 0 0 0 0 0 0 0 0 15 0 0 0 0 0 8 0 0 0 0 0 0 0 0 0 15 -999
P1393 2010 7 0 28 0 0 0 0 0 0 0 0 0 12 0 0 0 0 0 0 0 0 0 0 0 0 0 0 0 0 0 0 0
P1393 2010 8 0 0 0 0 0 0 0 15 0 0 0 0 0 0 0 0 0 0 0 0 0 0 0 0 41 0 0 0 0 0 0
P1393 2010 9 0 0 0 0 0 0 0 0 0 0 0 0 0 0 0 0 6 0 0 0 0 0 0 0 0 0 0 0 0 0 -999
P1393 2010 10 0 0 0 0 0 0 0 0 0 51 54 26 45 44 17 0 0 0 19 0 24 42 0 0 0 9 0 0 0 12 0
P1393 2010 11 0 0 0 0 0 0 0 0 0 0 0 0 0 0 0 9 6 0 0 0 0 0 0 0 0 0 4 0 0 0 -999
P1393 2010 12 0 0 2 0 0 11 16 0 0 0 0 23 43 39 5 0 5 0 0 0 0 0 0 0 0 0 0 0 0 0 0
P1393 2011 1 0 0 0 10 0 9 4 0 4 0 0 6 0 0 0 0 0 0 0 0 0 16 31 10 0 0 0 0 0 0 4
P1393 2011 2 0 0 0 24 0 0 22 0 0 0 0 0 9 0 0 0 0 0 9 0 0 43 0 0 8 0 0 47 -999 -999 -999
P1393 2011 3 73 0 0 0 0 0 0 0 0 10 21 31 0 16 50 118 154 34 22 32 0 38 0 197 60 0 0 92 0 0 0
P1393 2011 4 0 0 0 16 0 0 0 0 0 0 25 25 0 0 0 0 0 62 27 31 0 0 0 7 0 0 0 0 0 1 -999
P1393 2011 5 0 0 5 0 0 0 7 0 0 32 0 0 0 0 0 13 0 0 0 0 0 0 0 0 0 0 0 16 0 0 0
P1393 2011 6 0 0 0 0 0 0 0 0 10 0 0 0 0 0 0 0 0 0 0 0 0 15 0 0 0 14 0 0 0 0 -999
P1393 2011 7 0 0 0 0 0 0 0 0 0 0 0 0 0 0 0 0 0 0 0 0 0 0 0 0 0 0 0 0 0 0 0
P1393 2011 8 0 0 0 0 0 0 0 0 0 0 0 0 0 0 0 0 0 0 0 12 0 0 0 0 0 0 0 0 0 0 0
P1393 2011 9 0 0 0 0 0 0 0 0 26 40 0 0 0 0 0 0 0 0 0 0 0 0 0 10 0 0 0 0 0 0 -999
P1393 2011 10 15 0 0 0 0 0 0 0 8 0 0 0 0 18 0 0 0 16 0 0 0 0 0 0 13 0 0 0 0 0 0
P1393 2011 11 0 6 7 22 64 63 54 7 0 0 11 0 5 0 7 0 45 29 0 8 0 0 0 23 0 0 0 23 0 0 -999
P1393 2011 12 0 0 0 2 0 0 6 0 12 0 0 0 9 0 10 44 47 52 54 66 87 34 53 21 31 0 0 0 0 0 0
P1393 2012 1 0 0 3 0 0 0 0 0 0 0 0 3 0 0 0 0 0 1 1 0 0 0 0 0 0 0 0 19 30 46 0
P1393 2012 2 0 0 47 21 0 12 9 4 0 0 0 0 0 0 0 0 0 0 43 47 23 0 7 0 11 0 0 0 -999 -999 -999
P1393 2012 3 24 68 39 22 18 0 10 0 0 0 0 0 19 12 0 0 0 0 22 36 0 14 0 0 19 0 0 0 0 0 0
P1393 2012 4 0 0 0 0 0 17 26 20 4 0 0 0 0 66 64 0 42 21 9 10 10 0 0 0 0 35 87 66 0 37 -999
P1393 2012 5 0 0 0 0 0 0 0 12 25 0 0 26 0 31 28 0 0 0 13 0 9 15 0 0 34 0 0 0 0 0 7
P1393 2012 6 0 0 0 0 0 0 0 0 0 26 17 0 0 24 34 17 0 0 0 0 16 0 0 0 0 0 0 0 0 0 -999
P1393 2012 7 0 0 0 0 0 0 0 0 0 0 0 0 0 0 0 0 0 0 0 0 0 0 0 0 0 0 0 0 0 0 0
P1393 2012 8 0 0 0 0 0 0 0 0 0 0 0 0 0 0 13 0 0 0 0 0 0 0 0 0 0 0 18 9 0 0 6
P1393 2012 9 0 0 0 11 0 0 23 0 0 0 0 0 0 0 0 0 0 0 0 3 0 0 0 0 0 0 0 0 30 13 -999
P1393 2012 10 5 0 0 0 0 0 0 0 0 0 60 20 0 0 0 30 0 0 0 17 0 0 0 0 0 0 29 0 0 0 22
P1393 2012 11 0 56 42 0 0 19 0 0 0 24 39 0 0 0 0 0 0 0 0 41 14 0 0 0 0 0 14 0 51 0 -999
P1393 2012 12 16 0 0 15 28 101 82 79 0 0 0 12 31 124 82 56 53 24 0 10 0 29 6 17 13 7 0 0 0 18 50
P1393 2013 1 0 17 0 0 24 8 17 13 0 0 0 0 1 0 0 0 0 0 0 1 0 0 0 0 0 0 0 11 0 31 0
P1393 2013 2 0 0 0 0 0 0 3 0 0 0 0 0 39 78 39 12 21 72 101 79 56 59 63 104 36 9 2 5 -999 -999 -999
P1393 2013 3 0 0 0 23 0 6 0 0 0 72 139 152 85 23 0 0 40 40 39 29 0 54 60 0 30 0 0 39 45 0 81
P1393 2013 4 0 0 0 23 23 15 25 0 0 0 0 0 0 0 0 0 0 0 0 0 36 16 0 27 61 0 0 0 0 0 -999
P1393 2013 5 0 0 0 0 0 0 0 32 0 38 38 16 0 0 0 0 0 0 21 14 0 0 0 0 0 0 0 0 0 0 0
P1393 2013 6 0 0 29 0 0 0 0 0 49 0 42 35 20 0 0 0 13 0 0 0 0 0 0 0 0 0 0 0 0 0 -999
P1393 2013 7 11 0 0 0 0 0 0 0 0 0 0 0 0 0 0 0 0 0 0 0 0 0 0 0 0 0 0 0 0 0 0
P1393 2013 8 0 0 0 19 0 19 0 20 0 0 0 0 0 0 14 0 0 0 0 0 0 0 0 0 0 0 0 0 0 0 36
P1393 2013 9 21 0 0 0 0 7 0 0 0 0 0 0 0 3 0 0 0 0 0 0 0 0 0 4 0 2 0 4 0 0 -999
P1393 2013 10 0 0 0 0 0 0 0 0 0 0 0 16 0 0 0 0 0 24 0 7 0 0 0 0 0 1 0 6 0 0 0
P1393 2013 11 0 0 0 0 0 0 0 0 0 5 11 8 0 0 0 0 0 183 226 78 108 160 192 85 0 87 57 25 0 13 -999
P1393 2013 12 18 0 23 18 1 0 0 0 0 0 0 0 0 0 24 0 0 2 0 0 0 0 0 0 0 0 31 22 60 0 0
P1393 2014 1 0 9 0 0 30 31 0 0 12 3 0 0 0 0 50 0 0 0 0 0 0 5 4 0 0 32 63 73 135 121 0
P1393 2014 2 19 0 0 36 44 83 40 93 0 61 0 0 21 0 0 0 11 0 0 0 0 0 13 0 0 0 0 36 -999 -999 -999