precip	MIROC5	RCP60	REGRESION	decimas	1
P1335	37.282	-2.109	182	geo	2006	2100	-1
P1335 2006 1 0 0 0 31 21 20 0 11 0 0 0 0 0 17 8 7 0 1 0 0 5 6 0 0 10 0 0 14 0 21 0
P1335 2006 2 0 0 18 0 0 0 0 0 0 0 0 0 0 0 19 6 0 0 0 3 12 11 15 14 5 0 0 0 -999 -999 -999
P1335 2006 3 0 0 0 4 6 9 11 13 6 0 49 49 23 0 0 0 31 0 0 0 0 0 9 0 0 0 0 0 0 0 7
P1335 2006 4 0 0 6 0 0 0 0 41 20 0 0 0 15 19 15 17 0 0 19 7 0 10 0 0 0 0 0 0 9 0 -999
P1335 2006 5 0 0 0 0 0 0 0 13 14 0 0 0 9 0 0 12 0 17 12 0 5 9 0 0 0 0 0 14 0 0 0
P1335 2006 6 0 0 0 0 0 0 0 0 0 0 0 0 0 0 0 0 0 0 0 0 15 0 0 19 0 0 0 14 0 18 -999
P1335 2006 7 0 0 0 0 0 0 0 0 0 0 0 0 0 0 0 0 0 0 0 0 0 6 0 0 0 0 0 0 0 0 0
P1335 2006 8 0 0 0 0 12 0 0 0 0 0 0 0 0 0 0 11 0 0 0 0 0 0 0 0 0 0 12 17 0 0 0
P1335 2006 9 0 0 0 0 0 0 0 15 0 14 0 12 9 8 0 0 0 0 0 5 0 0 0 0 10 0 0 0 0 0 -999
P1335 2006 10 0 0 9 0 0 0 0 13 0 0 0 0 0 27 0 26 0 0 0 0 0 0 0 0 0 0 0 0 0 0 0
P1335 2006 11 0 0 0 0 0 0 0 0 17 0 9 0 0 0 8 0 0 0 0 0 12 0 0 19 24 26 17 0 0 0 -999
P1335 2006 12 0 0 0 0 0 0 12 34 37 34 33 32 17 0 0 0 0 0 0 16 27 0 21 0 0 0 4 0 0 0 0
P1335 2007 1 0 0 0 0 0 0 0 0 0 12 0 0 0 0 0 0 5 0 0 0 40 30 0 7 11 24 0 0 0 16 0
P1335 2007 2 10 0 0 0 0 11 20 41 31 12 5 0 0 0 7 14 22 0 0 0 0 23 23 0 31 21 0 0 -999 -999 -999
P1335 2007 3 0 21 15 0 0 0 0 0 27 0 21 40 0 27 0 23 9 0 0 10 0 0 17 26 0 14 12 0 0 0 0
P1335 2007 4 0 0 10 10 0 0 0 7 0 0 0 0 0 0 14 0 0 0 0 0 13 0 13 9 14 7 0 0 0 0 -999
P1335 2007 5 6 0 0 0 0 24 0 0 0 0 0 9 0 0 0 0 14 0 17 18 0 0 0 0 0 0 0 0 0 21 0
P1335 2007 6 0 0 11 0 0 0 0 0 0 10 0 0 0 16 21 0 0 10 14 0 0 0 0 0 0 0 0 0 22 0 -999
P1335 2007 7 0 17 0 0 10 0 0 0 0 0 0 0 0 0 0 0 0 0 0 0 0 0 0 0 0 0 0 0 4 0 0
P1335 2007 8 0 0 0 11 0 0 0 0 0 0 0 0 0 0 0 0 0 0 0 0 0 6 0 15 0 20 24 0 20 0 0
P1335 2007 9 0 0 0 9 0 10 0 0 0 0 0 0 0 0 6 0 0 0 0 0 0 0 0 10 0 0 8 0 0 0 -999
P1335 2007 10 0 0 0 0 0 0 0 0 0 17 0 0 15 0 0 0 0 0 0 0 0 0 0 0 0 0 0 0 0 0 2
P1335 2007 11 0 0 0 0 0 0 4 0 0 0 13 0 0 0 7 12 0 0 0 12 9 8 0 0 0 5 22 53 0 0 -999
P1335 2007 12 0 0 0 31 24 23 14 0 0 10 0 0 0 0 0 0 0 45 0 34 27 0 0 0 0 6 0 3 14 7 0
P1335 2008 1 0 0 0 9 13 11 0 0 18 0 0 22 24 0 7 0 19 0 0 0 0 0 0 0 0 9 9 0 0 0 0
P1335 2008 2 11 0 12 0 0 5 7 0 0 20 20 0 0 0 0 3 7 18 0 0 0 0 19 0 20 22 33 28 -999 -999 -999
P1335 2008 3 0 18 7 0 0 0 13 0 0 0 0 0 0 21 0 15 0 0 0 0 0 0 0 5 0 3 0 0 0 14 15
P1335 2008 4 0 14 23 38 119 37 0 0 0 0 0 0 27 25 0 0 0 16 24 0 0 0 0 12 0 0 0 0 32 0 -999
P1335 2008 5 0 0 0 0 0 0 0 11 0 0 0 0 13 13 0 0 0 0 26 30 0 0 0 0 6 0 0 0 0 0 6
P1335 2008 6 0 14 0 0 0 26 17 0 0 0 9 0 0 0 0 0 0 0 0 0 0 0 0 0 0 0 0 0 0 0 -999
P1335 2008 7 0 0 0 0 0 0 0 0 0 0 0 0 0 0 0 0 0 0 0 0 0 0 0 0 0 0 0 0 0 0 0
P1335 2008 8 0 0 4 0 0 0 14 0 11 0 0 0 0 0 0 0 0 0 0 12 0 8 0 0 0 0 0 0 10 0 0
P1335 2008 9 0 0 0 0 0 0 0 0 19 14 0 0 4 0 0 0 0 0 0 7 0 0 14 0 0 0 0 0 0 0 -999
P1335 2008 10 0 4 0 9 0 0 0 0 0 0 0 0 0 0 11 12 0 0 25 0 0 0 0 0 7 0 0 0 0 0 0
P1335 2008 11 0 0 0 47 0 13 0 0 0 0 0 20 0 0 0 0 0 0 0 0 0 0 0 0 0 0 0 16 0 7 -999
P1335 2008 12 0 0 0 10 0 0 54 53 0 0 0 0 0 0 0 0 0 0 0 6 9 0 0 0 0 0 0 0 0 0 0
P1335 2009 1 0 8 5 0 0 0 0 0 0 8 0 6 0 0 12 9 13 11 0 0 0 0 0 6 7 0 5 0 13 18 0
P1335 2009 2 0 0 12 0 24 0 0 0 18 8 0 0 0 16 0 0 0 0 0 0 0 0 0 0 53 66 0 0 -999 -999 -999
P1335 2009 3 27 0 0 11 0 0 3 10 12 0 0 19 17 0 34 8 0 0 0 0 0 0 4 2 0 0 0 14 0 0 0
P1335 2009 4 8 0 7 16 0 16 0 0 0 0 15 0 0 0 0 0 0 0 7 0 0 0 0 0 0 0 0 0 0 0 -999
P1335 2009 5 16 0 7 20 43 0 9 7 0 0 14 0 3 0 0 0 0 0 0 0 0 18 17 0 0 0 0 0 0 25 18
P1335 2009 6 23 0 0 0 0 0 18 0 17 0 0 6 13 15 0 0 0 0 0 0 0 0 0 0 13 0 0 0 0 0 -999
P1335 2009 7 0 0 0 0 0 0 0 0 21 0 0 0 0 0 0 19 0 0 0 0 0 0 0 0 0 0 0 0 0 0 0
P1335 2009 8 0 0 0 0 0 0 0 0 0 0 0 0 0 0 6 0 0 0 0 0 0 0 0 22 0 0 0 0 0 0 0
P1335 2009 9 0 0 0 0 0 0 0 0 0 0 0 13 0 7 0 0 0 17 0 22 0 0 0 0 0 0 9 0 0 0 -999
P1335 2009 10 0 0 37 41 26 0 0 0 0 0 0 0 23 23 0 26 0 13 0 0 12 0 0 1 7 0 0 0 0 0 0
P1335 2009 11 0 0 0 0 0 0 0 0 0 0 0 0 7 0 0 0 0 9 0 0 0 0 5 0 0 13 0 0 5 0 -999
P1335 2009 12 0 0 0 0 2 0 4 0 3 0 0 8 0 0 0 0 0 0 12 12 0 0 0 0 0 0 0 13 0 0 0
P1335 2010 1 0 9 17 0 5 0 20 0 0 25 31 20 23 0 15 0 0 0 0 0 16 0 0 0 12 0 0 0 0 28 22
P1335 2010 2 0 0 0 16 12 12 0 0 15 0 12 0 0 8 0 0 0 0 0 0 0 0 0 0 13 0 0 8 -999 -999 -999
P1335 2010 3 0 0 0 0 0 18 0 61 52 33 49 29 0 0 0 0 18 19 33 40 32 0 0 0 12 0 0 17 0 0 0
P1335 2010 4 0 0 0 0 0 0 17 0 14 0 0 21 16 0 10 16 0 23 0 0 0 0 8 0 0 29 0 0 0 0 -999
P1335 2010 5 8 0 0 0 30 0 16 0 0 29 0 0 0 18 21 13 9 0 0 0 0 0 0 21 0 0 16 0 12 0 0
P1335 2010 6 0 0 0 0 15 12 0 0 0 0 34 27 18 12 0 0 0 0 12 0 0 0 10 0 0 0 0 0 0 0 -999
P1335 2010 7 15 0 3 0 0 0 0 0 0 0 0 0 0 0 17 0 0 0 0 0 0 0 0 0 0 0 0 0 21 0 0
P1335 2010 8 0 0 14 0 19 0 0 0 0 0 0 0 0 0 0 11 0 0 0 15 11 0 0 0 0 0 0 0 0 17 0
P1335 2010 9 0 14 0 0 0 0 0 0 14 0 0 14 20 0 0 0 0 0 0 0 0 0 0 0 0 0 0 0 12 0 -999
P1335 2010 10 0 0 0 0 0 0 0 0 0 0 0 0 0 0 0 0 0 0 0 0 21 29 0 0 0 0 0 0 0 0 4
P1335 2010 11 0 0 0 0 0 0 0 0 0 7 0 0 0 0 0 6 0 0 1 6 0 0 0 15 0 0 0 0 0 0 -999
P1335 2010 12 0 0 0 0 0 13 4 19 40 26 0 0 6 17 0 0 0 0 0 0 0 0 7 0 0 0 0 0 0 0 0
P1335 2011 1 0 0 0 7 0 0 7 19 23 23 19 23 0 0 0 11 0 0 0 0 0 8 0 0 2 0 0 0 0 7 0
P1335 2011 2 0 0 4 0 0 0 0 0 0 0 0 0 0 0 0 0 0 13 11 8 0 0 0 8 10 0 32 0 -999 -999 -999
P1335 2011 3 32 0 62 73 0 26 0 3 0 0 19 29 24 0 0 0 0 13 10 8 10 12 0 0 5 0 23 0 0 0 21
P1335 2011 4 0 0 13 0 14 0 15 0 0 0 18 0 0 9 0 0 37 28 0 29 0 0 0 0 0 10 0 0 0 0 -999
P1335 2011 5 12 8 6 8 0 10 0 0 0 0 0 12 0 0 0 0 0 0 0 0 0 0 0 0 0 0 0 0 0 0 0
P1335 2011 6 0 0 8 0 0 0 0 0 0 0 0 0 0 0 0 0 0 0 16 18 0 0 10 0 0 0 15 8 0 0 -999
P1335 2011 7 0 6 0 0 0 0 0 0 10 0 0 0 0 0 0 0 0 0 0 0 0 0 0 0 0 0 0 0 0 0 0
P1335 2011 8 0 0 0 0 0 0 0 0 0 0 5 0 0 0 0 0 0 0 0 0 10 0 16 0 0 0 0 0 10 0 0
P1335 2011 9 0 0 10 0 0 0 0 19 0 0 0 0 0 0 0 0 0 12 0 12 0 0 0 0 0 0 0 13 0 0 -999
P1335 2011 10 0 0 23 0 45 0 0 0 18 0 0 16 0 0 15 0 0 0 0 0 0 28 38 28 14 10 0 0 0 21 22
P1335 2011 11 8 0 0 1 3 0 24 0 0 0 20 37 45 0 0 0 38 0 0 0 7 14 14 11 13 0 4 6 0 0 -999
P1335 2011 12 0 0 0 0 0 0 9 0 0 0 0 0 0 0 0 0 4 5 0 0 0 0 0 0 0 0 0 0 0 0 0
P1335 2012 1 0 6 0 0 0 0 0 0 0 0 8 0 13 0 0 0 0 0 18 18 15 0 0 39 0 0 0 9 0 0 0
P1335 2012 2 0 0 0 26 19 0 11 0 0 0 0 0 0 0 0 0 9 12 0 12 39 0 0 0 12 0 9 10 -999 -999 -999
P1335 2012 3 0 7 43 65 36 0 0 0 0 0 0 0 0 0 0 0 0 21 25 0 0 15 16 0 0 0 0 0 0 0 0
P1335 2012 4 0 8 0 0 0 0 0 0 8 0 0 6 0 18 20 13 0 13 16 15 18 0 0 0 0 17 0 0 0 0 -999
P1335 2012 5 0 0 0 17 20 0 71 26 0 21 0 0 0 11 10 7 0 0 0 8 11 0 0 0 18 0 10 0 0 0 11
P1335 2012 6 0 12 0 0 0 12 0 0 15 0 12 0 15 23 0 0 0 0 0 0 12 18 0 0 0 0 0 0 0 0 -999
P1335 2012 7 0 0 0 0 0 0 0 0 0 0 0 9 0 0 0 0 0 0 0 0 0 0 17 0 0 0 0 0 6 0 0
P1335 2012 8 22 0 0 0 0 0 0 0 0 0 0 0 0 0 0 0 0 18 0 0 0 0 21 0 0 16 0 10 0 0 0
P1335 2012 9 0 0 0 0 0 0 11 0 0 0 0 0 0 0 0 0 0 0 0 0 0 11 9 0 0 17 34 0 0 11 -999
P1335 2012 10 11 14 0 0 0 0 0 0 14 0 15 0 5 0 7 0 12 12 0 0 17 22 0 0 24 17 13 0 0 0 1
P1335 2012 11 0 0 0 0 0 0 0 0 0 0 0 0 6 0 0 0 0 11 17 0 24 0 0 16 0 0 0 0 0 13 -999
P1335 2012 12 0 3 0 0 0 0 0 0 0 0 0 0 13 0 0 0 0 0 0 0 0 0 0 0 0 0 0 0 0 0 0
P1335 2013 1 0 10 0 0 0 0 0 0 0 0 0 0 0 4 0 0 0 0 0 0 0 0 0 0 0 0 0 0 0 0 2
P1335 2013 2 0 13 0 0 0 3 0 0 0 4 10 0 0 11 0 11 18 17 7 4 0 0 3 0 0 0 0 0 -999 -999 -999
P1335 2013 3 20 12 0 0 0 0 0 81 38 35 21 16 7 0 4 14 13 11 0 13 37 40 11 0 21 0 24 0 0 0 0
P1335 2013 4 34 33 0 17 0 0 0 0 0 0 0 0 0 0 8 0 0 13 0 0 0 11 0 0 24 13 0 0 0 14 -999
P1335 2013 5 14 0 0 0 0 0 0 0 0 0 12 0 0 0 0 0 21 13 20 13 0 0 0 0 0 0 0 0 0 0 0
P1335 2013 6 0 0 0 0 20 0 0 21 0 0 13 0 0 0 10 0 0 0 0 0 0 0 0 0 0 0 21 0 0 14 -999
P1335 2013 7 0 0 10 0 10 14 0 0 0 0 0 0 0 0 0 0 0 0 0 0 0 0 0 0 0 0 0 0 0 0 0
P1335 2013 8 0 0 0 0 0 0 0 0 0 10 0 0 0 0 0 0 0 0 0 0 0 0 0 0 0 0 0 0 0 0 0
P1335 2013 9 0 0 0 0 0 0 0 0 0 0 0 20 20 22 0 0 0 0 11 0 0 0 5 8 11 0 0 0 0 0 -999
P1335 2013 10 0 0 0 10 0 16 0 0 0 0 0 0 30 0 24 25 15 0 0 0 0 0 0 0 0 0 9 0 17 14 12
P1335 2013 11 0 0 0 0 0 7 0 15 0 0 0 14 0 0 0 4 7 17 17 0 0 0 0 8 0 0 7 0 4 0 -999
P1335 2013 12 0 0 0 0 5 0 0 13 15 0 0 14 9 0 0 0 0 0 0 0 0 0 0 16 26 17 18 0 20 0 18
P1335 2014 1 0 0 0 0 0 0 2 0 3 4 0 0 0 0 1 0 0 0 0 13 0 0 0 0 0 0 30 32 47 0 0
P1335 2014 2 19 0 0 0 0 0 0 11 0 0 0 0 0 0 0 0 0 0 0 0 21 0 19 0 15 16 0 39 -999 -999 -999