precip	MIROC5	RCP60	REGRESION	decimas	1
P117	36.499	-5.628	182	geo	2006	2100	-1
P117 2006 1 0 0 0 0 15 0 0 30 0 11 40 398 436 90 178 430 357 288 271 0 20 37 53 28 0 0 0 0 0 85 0
P117 2006 2 0 209 60 0 0 0 0 0 0 0 0 0 0 140 128 47 35 21 0 113 26 29 28 0 0 0 14 39 -999 -999 -999
P117 2006 3 136 169 253 407 370 347 283 327 181 165 267 0 53 57 76 165 381 500 287 0 179 77 0 0 0 118 103 107 111 107 247
P117 2006 4 70 74 84 0 0 0 0 240 15 0 0 0 0 0 0 0 0 0 0 0 0 0 0 0 0 0 92 102 101 59 -999
P117 2006 5 0 60 0 88 0 102 30 0 0 0 0 0 0 18 0 0 11 0 0 36 0 9 0 0 0 0 0 12 0 0 0
P117 2006 6 0 0 0 0 0 0 0 0 0 12 0 0 0 6 0 0 0 0 0 22 0 0 0 0 0 15 0 11 0 0 -999
P117 2006 7 0 0 0 0 0 0 0 0 0 0 0 0 0 0 0 0 0 0 0 0 0 0 0 0 0 0 0 0 0 0 0
P117 2006 8 0 0 0 0 0 25 0 0 0 0 0 0 0 0 0 0 0 0 0 0 0 0 11 0 0 0 0 0 0 0 0
P117 2006 9 0 0 0 0 0 0 0 0 0 0 11 0 0 0 0 0 0 0 0 0 0 0 0 0 0 0 0 0 19 9 -999
P117 2006 10 4 0 0 0 0 0 0 0 0 0 83 47 0 18 0 37 0 19 0 0 0 0 0 0 35 0 0 0 0 0 0
P117 2006 11 0 0 0 26 0 0 0 0 0 0 4 0 0 0 0 10 0 0 0 26 52 33 96 130 38 0 0 0 0 0 -999
P117 2006 12 0 0 0 0 15 31 84 284 232 140 0 110 152 76 236 363 54 0 0 0 0 109 320 178 156 172 117 77 59 71 0
P117 2007 1 0 0 0 4 0 0 0 0 0 0 0 0 0 17 0 0 0 0 0 0 0 0 0 27 0 0 29 73 0 0 44
P117 2007 2 0 25 52 57 19 29 95 365 591 457 81 0 26 0 29 0 0 128 69 0 164 185 0 35 58 95 80 73 -999 -999 -999
P117 2007 3 0 102 52 157 0 112 0 31 0 0 28 0 106 137 0 19 0 0 0 79 0 35 0 3 0 24 33 0 0 4 0
P117 2007 4 3 0 0 0 19 40 6 0 0 0 0 80 82 0 19 0 0 0 66 43 93 48 57 110 42 45 0 0 0 0 -999
P117 2007 5 0 0 0 61 137 9 0 0 10 0 0 0 13 0 27 24 17 29 0 45 0 0 0 0 0 0 0 0 0 0 0
P117 2007 6 0 34 38 38 28 0 0 0 0 13 0 0 28 0 0 13 0 6 0 0 14 0 27 0 11 0 0 17 0 10 -999
P117 2007 7 0 0 0 0 0 0 0 0 0 11 0 0 0 3 0 0 0 0 0 0 0 0 0 0 0 0 0 0 0 0 0
P117 2007 8 0 0 0 0 0 0 0 0 0 0 0 0 0 9 0 0 0 9 0 0 0 0 0 0 0 0 0 0 0 0 0
P117 2007 9 11 0 0 0 0 0 0 0 0 0 0 0 0 0 0 0 0 0 0 0 0 0 0 0 0 0 0 0 0 0 -999
P117 2007 10 0 0 0 0 0 0 0 0 0 23 20 32 0 106 0 0 0 116 0 0 0 60 0 0 33 0 0 0 0 0 0
P117 2007 11 0 0 22 0 0 0 0 0 0 77 48 57 0 0 0 0 14 0 0 0 0 11 0 0 0 22 77 32 26 0 -999
P117 2007 12 0 0 0 44 41 0 0 41 0 0 0 0 0 0 15 0 135 84 0 20 0 0 0 40 30 0 0 46 5 0 0
P117 2008 1 28 33 19 0 38 0 0 0 8 0 0 0 32 0 0 217 66 0 86 86 269 299 127 0 0 248 394 245 139 173 213
P117 2008 2 460 112 224 97 86 136 131 188 0 46 243 0 33 0 0 105 109 0 111 363 26 40 0 44 42 0 34 74 -999 -999 -999
P117 2008 3 17 0 0 21 0 0 0 0 0 10 0 0 0 9 0 0 0 0 0 3 0 0 0 0 14 0 0 5 0 0 0
P117 2008 4 0 0 0 46 0 0 12 0 0 0 0 0 0 40 111 92 63 38 0 0 15 19 0 0 0 0 0 0 0 16 -999
P117 2008 5 0 19 15 0 0 0 0 0 38 55 0 33 0 49 21 45 32 0 0 72 92 85 122 0 16 24 0 0 0 0 0
P117 2008 6 0 0 0 0 0 0 20 0 0 0 0 0 0 0 23 0 0 0 0 0 0 0 0 0 0 0 0 0 0 0 -999
P117 2008 7 0 0 0 0 0 0 0 0 0 0 0 0 0 0 9 0 0 0 0 0 0 0 0 0 0 0 0 0 0 0 0
P117 2008 8 0 0 0 0 0 2 9 0 5 0 0 0 0 0 0 0 0 0 0 0 0 0 0 0 0 0 0 0 0 0 0
P117 2008 9 0 0 6 0 0 0 0 0 0 0 0 0 0 0 15 0 0 0 0 0 0 0 0 0 0 0 0 0 30 36 -999
P117 2008 10 18 0 16 0 0 0 0 0 0 0 0 0 60 35 0 0 0 0 0 0 0 0 0 20 24 0 69 56 0 10 36
P117 2008 11 0 9 83 4 6 6 0 0 0 0 63 11 0 0 0 0 0 0 0 0 0 0 0 0 0 0 0 6 2 0 -999
P117 2008 12 0 0 0 0 0 8 7 0 0 76 90 24 22 77 0 0 0 0 0 3 0 0 0 0 0 75 76 0 0 0 0
P117 2009 1 0 3 0 0 0 0 0 6 0 0 0 42 33 0 52 0 0 0 3 0 0 0 0 0 0 2 14 0 0 0 0
P117 2009 2 22 0 20 38 26 0 0 6 6 0 11 0 20 15 0 0 0 0 0 0 0 0 0 0 0 0 5 76 -999 -999 -999
P117 2009 3 0 154 178 0 88 0 26 136 171 0 38 38 0 0 49 46 197 142 80 50 0 18 0 0 0 169 156 224 303 177 72
P117 2009 4 92 234 71 48 114 193 0 27 0 13 0 41 0 83 0 0 17 28 0 0 0 31 0 0 0 0 0 0 0 0 -999
P117 2009 5 31 95 30 0 25 0 0 35 50 0 72 48 0 0 6 0 0 0 0 0 0 0 0 43 0 0 0 0 0 0 0
P117 2009 6 0 5 18 0 21 0 30 0 23 8 0 0 0 0 0 0 0 0 0 0 0 0 0 0 0 0 0 0 0 0 -999
P117 2009 7 0 0 0 0 0 0 0 0 0 0 0 0 16 0 0 0 0 0 0 0 0 0 0 0 0 0 0 0 0 0 0
P117 2009 8 0 0 0 0 0 0 0 0 0 0 0 0 0 0 0 0 0 0 0 0 0 0 0 24 0 17 0 13 0 0 0
P117 2009 9 0 0 0 0 0 0 0 0 0 0 12 0 18 0 0 0 0 0 0 0 0 0 29 0 0 0 0 0 5 0 -999
P117 2009 10 0 0 0 0 0 4 0 0 0 0 34 48 37 0 32 47 39 42 39 34 39 0 0 100 41 0 0 0 19 0 0
P117 2009 11 0 0 0 0 0 0 0 0 0 0 0 0 0 26 18 0 0 14 21 37 21 0 132 0 18 13 12 0 0 0 -999
P117 2009 12 0 33 86 57 112 142 300 62 123 230 118 0 0 0 0 13 0 87 48 0 0 27 28 0 37 91 159 156 69 0 0
P117 2010 1 0 0 101 270 134 75 0 39 49 32 0 0 21 16 30 37 39 0 27 33 59 14 0 0 0 0 19 0 18 0 0
P117 2010 2 0 32 0 0 0 45 25 13 8 0 0 0 0 0 4 0 0 0 0 0 0 0 6 27 0 11 7 21 -999 -999 -999
P117 2010 3 0 0 0 0 36 62 97 100 204 121 42 46 0 27 26 0 0 60 78 43 6 0 0 0 0 0 2 0 0 0 0
P117 2010 4 0 93 127 0 0 0 0 0 61 0 0 57 0 56 192 0 0 0 29 62 0 0 19 0 56 0 11 0 51 0 -999
P117 2010 5 37 22 54 76 75 0 0 0 0 0 0 0 42 0 0 76 0 23 0 0 8 0 0 0 0 46 97 35 22 17 15
P117 2010 6 0 67 48 0 0 0 0 0 0 0 0 0 0 0 0 0 0 0 0 0 0 0 0 0 0 0 0 0 0 0 -999
P117 2010 7 0 28 7 0 0 0 0 0 0 0 0 0 0 0 0 0 0 0 0 0 0 0 0 0 0 0 0 0 0 0 15
P117 2010 8 0 0 0 0 0 0 0 0 0 0 0 0 0 0 0 4 0 0 0 5 0 0 0 0 0 0 0 0 8 0 0
P117 2010 9 0 0 0 0 0 0 0 10 0 0 16 23 0 22 30 0 0 0 0 0 0 0 0 0 0 0 0 0 0 0 -999
P117 2010 10 0 0 0 0 0 0 33 0 0 0 73 0 0 62 0 0 0 0 0 21 30 75 0 13 29 0 0 13 18 25 19
P117 2010 11 0 0 0 0 0 0 0 0 0 0 0 0 0 0 0 0 14 15 0 0 0 0 0 0 0 0 0 0 0 0 -999
P117 2010 12 0 0 7 0 0 35 47 0 52 34 27 0 0 118 0 0 0 0 16 0 0 0 0 0 0 0 0 0 0 0 0
P117 2011 1 0 0 7 17 0 0 0 9 0 0 0 0 0 0 51 37 0 0 0 0 0 40 0 28 0 0 0 0 0 3 8
P117 2011 2 0 0 0 0 50 57 45 0 0 0 0 0 0 0 0 0 0 0 0 0 0 0 64 19 0 0 0 67 -999 -999 -999
P117 2011 3 167 0 0 10 16 9 17 0 0 28 0 0 0 42 138 302 453 94 0 83 0 102 149 470 0 0 65 163 0 0 0
P117 2011 4 0 0 0 0 0 0 0 0 0 47 49 34 52 0 0 0 81 187 75 68 0 24 11 0 0 0 0 0 0 0 -999
P117 2011 5 0 38 10 0 16 0 0 0 0 46 0 0 0 0 0 0 0 0 0 0 0 0 0 0 0 15 0 0 13 0 30
P117 2011 6 23 0 0 0 0 0 0 0 0 0 0 0 0 9 0 0 0 0 0 0 0 0 0 0 0 0 22 0 0 0 -999
P117 2011 7 0 0 0 0 0 0 0 0 0 0 3 0 0 0 0 0 0 0 0 0 0 0 0 0 0 0 0 0 0 0 0
P117 2011 8 0 0 0 0 0 0 0 0 0 21 22 0 0 4 0 0 0 0 0 0 0 0 0 0 0 0 0 0 0 0 0
P117 2011 9 5 0 0 0 0 6 0 0 0 50 17 0 0 0 0 0 0 0 2 0 0 0 0 0 0 2 0 0 13 0 -999
P117 2011 10 0 0 0 0 0 0 0 0 0 20 0 36 0 0 0 12 0 0 0 0 20 0 0 0 0 21 20 30 0 73 0
P117 2011 11 21 0 25 72 171 148 159 0 0 0 0 10 0 5 0 27 0 90 51 0 23 126 136 77 0 32 23 74 8 14 -999
P117 2011 12 0 37 74 0 10 17 0 18 45 0 0 90 20 0 29 121 110 131 135 173 226 98 148 49 67 61 73 0 41 0 0
P117 2012 1 264 85 0 0 0 0 0 0 0 0 0 11 0 4 0 0 5 5 11 0 35 0 4 0 4 9 0 0 66 145 0
P117 2012 2 0 81 105 52 0 28 0 0 0 0 0 0 0 0 0 0 0 0 104 131 67 25 0 0 0 0 0 0 -999 -999 -999
P117 2012 3 56 235 83 60 0 59 30 12 0 0 0 0 42 0 0 71 0 0 31 0 27 18 0 0 0 0 0 0 0 0 0
P117 2012 4 0 0 0 0 0 0 0 41 8 7 0 0 34 160 148 133 106 0 0 0 0 26 0 92 117 81 206 137 0 90 -999
P117 2012 5 31 0 0 32 0 0 0 30 32 0 0 0 44 68 48 26 0 0 16 25 17 29 28 0 56 33 31 20 0 0 0
P117 2012 6 0 2 0 0 0 0 0 0 52 38 34 28 25 47 86 0 0 0 0 19 16 9 0 0 0 0 0 19 0 0 -999
P117 2012 7 0 0 0 0 0 0 0 0 0 0 0 0 0 0 0 0 8 0 0 0 0 0 0 0 0 0 0 0 0 0 0
P117 2012 8 0 0 0 0 0 0 0 0 0 0 0 0 0 0 0 0 0 0 0 0 0 0 0 0 0 13 0 18 0 0 7
P117 2012 9 0 9 0 0 0 51 0 0 0 0 0 0 0 0 0 0 0 0 0 0 0 8 0 30 0 0 0 0 39 27 -999
P117 2012 10 0 0 0 0 0 0 0 0 37 0 93 42 0 0 0 34 30 42 0 0 0 0 0 0 0 0 45 0 0 0 64
P117 2012 11 0 105 91 0 30 0 0 8 0 39 0 0 0 0 0 0 0 76 135 43 14 3 0 0 0 0 31 68 99 42 -999
P117 2012 12 0 0 34 29 62 207 202 211 0 0 0 0 64 339 235 135 118 62 0 27 0 0 0 37 29 0 0 0 0 45 120
P117 2013 1 76 51 124 234 0 0 38 35 10 0 0 0 0 0 0 0 0 0 0 0 0 2 0 8 1 0 0 0 21 76 0
P117 2013 2 0 4 0 0 0 0 7 0 0 0 0 0 89 145 123 28 55 160 214 215 164 161 180 282 108 0 0 0 -999 -999 -999
P117 2013 3 14 34 0 0 39 0 0 40 75 171 320 433 254 57 0 62 50 77 75 53 0 105 146 33 0 0 0 0 103 128 0
P117 2013 4 113 16 21 47 42 34 70 0 0 0 0 0 0 0 25 0 0 0 0 0 62 0 23 43 85 0 0 0 0 0 -999
P117 2013 5 0 0 0 0 0 0 0 0 0 71 90 0 0 0 0 0 31 42 30 27 31 2 0 0 0 0 0 0 0 0 0
P117 2013 6 14 0 0 0 0 0 0 23 56 91 74 75 0 33 22 26 20 0 0 11 0 0 0 0 0 0 0 12 28 27 -999
P117 2013 7 14 0 0 0 0 0 0 0 0 0 0 0 0 0 0 0 0 0 0 0 0 0 0 0 0 0 0 0 0 0 0
P117 2013 8 0 0 0 0 10 13 9 0 0 0 0 0 0 0 0 0 0 0 0 0 0 0 0 0 0 0 0 0 18 0 45
P117 2013 9 25 0 0 0 10 0 0 0 0 0 0 0 0 0 1 0 0 0 0 15 0 27 0 8 0 0 0 0 0 0 -999
P117 2013 10 0 0 0 0 0 0 10 0 0 0 0 0 0 0 0 0 48 0 22 0 0 0 0 0 4 4 0 0 7 0 0
P117 2013 11 0 0 0 0 0 0 0 29 0 0 35 32 3 33 14 46 65 521 621 220 296 358 537 198 41 218 172 65 29 51 -999
P117 2013 12 0 110 50 50 0 0 0 0 37 0 0 37 42 0 62 36 0 0 0 0 0 20 0 97 38 0 90 0 0 65 44
P117 2014 1 39 23 15 44 65 0 0 49 0 0 0 30 31 41 0 0 0 0 0 0 9 11 0 0 43 78 143 140 363 361 148
P117 2014 2 48 116 0 111 0 181 0 246 131 219 0 0 38 0 0 0 17 0 26 0 0 0 20 12 0 0 0 102 -999 -999 -999