precip	MIROC5	RCP60	REGRESION	decimas	1
P11487	40.989	-2.223	182	geo	2006	2100	-1
P11487 2006 1 0 7 0 0 0 0 0 6 0 0 0 54 141 71 31 77 56 65 43 19 0 0 23 0 10 0 0 0 23 0 11
P11487 2006 2 9 29 24 0 0 3 0 0 1 0 7 18 0 37 33 0 23 0 21 0 0 0 0 0 0 6 10 14 -999 -999 -999
P11487 2006 3 32 51 59 84 87 71 83 81 54 32 48 43 31 26 0 43 78 85 66 31 42 29 30 0 26 0 27 32 0 39 64
P11487 2006 4 31 31 25 0 18 14 13 33 15 0 3 5 0 8 0 0 16 0 0 0 3 0 7 13 17 25 45 0 43 33 -999
P11487 2006 5 28 29 24 0 27 0 23 0 9 0 0 15 24 29 0 12 0 18 17 23 11 5 0 0 7 0 10 0 18 0 0
P11487 2006 6 0 0 0 0 0 0 0 0 19 0 0 0 0 0 11 0 0 0 0 0 12 0 11 15 0 0 0 18 15 0 -999
P11487 2006 7 0 0 0 0 0 23 0 24 0 0 0 0 0 0 0 0 0 0 0 0 20 0 0 0 0 0 0 0 0 0 0
P11487 2006 8 0 0 0 0 0 0 0 0 0 0 10 0 0 17 0 0 0 0 0 18 0 0 0 19 0 15 11 0 0 18 0
P11487 2006 9 0 0 11 14 0 0 0 0 19 0 12 0 0 0 11 0 0 0 15 0 0 15 0 0 0 9 0 12 13 0 -999
P11487 2006 10 7 3 0 8 0 4 0 0 0 0 0 15 0 0 23 21 12 0 0 0 16 0 0 0 17 17 10 0 20 0 10
P11487 2006 11 14 0 0 0 0 9 19 0 0 0 0 0 0 0 0 0 5 0 0 0 24 24 26 43 20 11 4 0 0 0 -999
P11487 2006 12 0 0 0 0 0 0 18 32 27 20 0 21 25 0 37 58 0 0 0 0 0 34 69 49 0 0 20 0 0 0 11
P11487 2007 1 0 0 0 0 0 0 0 0 0 0 2 0 0 0 0 0 0 0 24 19 11 0 7 18 0 27 18 35 37 24 0
P11487 2007 2 12 16 33 41 22 0 23 68 141 117 0 0 16 13 15 7 0 30 25 0 23 22 0 24 22 21 22 29 -999 -999 -999
P11487 2007 3 18 22 24 27 35 0 18 0 16 11 21 0 61 72 47 20 20 15 0 21 0 25 12 6 8 0 12 0 0 0 4
P11487 2007 4 0 0 0 0 0 25 0 6 0 0 0 21 42 22 11 0 0 0 38 0 29 0 35 38 21 20 11 0 0 0 -999
P11487 2007 5 0 0 0 0 39 26 0 0 13 17 0 0 0 0 23 0 0 0 0 0 0 0 1 0 7 0 0 0 9 0 20
P11487 2007 6 0 21 18 0 21 22 0 0 0 0 12 0 29 0 0 10 0 0 0 0 0 0 0 17 11 14 0 0 24 22 -999
P11487 2007 7 0 0 19 24 0 0 0 0 18 31 29 0 0 0 0 18 0 24 21 20 0 0 0 0 0 0 0 0 0 0 0
P11487 2007 8 13 0 0 0 0 0 0 0 0 0 0 0 0 0 0 0 0 16 0 23 0 0 0 0 14 0 0 0 0 0 0
P11487 2007 9 0 0 0 6 0 0 0 5 0 0 0 0 9 0 0 0 7 6 0 6 0 0 9 0 0 0 0 0 6 6 -999
P11487 2007 10 0 0 12 0 0 0 0 0 0 23 25 0 35 38 0 0 12 0 11 0 0 0 32 37 17 0 0 16 10 0 11
P11487 2007 11 0 0 0 4 0 0 0 0 0 0 14 0 0 0 10 0 0 0 0 0 0 0 0 14 0 9 0 0 23 19 -999
P11487 2007 12 0 8 0 17 0 0 20 0 5 0 0 0 0 0 0 0 20 23 0 8 7 5 0 0 9 8 11 0 7 0 13
P11487 2008 1 22 30 39 45 20 0 0 0 4 0 0 0 9 0 0 19 19 8 16 25 51 55 29 15 0 47 58 40 26 38 47
P11487 2008 2 84 44 50 33 0 37 28 50 21 29 0 28 12 13 27 37 15 38 34 30 16 0 10 0 18 29 21 0 -999 -999 -999
P11487 2008 3 0 0 0 0 0 0 2 0 0 0 0 12 0 0 0 0 0 2 0 0 5 0 0 0 0 0 9 0 2 3 0
P11487 2008 4 0 0 0 21 21 0 0 0 0 0 0 10 18 21 31 36 35 25 14 10 0 0 0 6 0 0 0 9 18 22 -999
P11487 2008 5 18 14 0 0 0 0 16 11 13 26 43 19 18 31 22 0 0 10 0 39 0 0 32 0 0 13 14 0 0 15 0
P11487 2008 6 14 0 0 14 15 22 0 10 16 0 0 0 16 32 0 7 0 0 0 0 0 0 15 0 0 0 0 0 0 0 -999
P11487 2008 7 0 5 0 0 11 0 0 0 0 19 17 13 0 0 0 14 0 0 0 0 0 0 0 0 0 17 0 14 0 0 20
P11487 2008 8 0 22 0 0 0 0 0 0 0 0 0 0 0 0 0 0 13 0 0 0 0 18 0 0 8 0 20 0 0 0 6
P11487 2008 9 0 0 0 14 0 0 0 0 14 16 0 23 0 21 16 10 0 0 0 0 12 13 0 17 20 0 0 17 0 30 -999
P11487 2008 10 0 0 0 18 0 0 17 23 15 0 0 0 29 0 0 6 0 0 13 14 15 11 11 0 16 28 0 29 27 19 14
P11487 2008 11 0 0 32 19 0 0 0 0 15 13 0 0 0 0 0 0 8 21 10 0 0 0 0 3 0 0 0 2 0 0 -999
P11487 2008 12 0 0 0 0 0 5 4 0 12 29 33 0 19 0 0 0 0 9 0 0 0 0 5 0 11 22 19 0 9 0 0
P11487 2009 1 0 0 0 6 0 15 0 0 7 8 0 0 21 17 0 0 0 0 0 0 0 0 0 0 0 0 2 0 0 0 0
P11487 2009 2 6 13 14 16 12 11 13 5 0 0 11 6 9 5 0 2 0 1 0 0 0 6 6 0 8 0 9 42 -999 -999 -999
P11487 2009 3 64 57 53 0 19 0 15 0 0 30 0 0 11 18 40 38 56 42 28 21 0 0 0 25 23 51 41 67 57 47 27
P11487 2009 4 22 42 35 0 27 47 25 18 14 0 15 27 0 27 32 22 11 0 11 21 26 17 0 0 0 0 0 17 25 42 -999
P11487 2009 5 33 32 29 0 22 33 0 0 0 30 35 0 0 0 0 0 5 10 0 24 28 30 27 18 15 0 0 11 11 12 0
P11487 2009 6 0 0 12 0 21 22 22 0 11 0 7 6 8 14 0 0 0 0 0 6 0 0 0 0 0 0 0 0 0 13 -999
P11487 2009 7 0 0 0 0 0 0 0 0 0 0 0 24 0 0 12 0 0 10 14 15 0 17 0 0 0 10 0 0 0 13 0
P11487 2009 8 26 0 0 0 0 0 0 0 0 0 0 0 12 0 0 0 0 0 0 0 0 13 22 0 0 0 0 15 0 0 0
P11487 2009 9 24 0 7 2 0 0 0 0 0 0 0 19 15 7 0 0 12 0 0 0 17 0 0 19 0 0 9 9 8 0 -999
P11487 2009 10 0 0 5 0 0 0 0 0 7 12 0 0 15 13 15 21 0 23 20 0 15 0 0 31 11 0 4 4 0 0 11
P11487 2009 11 3 3 4 0 0 0 0 0 9 0 0 0 0 5 0 0 0 8 0 16 0 10 22 18 11 0 20 15 0 19 -999
P11487 2009 12 21 21 34 0 40 53 66 35 0 48 41 15 15 9 9 9 0 15 25 0 0 13 0 14 0 18 25 25 18 7 0
P11487 2010 1 12 0 18 51 0 21 0 8 0 0 0 7 13 0 9 17 0 8 0 9 0 0 0 0 0 0 0 0 0 0 13
P11487 2010 2 0 6 3 5 18 0 20 10 0 0 0 0 0 0 0 0 5 0 0 14 9 0 10 19 6 6 6 5 -999 -999 -999
P11487 2010 3 0 0 0 0 0 20 0 21 32 0 23 0 9 10 7 6 9 0 43 45 0 0 0 2 0 3 0 0 0 6 9
P11487 2010 4 13 0 27 0 0 15 0 28 33 34 28 0 32 27 0 53 28 0 0 0 27 23 0 21 0 0 0 14 34 0 -999
P11487 2010 5 0 13 23 0 28 18 0 0 0 12 0 0 15 17 0 33 23 17 0 4 0 0 13 0 19 34 41 20 18 0 0
P11487 2010 6 17 23 22 0 0 0 0 9 0 0 0 0 22 17 18 29 0 0 0 0 0 12 0 0 0 0 14 0 0 21 -999
P11487 2010 7 0 0 0 0 0 15 0 0 0 0 15 0 0 0 0 19 0 0 0 0 0 0 0 13 0 0 0 0 0 0 17
P11487 2010 8 0 0 0 0 0 0 13 0 0 20 0 0 0 13 0 0 17 0 0 0 0 0 0 15 0 0 0 0 0 9 0
P11487 2010 9 0 10 0 0 0 0 7 0 0 24 0 0 0 0 33 14 8 0 0 0 0 0 0 10 0 17 0 0 0 0 -999
P11487 2010 10 0 0 0 3 0 0 12 0 0 0 36 23 0 34 21 0 0 0 18 0 20 24 23 0 11 0 0 0 16 16 9
P11487 2010 11 11 6 11 0 0 0 0 5 0 0 0 0 0 0 0 12 16 0 11 0 8 0 0 3 0 0 0 0 0 0 -999
P11487 2010 12 7 7 8 0 0 17 17 0 9 12 0 11 24 32 0 3 6 8 12 0 0 0 1 0 2 0 0 0 0 2 0
P11487 2011 1 0 4 5 6 9 0 0 1 0 3 0 0 0 0 0 4 0 0 0 0 18 26 62 26 19 0 11 6 4 3 5
P11487 2011 2 0 0 8 16 13 0 13 0 0 0 0 15 17 12 0 13 0 7 9 0 0 0 0 0 0 0 13 0 -999 -999 -999
P11487 2011 3 36 20 0 0 0 0 0 0 7 18 0 28 24 23 35 72 104 51 31 33 35 42 56 100 59 17 25 0 20 7 9
P11487 2011 4 14 21 0 0 0 13 14 0 0 26 23 24 0 17 9 0 0 0 0 25 26 0 7 0 0 0 0 0 0 0 -999
P11487 2011 5 9 19 0 0 0 0 0 0 0 31 0 9 14 0 15 0 0 0 9 0 25 0 0 14 19 23 0 0 0 0 20
P11487 2011 6 0 0 0 7 0 9 0 0 0 0 0 0 0 0 0 16 6 0 0 0 10 0 20 0 0 0 22 0 0 0 -999
P11487 2011 7 0 0 10 0 0 0 0 0 0 0 0 0 0 0 0 0 0 10 0 15 0 19 0 0 0 15 0 0 0 0 0
P11487 2011 8 0 0 0 0 0 0 0 0 0 0 0 0 0 9 0 12 12 13 0 0 0 0 0 9 10 0 0 0 0 0 21
P11487 2011 9 0 0 0 0 0 0 0 0 0 0 0 0 0 0 0 0 0 0 0 3 0 0 7 0 0 7 0 9 0 16 -999
P11487 2011 10 0 0 0 0 0 0 0 0 0 0 9 13 0 0 11 0 7 9 0 0 13 16 16 16 16 0 0 11 23 29 0
P11487 2011 11 11 0 19 35 57 58 0 21 0 6 6 0 0 0 0 11 28 21 0 0 0 54 67 57 0 0 0 0 0 4 -999
P11487 2011 12 0 12 24 0 12 0 4 0 0 0 11 0 0 8 10 29 0 40 50 44 60 31 28 17 0 31 0 20 0 21 27
P11487 2012 1 50 29 7 0 0 0 0 0 0 0 0 0 0 0 0 0 8 8 7 9 8 0 2 2 3 3 4 6 0 17 8
P11487 2012 2 0 0 37 26 9 0 0 0 0 0 1 2 0 0 0 0 0 8 24 0 19 0 0 6 16 8 0 0 -999 -999 -999
P11487 2012 3 0 66 38 0 0 0 0 5 0 0 0 8 21 14 0 20 25 22 0 28 27 19 13 15 16 0 0 0 0 0 0
P11487 2012 4 0 10 0 0 0 12 35 32 16 0 0 16 27 67 52 0 36 0 0 18 0 0 0 0 56 49 37 34 35 35 -999
P11487 2012 5 25 23 25 0 0 0 0 0 0 21 0 24 0 33 0 23 0 0 0 0 0 17 0 0 35 33 29 0 0 0 0
P11487 2012 6 0 0 0 0 0 0 9 16 0 0 19 0 0 23 23 0 0 8 14 0 0 0 0 7 0 0 0 0 0 0 -999
P11487 2012 7 0 0 0 0 0 0 14 0 19 0 0 0 21 0 0 0 0 0 0 15 0 0 0 20 22 0 0 0 0 0 0
P11487 2012 8 0 8 0 0 0 0 14 0 0 0 0 0 0 11 0 12 12 0 0 0 0 0 10 0 10 14 0 0 0 9 0
P11487 2012 9 8 0 0 0 0 0 0 0 0 0 0 0 0 0 7 0 0 7 0 0 7 0 0 0 0 0 0 0 0 0 -999
P11487 2012 10 9 0 0 0 0 0 0 0 22 0 39 0 0 0 0 0 0 0 0 0 0 0 0 10 11 0 22 0 16 0 39
P11487 2012 11 33 58 0 24 13 13 0 6 7 29 41 0 0 0 3 0 0 0 44 34 0 0 0 0 0 0 0 0 24 0 -999
P11487 2012 12 17 0 0 0 0 34 38 32 0 0 0 7 14 57 45 45 40 27 16 16 0 19 6 13 14 10 0 0 0 16 54
P11487 2013 1 36 13 16 39 28 10 12 15 7 0 0 4 0 1 0 0 5 0 7 0 2 0 0 0 0 0 0 0 0 16 0
P11487 2013 2 2 0 0 4 0 0 4 0 0 0 0 5 0 61 47 17 18 33 56 47 0 45 39 68 23 12 0 2 -999 -999 -999
P11487 2013 3 0 0 0 0 9 0 13 0 30 41 72 62 56 24 16 0 30 0 0 23 16 31 38 14 0 0 0 30 0 41 68
P11487 2013 4 35 17 10 15 22 25 32 16 0 0 6 0 19 23 17 25 0 0 15 13 37 0 18 26 49 0 6 0 0 0 -999
P11487 2013 5 7 10 9 0 19 0 0 26 27 36 44 32 12 10 0 0 39 0 20 0 16 4 0 0 0 0 0 0 8 0 11
P11487 2013 6 0 24 0 0 17 0 24 0 37 40 37 0 27 0 0 0 0 15 0 0 9 0 11 0 0 0 0 0 25 0 -999
P11487 2013 7 16 0 0 0 21 0 0 17 0 0 8 0 0 0 13 0 0 0 0 0 0 0 0 17 0 12 0 0 0 17 0
P11487 2013 8 0 0 0 0 0 0 0 0 0 0 0 0 0 0 0 19 0 0 0 0 0 0 0 0 16 0 0 15 0 22 31
P11487 2013 9 25 0 0 0 0 0 10 9 0 0 0 16 0 0 0 10 0 0 0 18 20 0 0 0 0 0 0 0 0 0 -999
P11487 2013 10 0 0 0 0 0 0 0 0 0 0 0 0 8 10 11 16 31 0 15 0 9 8 0 0 0 5 0 0 7 0 3
P11487 2013 11 0 0 0 0 0 0 5 0 14 16 20 0 9 10 0 0 13 76 133 81 0 59 81 75 36 49 46 0 0 14 -999
P11487 2013 12 0 41 30 30 4 0 7 9 0 0 0 0 8 0 0 0 0 0 3 5 0 0 0 13 11 17 17 15 0 28 14
P11487 2014 1 18 0 0 8 14 0 10 15 12 6 10 13 0 13 16 11 0 0 0 0 0 2 2 0 0 17 29 39 73 72 0
P11487 2014 2 26 40 22 0 22 30 33 56 30 49 10 11 19 0 5 0 0 11 0 0 11 0 0 0 0 0 6 0 -999 -999 -999