precip	MIROC5	RCP60	REGRESION	decimas	1
P11052	40.847	-2.496	182	geo	2006	2100	-1
P11052 2006 1 0 0 0 9 8 14 0 7 0 6 15 70 177 77 0 99 66 74 48 0 7 7 27 16 0 0 10 14 0 0 0
P11052 2006 2 10 0 29 17 0 0 0 0 0 0 0 21 0 43 35 32 23 13 0 39 0 19 16 0 0 0 10 15 -999 -999 -999
P11052 2006 3 37 56 69 96 98 83 96 91 56 34 55 45 30 26 26 50 99 101 76 33 46 32 33 26 27 29 0 35 57 43 73
P11052 2006 4 29 34 26 0 16 0 0 37 14 1 0 0 0 8 0 0 16 8 0 7 0 3 6 0 17 0 51 0 39 0 -999
P11052 2006 5 0 0 23 30 28 49 21 11 0 0 6 14 0 27 0 11 17 0 0 0 0 0 6 8 0 0 10 0 0 0 9
P11052 2006 6 0 0 0 0 0 0 0 0 0 10 11 17 17 10 0 11 0 13 0 11 9 0 0 0 14 0 0 16 0 22 -999
P11052 2006 7 0 14 0 0 0 0 0 21 0 0 0 0 0 0 0 0 0 0 0 0 0 10 0 0 0 0 0 0 0 0 21
P11052 2006 8 0 11 0 0 0 0 0 0 6 0 0 0 0 0 16 9 0 0 9 16 17 0 0 0 14 0 8 0 10 0 18
P11052 2006 9 0 0 0 13 0 10 0 8 17 19 0 0 9 0 0 16 0 27 0 0 0 0 17 0 14 0 7 0 0 12 -999
P11052 2006 10 0 0 0 0 0 0 0 0 0 14 0 0 19 0 0 20 10 0 9 0 0 0 0 0 18 0 0 0 0 10 0
P11052 2006 11 0 12 0 0 0 0 22 22 8 0 0 0 0 2 0 4 5 4 0 11 27 24 0 50 0 10 0 0 2 0 -999
P11052 2006 12 1 0 0 0 0 0 22 45 36 0 25 0 27 22 46 73 24 0 0 0 19 44 94 54 40 35 21 17 18 20 11
P11052 2007 1 0 13 6 0 0 0 0 0 0 0 0 2 0 0 0 0 0 3 0 19 0 0 0 16 0 0 18 37 37 27 19
P11052 2007 2 12 18 34 40 20 0 26 89 179 143 33 24 0 0 15 0 0 0 26 27 0 26 40 0 28 26 25 0 -999 -999 -999
P11052 2007 3 0 25 27 35 44 33 17 0 0 11 23 63 65 84 51 21 22 15 11 24 15 27 0 5 0 0 0 0 5 4 0
P11052 2007 4 0 0 0 0 0 26 0 0 0 3 13 24 50 20 0 14 20 35 41 0 29 29 35 40 0 0 9 0 0 0 -999
P11052 2007 5 0 0 0 18 45 26 14 0 13 0 0 0 28 32 0 0 0 23 0 17 7 0 0 0 0 0 0 0 0 0 20
P11052 2007 6 30 20 0 0 0 21 0 0 0 0 10 0 0 0 11 8 0 0 8 0 0 0 0 0 8 12 0 18 21 0 -999
P11052 2007 7 14 15 0 0 16 9 0 0 17 27 26 0 0 6 0 0 0 0 18 0 0 0 0 0 0 13 18 0 0 0 0
P11052 2007 8 0 0 0 0 0 0 0 0 0 0 0 0 0 0 0 9 0 13 19 19 0 0 2 0 0 17 18 17 16 12 0
P11052 2007 9 0 0 0 0 0 0 0 0 7 0 0 0 7 11 0 0 0 0 4 5 0 0 8 0 0 0 0 0 0 0 -999
P11052 2007 10 0 7 10 0 0 0 0 0 0 0 27 0 39 42 0 10 0 30 10 0 0 36 0 39 16 0 26 0 0 0 0
P11052 2007 11 10 0 18 0 0 11 0 0 20 0 0 21 15 0 0 0 0 0 1 2 0 0 5 13 8 8 10 0 25 20 -999
P11052 2007 12 0 9 13 0 17 18 0 13 0 3 7 0 3 0 0 0 0 27 0 0 9 0 0 10 9 8 12 16 5 8 12
P11052 2008 1 21 34 43 50 0 2 0 0 0 0 7 0 0 20 25 22 0 8 18 27 57 63 31 16 27 0 72 47 30 45 57
P11052 2008 2 106 49 64 0 0 44 0 62 0 33 51 28 12 13 32 43 17 46 0 31 0 12 12 16 21 0 24 0 -999 -999 -999
P11052 2008 3 16 0 0 0 0 0 0 0 0 0 0 0 0 16 7 0 0 0 0 0 5 6 0 0 9 0 0 2 0 0 0
P11052 2008 4 5 0 0 22 23 0 4 0 0 0 0 10 20 0 37 42 40 0 13 0 0 0 0 0 0 0 0 0 19 23 -999
P11052 2008 5 0 0 0 8 18 0 14 9 12 26 45 19 18 0 21 0 14 8 20 42 38 24 35 19 0 10 11 0 0 14 0
P11052 2008 6 0 8 0 0 0 23 0 8 0 0 0 16 14 33 23 0 0 12 0 8 7 0 0 0 5 0 0 0 0 0 -999
P11052 2008 7 0 0 2 0 0 11 0 0 29 0 13 0 14 0 16 0 0 0 0 11 0 0 0 15 0 0 0 0 0 0 18
P11052 2008 8 0 19 0 0 0 0 0 0 0 17 0 0 16 10 5 0 0 0 0 0 10 0 0 0 0 0 0 0 0 4 0
P11052 2008 9 0 8 0 0 11 8 0 0 14 14 0 0 0 20 0 0 11 0 12 0 0 12 0 17 19 15 0 0 37 29 -999
P11052 2008 10 24 18 0 0 0 5 0 0 0 0 32 0 30 18 0 4 0 11 0 0 0 0 10 0 0 30 44 0 28 0 13
P11052 2008 11 18 0 0 0 0 0 0 4 0 12 29 0 0 0 0 3 8 0 9 5 0 0 0 2 0 0 0 0 0 2 -999
P11052 2008 12 0 0 0 1 2 0 0 5 12 32 36 12 19 23 0 3 0 0 0 0 4 7 0 0 12 0 19 14 0 0 0
P11052 2009 1 0 0 0 0 0 0 0 5 0 0 0 20 0 19 20 9 2 0 0 0 0 2 0 0 0 2 0 2 0 0 0
P11052 2009 2 5 12 14 0 13 0 0 5 3 0 8 0 0 0 0 0 1 0 0 0 4 4 0 0 9 7 0 42 -999 -999 -999
P11052 2009 3 72 65 63 25 0 15 0 42 60 30 19 14 0 19 42 40 68 46 30 0 0 0 20 0 25 61 48 80 67 52 0
P11052 2009 4 22 46 33 15 29 50 22 18 13 11 0 28 40 0 0 20 0 0 10 0 25 16 0 0 0 5 0 0 26 47 -999
P11052 2009 5 33 34 0 0 22 36 0 0 19 30 36 0 0 0 0 2 0 0 22 0 0 0 25 0 0 0 0 9 0 0 0
P11052 2009 6 0 0 0 0 19 0 0 0 9 0 0 0 6 0 0 0 0 9 5 0 0 0 0 0 0 0 0 0 0 0 -999
P11052 2009 7 0 0 0 0 0 18 0 0 0 0 0 0 0 12 0 0 7 0 12 0 0 0 12 0 0 0 0 0 6 11 0
P11052 2009 8 0 0 0 0 9 0 0 0 0 18 0 0 0 0 0 0 0 0 0 0 0 0 0 0 0 0 7 0 16 23 17
P11052 2009 9 0 17 0 0 0 0 0 9 0 0 0 0 12 4 3 10 0 0 0 0 15 21 19 0 6 0 0 0 0 0 -999
P11052 2009 10 8 0 0 0 0 0 3 0 0 0 0 16 0 0 0 22 23 23 19 0 14 8 0 35 10 7 4 0 5 6 0
P11052 2009 11 0 0 4 4 0 0 0 0 8 0 0 0 4 4 7 10 19 8 0 0 0 12 0 20 0 0 20 0 14 0 -999
P11052 2009 12 22 23 39 18 44 0 71 32 0 56 0 15 17 0 8 0 0 0 30 20 14 14 0 13 13 0 31 32 21 0 0
P11052 2010 1 0 10 0 64 0 21 13 0 0 16 8 8 16 0 10 18 13 0 5 11 9 0 3 0 0 0 0 0 9 15 16
P11052 2010 2 0 0 4 0 0 32 19 0 10 0 0 0 0 0 0 0 3 4 7 11 0 0 0 0 0 0 0 0 -999 -999 -999
P11052 2010 3 0 0 0 8 0 21 27 26 43 0 25 0 0 9 0 0 10 25 52 49 0 0 0 0 2 2 0 0 0 0 0
P11052 2010 4 13 0 0 19 0 16 0 32 35 0 27 28 0 25 41 59 0 0 8 0 0 22 15 19 42 0 10 12 35 29 -999
P11052 2010 5 0 10 0 0 30 16 7 7 0 0 17 0 0 15 0 32 0 16 0 0 0 11 0 0 0 38 41 16 0 0 0
P11052 2010 6 15 22 20 0 11 0 0 0 0 2 0 12 0 0 0 0 0 0 0 0 0 9 6 0 0 0 12 0 0 0 -999
P11052 2010 7 18 23 10 0 9 0 11 0 0 0 0 0 0 5 0 0 0 0 0 0 7 0 9 0 0 0 8 0 6 0 0
P11052 2010 8 0 0 0 0 0 0 0 0 0 0 0 14 11 0 0 13 0 0 0 0 0 0 0 13 0 0 0 0 0 0 0
P11052 2010 9 0 9 0 15 0 0 0 13 21 0 14 20 31 0 33 10 0 14 20 0 0 0 0 9 0 0 0 0 0 0 -999
P11052 2010 10 0 0 0 0 0 9 0 11 0 30 38 24 39 36 0 16 0 0 0 0 0 25 22 0 10 0 0 6 0 14 8
P11052 2010 11 9 0 10 0 0 0 0 0 4 0 3 0 0 0 6 10 15 0 0 7 0 0 3 3 4 0 2 0 1 0 -999
P11052 2010 12 6 0 0 0 0 17 17 8 0 12 5 15 27 0 0 3 0 6 0 0 0 0 0 0 0 0 0 10 0 0 0
P11052 2011 1 2 5 0 7 10 0 1 0 3 0 5 0 0 0 0 0 0 0 0 3 0 0 71 27 21 0 10 0 0 0 0
P11052 2011 2 0 0 6 0 15 18 15 7 0 0 0 15 16 11 16 12 0 8 0 10 0 0 0 7 0 9 0 37 -999 -999 -999
P11052 2011 3 44 23 0 9 0 11 0 0 0 0 26 33 25 24 38 84 117 56 33 37 37 47 66 128 66 0 30 49 0 0 0
P11052 2011 4 0 24 19 0 0 13 0 16 0 25 0 25 0 0 7 12 0 37 28 26 26 13 0 5 4 0 0 0 0 0 -999
P11052 2011 5 0 18 0 9 0 0 0 0 0 33 0 7 0 0 0 11 0 6 0 0 26 0 0 13 17 0 0 0 0 21 0
P11052 2011 6 11 12 8 0 0 0 0 0 0 14 0 0 0 0 16 13 0 0 0 0 0 18 0 0 0 0 0 0 0 0 -999
P11052 2011 7 0 0 0 13 0 0 0 0 0 0 0 0 0 14 0 0 5 0 0 11 25 16 5 5 0 0 4 0 0 0 0
P11052 2011 8 3 5 0 0 3 0 0 0 0 0 12 0 0 0 9 0 0 0 0 13 0 0 0 0 8 0 4 0 0 0 0
P11052 2011 9 0 0 0 0 0 0 0 0 33 42 14 0 0 0 3 2 0 0 0 0 0 4 6 0 0 0 5 0 0 14 -999
P11052 2011 10 12 0 0 0 0 0 0 0 0 0 0 0 0 12 0 8 0 0 5 0 14 0 0 0 15 0 0 10 0 31 27
P11052 2011 11 0 0 17 34 63 67 60 0 0 5 6 8 11 4 0 0 35 24 0 0 0 68 74 66 0 8 0 12 8 0 -999
P11052 2011 12 0 14 30 17 0 0 0 0 0 0 0 18 0 7 0 35 50 47 55 50 70 0 31 17 14 35 0 20 0 22 33
P11052 2012 1 60 28 6 0 0 0 0 0 0 0 0 3 0 0 0 0 0 0 6 0 0 0 0 0 0 0 0 0 13 17 0
P11052 2012 2 0 18 44 27 0 7 0 6 0 0 0 0 0 1 0 0 0 8 28 26 20 0 7 8 18 0 3 19 -999 -999 -999
P11052 2012 3 45 75 42 27 0 0 12 0 1 0 0 0 0 14 0 23 26 23 0 34 32 0 13 0 17 0 0 0 0 0 0
P11052 2012 4 4 10 0 1 0 0 0 34 14 0 6 13 0 79 0 32 36 0 20 18 13 0 0 39 66 57 43 39 40 39 -999
P11052 2012 5 23 22 0 16 0 0 0 15 0 21 16 23 27 0 32 23 17 0 0 0 9 15 13 12 0 33 0 0 8 0 0
P11052 2012 6 0 0 0 0 0 0 0 14 33 23 0 0 17 0 0 0 0 0 0 0 0 8 0 0 6 0 0 0 0 11 -999
P11052 2012 7 0 0 0 0 0 13 0 0 0 0 17 0 0 10 8 0 0 0 0 0 0 11 0 18 20 0 9 0 7 0 0
P11052 2012 8 0 6 0 0 0 0 10 0 10 0 0 0 0 0 0 0 0 0 5 6 0 0 7 0 0 13 12 8 0 0 0
P11052 2012 9 6 0 0 0 0 17 22 7 5 4 0 0 0 0 0 0 7 0 0 6 0 0 0 12 0 0 0 0 0 0 -999
P11052 2012 10 6 4 0 0 0 3 0 0 0 0 47 17 0 0 19 0 15 14 16 0 18 0 16 0 0 13 23 0 0 40 35
P11052 2012 11 0 59 51 22 12 0 0 0 0 0 42 7 0 2 0 0 0 0 54 39 18 0 4 0 9 13 12 18 27 0 -999
P11052 2012 12 0 0 12 15 13 45 45 38 0 11 12 0 19 72 46 49 44 0 0 15 0 24 0 15 0 9 0 0 0 15 63
P11052 2013 1 38 14 21 48 0 9 0 15 6 3 0 0 0 1 0 0 0 0 0 1 0 0 0 1 1 0 0 0 0 0 0
P11052 2013 2 0 0 0 0 0 0 0 3 7 4 0 6 21 75 0 0 21 45 70 54 44 51 43 79 22 0 0 0 -999 -999 -999
P11052 2013 3 9 16 7 14 0 6 13 40 33 0 92 0 63 23 16 26 33 24 24 24 17 38 44 15 0 14 20 0 38 0 79
P11052 2013 4 34 15 9 15 21 0 0 14 5 0 5 0 0 0 16 28 10 9 0 0 39 30 0 27 56 21 0 0 4 0 -999
P11052 2013 5 0 9 0 21 17 7 13 28 0 37 45 30 9 8 23 34 38 29 0 16 14 3 0 9 0 0 0 0 0 7 9
P11052 2013 6 0 23 25 0 14 12 0 32 0 41 38 33 24 0 0 0 11 0 0 6 0 7 9 0 0 0 36 0 24 18 -999
P11052 2013 7 12 0 0 0 18 0 0 0 7 0 0 0 0 0 0 0 20 5 5 0 0 0 0 13 0 0 11 0 0 0 0
P11052 2013 8 12 0 0 0 0 17 17 19 0 0 0 12 0 0 11 18 0 0 0 5 0 0 13 0 0 0 0 13 0 0 0
P11052 2013 9 24 15 13 3 0 0 0 7 0 0 0 0 6 0 0 0 0 0 0 16 17 12 0 0 0 0 0 5 4 0 -999
P11052 2013 10 0 0 0 0 0 0 0 0 0 0 0 11 0 9 10 15 31 0 13 0 8 0 0 0 0 0 0 0 6 4 0
P11052 2013 11 0 0 0 0 0 0 0 7 14 15 21 16 8 0 0 0 14 96 161 84 42 0 100 0 0 61 51 31 13 0 -999
P11052 2013 12 0 45 31 29 0 0 0 0 12 0 0 8 0 0 0 5 0 0 0 0 0 0 0 0 13 21 0 17 27 33 15
P11052 2014 1 22 0 0 0 15 16 10 0 13 6 11 13 17 14 18 12 0 0 0 0 0 2 0 0 0 0 36 47 85 76 35
P11052 2014 2 30 46 22 29 0 0 40 0 0 53 0 0 0 0 0 5 5 0 27 0 12 0 0 0 5 4 8 28 -999 -999 -999