precip	MIROC5	RCP60	REGRESION	decimas	1
P13129	41.563	-3.060	182	geo	2006	2100	-1
P13129 2006 1 0 0 0 7 0 10 5 0 8 0 13 43 103 49 28 58 45 52 31 0 8 7 0 0 8 10 0 13 21 22 10
P13129 2006 2 0 26 23 0 0 0 0 0 2 0 0 15 22 0 26 25 20 13 20 30 24 15 0 10 9 6 0 12 -999 -999 -999
P13129 2006 3 0 42 49 68 69 58 67 63 46 29 0 35 28 23 23 37 61 65 55 30 37 27 26 23 0 0 26 30 42 34 0
P13129 2006 4 28 29 24 27 0 0 11 23 0 0 0 0 0 0 10 12 0 0 0 8 0 5 0 13 0 26 40 44 0 0 -999
P13129 2006 5 0 25 21 26 24 0 20 13 0 10 0 0 0 24 16 12 15 16 0 0 0 0 0 0 0 0 0 0 0 0 0
P13129 2006 6 0 11 0 0 0 0 0 0 19 12 0 0 21 0 0 0 0 0 0 0 13 11 0 0 0 0 20 0 0 26 -999
P13129 2006 7 24 18 0 13 0 21 0 24 0 0 0 0 21 0 0 0 0 0 0 0 21 16 0 0 0 0 0 10 0 0 0
P13129 2006 8 0 0 0 11 0 0 0 0 0 0 0 0 0 0 21 13 0 0 12 20 21 0 0 21 19 16 0 0 0 22 21
P13129 2006 9 0 0 0 0 0 0 0 0 20 20 0 9 0 12 13 0 24 0 14 0 0 16 19 0 13 0 9 12 14 15 -999
P13129 2006 10 8 0 0 10 9 0 0 0 14 0 0 16 19 0 0 0 13 0 11 0 0 0 8 10 0 0 0 0 20 14 0
P13129 2006 11 0 0 0 0 8 10 0 0 0 0 0 0 0 0 0 0 0 6 4 10 17 20 21 0 0 0 5 0 0 0 -999
P13129 2006 12 0 0 0 0 4 0 0 0 24 0 0 18 21 20 31 49 19 0 4 0 14 28 53 37 0 30 19 15 17 0 0
P13129 2007 1 11 13 10 0 0 0 0 0 0 2 0 0 0 0 0 0 0 0 0 0 7 0 0 15 20 19 14 0 28 0 15
P13129 2007 2 0 0 27 0 18 13 19 0 99 80 29 20 0 12 13 0 12 24 19 17 19 0 25 21 19 19 0 24 -999 -999 -999
P13129 2007 3 17 19 20 24 30 26 15 0 13 9 0 43 44 55 36 0 17 15 0 21 0 20 0 0 0 0 0 7 0 0 0
P13129 2007 4 0 0 4 0 0 21 0 0 0 5 11 22 37 19 11 0 20 31 33 25 24 25 29 0 17 18 0 0 0 0 -999
P13129 2007 5 0 5 0 20 36 0 0 0 0 0 0 0 25 26 20 0 0 21 0 0 0 4 0 0 0 0 0 0 0 12 17
P13129 2007 6 22 0 17 0 0 0 17 0 7 0 0 0 28 21 0 12 0 0 0 0 0 14 24 16 13 0 0 21 23 0 -999
P13129 2007 7 0 17 0 0 0 14 18 0 0 29 0 0 0 0 0 22 30 23 0 21 0 0 0 0 0 0 26 0 0 0 0
P13129 2007 8 15 0 0 16 0 0 0 0 0 0 0 0 21 0 0 0 16 0 23 0 20 0 0 0 0 19 20 20 20 16 0
P13129 2007 9 8 0 0 0 0 0 0 0 0 0 13 14 0 0 26 0 0 0 0 0 0 0 0 0 0 12 0 0 0 0 -999
P13129 2007 10 0 0 0 0 0 0 0 0 19 22 23 0 32 33 15 12 0 0 13 0 16 30 31 34 18 0 24 14 0 0 14
P13129 2007 11 0 10 19 0 8 0 11 0 14 0 18 0 14 17 10 0 5 0 0 0 4 0 0 13 9 9 0 13 16 14 -999
P13129 2007 12 0 7 0 0 0 0 0 0 5 5 9 8 5 5 0 13 0 0 0 0 0 0 0 8 0 8 12 0 0 0 0
P13129 2008 1 18 24 30 33 15 0 0 0 0 0 0 7 0 13 0 14 0 7 15 22 42 44 0 12 20 40 45 33 24 32 42
P13129 2008 2 66 0 41 29 23 33 0 0 0 24 35 22 11 0 23 31 14 31 0 22 0 9 0 0 0 21 17 18 -999 -999 -999
P13129 2008 3 18 11 0 9 0 0 0 0 0 8 0 13 0 0 6 0 4 0 0 0 0 0 0 0 11 0 9 0 0 0 0
P13129 2008 4 0 5 0 17 17 0 6 0 0 0 0 0 0 0 27 29 0 21 13 0 0 0 0 0 7 0 0 0 0 20 -999
P13129 2008 5 16 0 0 0 0 16 14 0 0 24 37 18 0 26 0 18 0 0 19 33 32 0 0 19 11 0 0 0 0 0 0
P13129 2008 6 13 10 0 0 15 0 14 0 19 21 0 18 16 0 0 8 0 0 12 0 0 0 18 0 0 11 0 0 24 0 -999
P13129 2008 7 0 0 0 0 14 0 22 27 0 0 18 15 0 0 0 0 0 22 0 0 0 0 0 20 0 0 0 0 15 0 0
P13129 2008 8 0 0 0 0 0 0 0 17 18 21 17 0 0 0 11 14 0 0 0 0 0 0 0 0 0 17 17 10 10 0 0
P13129 2008 9 0 0 0 0 0 0 0 0 0 16 0 0 16 0 18 0 0 0 0 0 0 0 0 0 0 0 0 0 31 27 -999
P13129 2008 10 24 0 0 17 0 0 17 22 16 0 0 34 0 0 0 7 10 12 14 0 0 0 0 19 16 28 0 26 23 0 14
P13129 2008 11 17 10 27 16 8 0 0 0 13 0 25 12 9 6 0 0 10 22 0 0 0 0 8 0 0 0 0 0 0 0 -999
P13129 2008 12 3 0 0 0 0 0 0 0 0 23 25 11 17 19 0 0 0 9 6 0 0 0 0 0 14 21 0 0 0 0 0
P13129 2009 1 2 0 0 7 0 14 0 0 7 0 0 14 14 0 0 0 3 0 0 0 0 0 0 0 0 0 0 2 3 0 0
P13129 2009 2 0 0 11 11 0 8 0 0 3 0 0 5 8 0 0 0 1 0 0 8 6 6 6 6 4 5 0 32 -999 -999 -999
P13129 2009 3 45 41 0 17 15 14 14 29 34 18 0 9 0 16 28 30 44 37 28 21 8 0 20 23 0 40 32 0 45 39 23
P13129 2009 4 18 27 25 15 0 33 20 15 0 0 0 20 0 19 23 17 0 10 0 19 0 13 0 0 0 0 0 0 0 0 -999
P13129 2009 5 0 24 24 0 0 27 15 0 0 21 0 15 0 0 0 0 0 11 18 0 27 27 25 18 0 0 0 0 0 0 0
P13129 2009 6 14 0 13 17 0 0 19 0 12 16 7 0 0 0 25 23 0 0 0 0 0 14 15 0 0 0 0 0 0 0 -999
P13129 2009 7 0 0 0 15 16 0 15 0 0 0 0 0 0 16 0 0 0 0 0 18 24 0 0 0 0 0 0 0 0 0 0
P13129 2009 8 0 0 0 0 12 0 0 16 0 0 0 0 0 0 0 0 0 0 0 0 0 0 0 22 0 0 9 15 0 0 20
P13129 2009 9 26 0 9 0 0 6 0 0 0 20 28 17 0 0 0 0 0 12 0 0 0 0 23 19 9 0 10 0 9 0 -999
P13129 2009 10 0 0 6 0 6 6 0 0 0 13 0 0 14 13 0 17 0 0 18 0 14 0 13 28 0 0 0 0 0 0 11
P13129 2009 11 0 0 0 0 0 0 0 11 9 0 0 6 6 0 10 12 0 0 11 17 0 0 20 15 0 0 0 15 0 17 -999
P13129 2009 12 19 21 31 0 39 44 49 0 21 37 31 14 15 0 0 0 10 17 23 0 12 13 0 15 15 18 25 21 17 9 9
P13129 2010 1 0 0 0 39 41 16 0 0 9 11 0 0 11 7 0 15 13 0 0 0 0 0 0 0 0 0 0 4 5 9 0
P13129 2010 2 0 0 0 0 13 22 0 0 0 0 0 0 0 0 0 0 0 5 0 12 9 14 10 0 0 7 0 0 -999 -999 -999
P13129 2010 3 5 0 5 0 0 15 0 15 0 25 18 0 8 0 0 0 7 18 32 30 0 0 0 0 0 3 0 0 5 0 8
P13129 2010 4 13 14 25 18 0 0 0 0 29 0 23 21 24 0 30 36 0 0 0 14 21 0 0 19 30 0 10 0 27 0 -999
P13129 2010 5 19 12 19 24 22 15 9 0 8 11 0 18 13 14 20 26 0 17 13 5 8 0 0 10 0 29 33 20 0 14 0
P13129 2010 6 0 0 20 15 12 0 11 10 5 0 8 0 0 0 0 0 0 7 7 9 0 0 0 0 0 0 0 15 0 23 -999
P13129 2010 7 0 25 0 0 13 0 0 0 0 19 0 0 0 0 14 0 14 0 0 0 0 0 0 0 0 0 0 0 0 0 0
P13129 2010 8 0 0 13 0 0 0 0 0 0 0 0 0 0 14 20 21 0 20 0 0 0 7 0 16 0 0 12 0 0 0 19
P13129 2010 9 0 0 0 19 12 0 10 0 0 20 16 22 0 0 29 0 0 0 0 15 0 0 0 0 17 17 0 8 0 0 -999
P13129 2010 10 0 0 0 6 0 0 0 0 21 26 32 0 34 29 21 16 13 0 19 12 0 19 18 0 11 9 0 9 18 15 0
P13129 2010 11 0 0 12 9 6 0 0 0 0 0 0 0 0 0 0 0 0 12 0 0 7 0 0 0 0 0 0 0 0 0 -999
P13129 2010 12 0 6 9 14 13 0 0 0 0 9 0 0 21 0 0 4 0 0 12 0 0 0 0 0 3 4 0 0 0 0 0
P13129 2011 1 0 0 0 0 10 0 0 0 0 0 0 0 0 0 0 4 0 1 0 6 16 22 46 22 18 0 11 0 5 4 0
P13129 2011 2 0 0 0 16 15 17 14 9 0 0 6 15 16 12 0 13 0 0 8 0 0 0 14 0 7 0 11 22 -999 -999 -999
P13129 2011 3 26 16 0 0 0 0 0 0 0 0 17 22 19 18 27 48 0 34 24 25 26 32 44 76 43 15 0 39 0 0 0
P13129 2011 4 14 0 0 0 12 0 0 14 0 0 0 19 0 0 0 0 25 0 0 0 23 0 8 0 0 0 0 0 0 5 -999
P13129 2011 5 0 18 0 10 0 8 10 0 0 29 0 0 0 16 0 0 0 0 12 0 28 17 0 16 0 21 23 0 0 17 17
P13129 2011 6 0 0 10 0 8 0 13 0 19 19 0 18 17 0 0 0 8 0 7 0 0 0 18 0 0 0 19 16 0 13 -999
P13129 2011 7 0 0 0 0 0 0 0 0 0 0 8 0 0 19 18 0 0 0 0 0 0 20 0 0 0 16 0 0 0 20 0
P13129 2011 8 0 0 0 0 0 9 0 0 0 0 0 0 11 9 0 14 15 0 0 0 0 0 0 0 0 0 0 16 18 0 0
P13129 2011 9 0 0 0 16 0 0 7 0 30 36 16 0 6 0 0 4 0 3 0 0 0 0 0 0 8 0 0 0 0 0 -999
P13129 2011 10 0 13 0 8 0 0 0 0 10 0 11 0 0 0 0 0 9 0 0 0 0 0 0 0 0 0 0 0 0 0 21
P13129 2011 11 0 10 18 30 46 46 40 17 0 0 0 0 0 0 5 0 22 0 7 0 9 40 44 37 14 8 0 11 0 0 -999
P13129 2011 12 6 12 21 14 10 0 0 3 0 0 0 17 15 0 9 0 40 35 43 38 46 26 23 16 0 26 24 22 21 21 27
P13129 2012 1 39 22 7 0 0 0 3 4 0 0 3 0 0 0 0 4 8 0 0 6 6 0 2 0 0 3 4 0 11 15 7
P13129 2012 2 0 0 0 18 7 5 4 5 0 0 0 0 3 0 0 0 0 0 21 20 14 7 4 5 0 0 4 0 -999 -999 -999
P13129 2012 3 31 44 0 0 17 0 12 0 0 0 0 0 0 13 0 0 0 19 19 27 0 18 0 0 17 0 0 8 0 0 0
P13129 2012 4 0 10 0 0 0 0 28 26 0 8 0 0 21 50 40 27 0 0 15 14 0 0 10 29 41 35 0 0 28 29 -999
P13129 2012 5 21 0 20 0 0 0 12 15 22 20 0 22 0 29 27 21 0 0 0 0 0 0 14 0 0 0 24 13 0 0 0
P13129 2012 6 6 6 0 0 0 0 0 17 30 22 16 0 16 19 22 0 7 8 0 0 0 12 0 9 0 0 0 0 0 14 -999
P13129 2012 7 0 0 0 0 0 0 0 0 0 0 26 26 0 0 0 0 0 0 0 15 0 0 0 0 24 0 14 0 0 0 0
P13129 2012 8 0 0 0 0 0 16 0 0 0 0 0 0 0 0 15 0 14 0 0 0 0 10 12 0 0 14 15 0 0 0 0
P13129 2012 9 0 0 0 0 0 0 21 0 0 0 0 0 13 0 0 0 0 10 0 0 0 0 0 16 0 0 13 0 0 0 -999
P13129 2012 10 0 0 0 0 0 0 0 0 0 0 36 0 0 0 0 22 16 0 18 0 0 0 18 0 0 14 0 19 17 37 34
P13129 2012 11 33 50 38 23 14 16 0 0 9 28 0 9 0 0 0 0 0 23 37 28 15 0 0 0 0 0 13 0 22 20 -999
P13129 2012 12 14 0 0 0 0 0 33 29 12 11 11 7 0 44 37 37 31 21 14 15 10 17 0 13 14 11 8 7 12 0 39
P13129 2013 1 24 0 0 29 24 0 12 0 0 6 0 0 0 0 0 0 5 6 0 0 2 0 0 0 2 0 0 0 9 16 10
P13129 2013 2 0 0 0 0 0 4 0 7 11 0 0 5 0 49 37 15 14 28 46 39 0 40 34 53 0 0 0 0 -999 -999 -999
P13129 2013 3 6 8 0 0 9 0 0 0 0 33 58 51 46 22 0 21 25 21 22 21 15 28 33 15 0 0 0 27 32 36 52
P13129 2013 4 29 16 0 15 0 22 27 15 7 0 0 0 0 0 17 24 0 0 15 13 30 26 0 0 39 0 0 0 7 0 -999
P13129 2013 5 0 0 8 19 15 0 12 0 0 31 35 27 0 11 23 33 31 25 19 0 15 5 0 0 0 0 0 0 0 0 0
P13129 2013 6 0 0 0 21 17 17 0 32 32 37 33 31 26 0 16 0 0 0 14 0 12 0 0 0 0 30 33 23 0 20 -999
P13129 2013 7 16 14 0 0 0 25 24 0 0 0 0 0 0 0 0 0 24 0 0 0 0 19 0 0 0 0 0 0 18 0 0
P13129 2013 8 0 0 0 26 24 0 0 21 20 0 17 0 11 0 0 19 0 0 0 0 0 0 0 0 0 11 0 0 0 23 0
P13129 2013 9 26 0 0 0 0 0 0 0 0 0 20 0 8 0 0 0 0 0 0 0 21 17 12 6 0 0 0 8 7 0 -999
P13129 2013 10 0 7 0 0 0 0 0 0 0 15 0 12 9 11 0 15 0 20 15 9 9 8 0 0 0 0 0 0 0 0 0
P13129 2013 11 0 0 0 0 3 0 0 7 0 14 15 0 8 9 11 0 0 0 0 63 33 51 63 56 30 0 36 25 14 0 -999
P13129 2013 12 16 36 28 27 0 0 0 0 0 0 4 0 0 7 9 0 0 0 0 0 6 7 0 14 0 17 15 0 20 24 13
P13129 2014 1 0 0 0 9 15 0 11 14 0 0 0 14 19 0 16 0 0 0 0 0 0 0 0 0 11 15 24 31 55 52 0
P13129 2014 2 22 31 20 26 21 28 29 42 25 40 0 11 20 9 0 0 0 0 21 8 10 0 10 0 0 0 7 0 -999 -999 -999