precip	MIROC5	RCP60	REGRESION	decimas	1
P14778	42.100	-5.933	182	geo	2006	2100	-1
P14778 2006 1 0 0 0 8 0 18 0 17 0 0 20 85 136 21 64 70 0 42 0 0 0 0 14 11 11 14 0 0 30 28 0
P14778 2006 2 0 77 33 26 0 0 0 0 0 0 0 17 17 0 18 0 11 0 17 11 6 6 6 0 0 0 0 8 -999 -999 -999
P14778 2006 3 28 45 77 88 64 88 73 70 41 39 48 32 28 23 0 62 99 94 66 39 39 36 34 25 33 34 29 44 45 35 29
P14778 2006 4 20 34 29 0 18 8 0 0 2 0 0 0 12 10 0 0 0 0 0 0 0 0 0 18 27 30 0 28 0 19 -999
P14778 2006 5 17 19 20 30 0 38 18 13 0 0 0 0 0 20 0 0 13 0 18 11 0 4 0 0 0 0 0 22 0 16 0
P14778 2006 6 11 0 0 0 0 0 0 0 0 0 0 23 0 0 0 0 0 0 0 0 0 9 11 0 0 22 24 0 0 0 -999
P14778 2006 7 0 15 0 0 0 0 0 0 0 0 0 0 31 0 0 0 0 0 0 0 0 0 0 0 0 0 0 0 0 0 0
P14778 2006 8 0 0 0 0 14 0 12 10 0 15 13 0 0 0 0 0 0 0 0 0 0 0 14 0 15 0 8 0 0 24 0
P14778 2006 9 0 0 0 0 0 0 0 0 0 0 5 0 0 12 0 0 17 16 7 14 0 15 14 12 5 0 6 9 0 5 -999
P14778 2006 10 1 0 0 0 0 0 0 0 14 0 14 0 0 26 23 0 14 0 0 0 22 0 0 0 0 19 0 23 0 11 0
P14778 2006 11 18 0 0 0 14 18 42 23 14 0 0 0 0 0 0 0 0 0 0 11 0 12 19 23 0 7 0 0 0 0 -999
P14778 2006 12 0 0 0 0 0 0 0 57 80 0 0 25 25 25 68 56 0 0 0 0 0 49 81 38 45 40 30 31 45 0 0
P14778 2007 1 16 0 9 0 0 0 0 0 0 0 0 0 0 5 0 0 0 0 0 0 0 0 0 0 0 0 0 0 8 12 8
P14778 2007 2 0 8 9 0 0 0 0 66 130 59 21 15 8 7 0 0 15 23 0 23 24 0 33 30 51 44 44 21 -999 -999 -999
P14778 2007 3 0 0 23 50 51 20 0 0 11 0 0 18 34 57 20 15 25 13 15 38 0 0 0 0 0 0 0 0 3 0 0
P14778 2007 4 0 0 0 8 0 0 0 0 0 0 0 37 39 0 10 0 31 0 45 27 15 11 26 17 0 0 0 0 0 0 -999
P14778 2007 5 0 0 0 24 45 0 0 0 0 0 20 19 0 0 18 15 0 23 0 0 0 0 0 0 0 0 0 0 7 0 0
P14778 2007 6 14 12 14 0 0 0 15 0 0 0 0 15 0 0 11 0 0 0 0 0 0 0 22 0 12 0 0 18 19 0 -999
P14778 2007 7 15 16 18 0 16 0 0 0 0 0 29 32 14 0 15 0 0 0 19 0 0 0 0 0 0 0 0 0 0 0 0
P14778 2007 8 0 0 0 0 0 0 0 0 0 0 0 0 0 0 0 0 0 0 0 24 0 5 0 0 0 0 0 0 14 0 0
P14778 2007 9 0 2 0 0 0 0 0 0 0 17 0 20 0 0 0 9 0 0 0 9 0 0 13 20 18 14 15 0 0 0 -999
P14778 2007 10 11 0 0 0 0 0 0 0 0 17 13 0 33 36 15 0 41 62 13 9 0 41 52 32 0 0 0 0 0 0 6
P14778 2007 11 0 4 0 0 0 0 3 6 19 27 50 41 21 28 0 0 0 0 0 4 0 0 2 0 2 6 0 0 0 10 -999
P14778 2007 12 0 0 7 0 0 0 8 0 0 0 0 0 0 0 0 15 23 21 15 0 0 7 0 0 15 10 0 0 0 0 0
P14778 2008 1 6 0 18 21 0 0 1 2 5 6 6 0 12 0 0 0 0 0 16 21 42 40 0 0 0 64 51 0 0 44 66
P14778 2008 2 98 40 76 45 33 48 0 57 25 32 42 9 9 0 35 24 20 47 27 13 0 0 7 0 7 18 26 12 -999 -999 -999
P14778 2008 3 0 0 0 8 5 0 8 0 0 0 0 0 0 11 6 0 0 5 6 0 12 0 0 0 13 7 0 0 0 2 0
P14778 2008 4 0 4 0 0 16 6 2 0 0 0 7 0 21 29 45 0 22 16 11 0 0 0 6 0 0 0 0 0 18 21 -999
P14778 2008 5 0 0 0 0 0 0 0 0 0 0 42 18 0 0 0 12 0 0 21 28 18 25 36 8 7 10 0 0 0 0 0
P14778 2008 6 0 0 0 0 0 20 0 0 0 18 0 0 13 34 8 7 0 0 0 0 0 12 0 0 13 0 0 25 0 0 -999
P14778 2008 7 0 0 0 0 0 0 28 0 0 0 0 0 0 34 0 0 0 0 8 0 0 0 0 18 0 0 0 0 0 0 28
P14778 2008 8 22 0 0 0 0 0 0 0 0 0 12 11 0 0 0 0 0 0 0 0 0 0 0 0 0 0 0 0 0 0 8
P14778 2008 9 12 0 0 0 0 0 0 0 14 0 0 16 16 32 0 0 0 0 0 0 0 17 0 0 0 14 0 25 28 24 -999
P14778 2008 10 24 15 0 0 5 0 0 0 0 10 31 33 30 9 0 0 0 0 19 21 0 22 0 0 21 32 29 16 13 0 21
P14778 2008 11 9 4 20 0 0 0 3 0 4 0 0 0 5 0 0 0 0 25 11 0 0 6 0 0 0 0 4 0 0 0 -999
P14778 2008 12 0 0 0 0 0 0 0 4 5 12 0 0 0 0 0 0 0 0 5 4 0 0 0 11 26 0 13 12 0 0 0
P14778 2009 1 0 0 0 1 0 3 2 0 0 0 0 5 0 0 7 0 0 0 0 0 0 0 0 0 0 0 0 0 0 0 0
P14778 2009 2 0 0 4 0 0 3 0 0 1 2 0 1 0 0 0 0 0 0 0 1 0 0 0 0 0 0 0 0 -999 -999 -999
P14778 2009 3 27 0 0 0 10 0 8 0 15 0 0 0 5 11 13 0 44 42 28 18 0 0 31 20 23 39 36 52 53 40 0
P14778 2009 4 0 0 8 12 0 0 0 0 4 3 0 0 0 13 0 0 0 0 10 0 0 0 0 6 0 0 0 0 0 0 -999
P14778 2009 5 0 23 15 19 19 0 12 0 14 0 7 0 3 0 0 0 0 0 0 0 0 22 0 0 15 0 0 0 0 0 0
P14778 2009 6 0 0 12 0 0 18 15 0 15 8 0 0 0 0 0 0 0 0 0 0 0 0 0 18 0 0 0 13 0 0 -999
P14778 2009 7 29 20 0 0 0 22 0 0 0 0 20 0 21 0 0 0 0 0 0 0 20 0 0 0 0 0 0 0 0 0 33
P14778 2009 8 21 0 0 0 0 0 18 0 0 0 0 0 0 6 0 0 6 8 0 0 0 0 22 18 0 0 0 0 0 0 0
P14778 2009 9 28 19 0 0 0 0 0 0 31 31 24 14 0 0 0 0 0 0 0 0 19 25 0 0 0 0 0 0 0 0 -999
P14778 2009 10 0 0 0 0 0 10 0 8 11 13 0 0 0 14 14 18 19 0 0 0 11 0 22 32 7 0 0 0 9 7 0
P14778 2009 11 0 0 0 0 0 0 0 11 0 5 5 0 0 10 0 0 0 0 12 23 0 0 0 15 0 0 0 14 12 21 -999
P14778 2009 12 13 24 0 0 48 32 35 15 0 34 16 10 10 0 0 10 18 41 28 0 0 0 19 21 40 50 44 33 22 14 19
P14778 2010 1 0 18 39 75 0 10 0 0 13 9 0 9 12 0 13 12 0 6 0 19 0 0 0 6 0 0 0 6 0 0 0
P14778 2010 2 9 0 0 6 8 0 0 0 0 0 0 0 0 0 0 0 0 1 0 0 0 0 2 0 0 0 0 0 -999 -999 -999
P14778 2010 3 0 0 6 8 0 0 0 16 45 32 0 10 0 0 0 0 0 0 36 0 0 0 0 0 0 0 0 0 0 0 8
P14778 2010 4 12 16 0 0 0 22 26 40 31 24 17 0 0 16 43 0 6 5 0 0 0 0 0 0 0 5 6 0 16 11 -999
P14778 2010 5 0 0 15 0 0 0 0 0 0 0 0 14 0 10 13 0 14 0 6 0 0 0 0 0 0 0 23 14 14 0 5
P14778 2010 6 0 0 0 9 0 9 0 0 0 0 0 22 0 0 0 0 0 0 0 0 0 0 0 0 0 0 0 15 0 0 -999
P14778 2010 7 24 22 0 0 0 19 21 0 0 0 0 11 0 0 0 0 0 0 0 0 0 0 0 0 0 0 0 10 0 0 0
P14778 2010 8 0 0 0 17 0 0 0 0 0 0 0 0 9 0 0 0 0 13 0 0 0 0 0 0 0 0 0 0 0 9 0
P14778 2010 9 0 14 30 13 0 0 12 0 19 0 12 0 0 6 6 6 0 0 0 0 0 17 0 0 0 0 0 0 0 10 -999
P14778 2010 10 0 0 0 0 0 14 0 14 0 35 44 27 44 0 15 8 9 10 15 8 0 19 0 5 0 0 6 8 0 0 0
P14778 2010 11 0 5 11 7 0 0 0 0 0 0 0 0 0 0 0 0 9 0 6 0 0 0 0 0 11 8 0 0 0 0 -999
P14778 2010 12 0 0 0 5 0 0 0 0 0 0 0 15 0 17 0 0 0 0 0 0 0 0 0 0 0 0 0 0 0 0 0
P14778 2011 1 0 0 9 15 13 0 0 0 0 7 0 0 0 10 16 0 0 0 0 1 0 16 24 0 0 0 0 0 1 0 7
P14778 2011 2 11 0 5 26 36 40 29 13 0 0 0 12 6 0 10 0 0 0 0 0 0 32 15 0 0 0 0 0 -999 -999 -999
P14778 2011 3 0 18 0 0 0 0 0 0 0 0 0 22 17 0 0 0 0 14 10 14 0 0 49 119 25 0 0 70 0 0 0
P14778 2011 4 0 33 23 11 0 0 9 15 0 0 0 0 10 0 0 0 34 0 0 0 20 12 0 0 0 0 0 0 0 0 -999
P14778 2011 5 0 0 4 0 0 5 0 0 0 0 10 14 20 0 21 17 0 0 0 0 33 0 0 0 15 0 0 0 0 0 0
P14778 2011 6 0 0 0 0 0 0 0 0 0 22 0 0 0 0 0 0 0 0 0 0 18 0 0 0 0 17 15 0 11 0 -999
P14778 2011 7 0 0 0 0 0 0 6 0 0 0 0 0 0 0 0 6 0 15 0 0 0 0 0 0 0 0 0 0 0 0 0
P14778 2011 8 0 0 0 0 0 0 0 0 34 0 0 0 0 0 0 0 0 0 0 0 0 0 0 0 0 0 0 0 0 19 17
P14778 2011 9 9 0 0 0 0 0 0 0 0 24 0 0 0 0 5 0 0 0 0 0 0 0 0 0 0 10 0 0 0 0 -999
P14778 2011 10 0 0 0 0 0 0 11 0 0 13 13 0 18 22 21 16 0 0 0 10 15 20 21 0 0 0 0 0 0 0 14
P14778 2011 11 4 0 6 12 32 46 27 0 5 2 0 0 0 0 0 15 37 23 0 5 10 24 13 0 0 7 7 11 6 0 -999
P14778 2011 12 0 25 0 1 4 0 5 0 0 0 0 11 0 0 9 43 39 0 41 41 39 17 0 0 0 0 21 15 21 18 46
P14778 2012 1 29 10 0 0 0 0 0 5 0 0 0 0 2 0 0 0 0 1 1 2 0 0 0 0 3 0 0 0 12 0 0
P14778 2012 2 0 0 0 0 0 0 0 3 0 0 0 0 0 0 0 0 4 13 25 16 0 7 7 0 4 0 0 0 -999 -999 -999
P14778 2012 3 0 24 20 0 0 0 0 1 0 0 0 4 0 7 0 26 19 16 24 44 44 17 0 32 0 0 0 0 0 0 6
P14778 2012 4 0 6 0 0 0 19 13 13 0 0 0 4 12 53 34 23 13 5 0 6 0 0 11 31 26 0 29 36 23 0 -999
P14778 2012 5 0 19 15 0 0 8 0 13 17 18 15 19 0 30 22 16 0 15 8 0 9 0 8 9 0 0 8 0 0 0 0
P14778 2012 6 0 0 0 0 0 0 0 0 24 15 12 0 0 0 19 7 0 0 0 0 0 0 0 0 0 12 14 16 0 6 -999
P14778 2012 7 9 0 0 0 0 24 0 0 23 0 0 24 17 0 0 0 0 20 0 0 0 0 0 0 25 0 14 0 0 0 0
P14778 2012 8 0 0 15 0 0 0 0 0 0 0 0 0 0 0 0 0 0 13 0 0 11 0 0 0 0 0 12 0 0 0 0
P14778 2012 9 0 0 0 12 13 0 0 0 0 0 0 0 0 0 0 15 0 14 0 0 8 0 0 0 0 0 0 0 17 0 -999
P14778 2012 10 0 0 0 5 0 0 0 0 16 0 51 0 0 0 26 25 31 27 0 0 25 23 0 0 13 17 31 0 19 0 11
P14778 2012 11 32 0 0 12 13 16 5 10 8 28 20 3 0 0 0 0 10 36 49 41 18 0 0 0 10 0 0 26 32 0 -999
P14778 2012 12 9 0 0 0 0 71 56 50 0 0 20 0 0 40 29 36 22 12 11 0 0 15 8 0 7 0 0 4 10 0 0
P14778 2013 1 13 11 0 28 0 0 18 0 0 10 0 0 0 0 0 0 0 0 0 0 0 1 0 0 0 0 0 0 15 17 0
P14778 2013 2 0 0 0 0 0 4 3 5 8 0 0 0 32 64 19 0 13 55 59 44 34 48 34 45 14 0 0 0 -999 -999 -999
P14778 2013 3 0 18 0 0 0 0 21 37 29 50 87 80 53 19 0 41 26 28 31 20 0 52 39 30 30 13 20 30 36 40 47
P14778 2013 4 29 0 0 0 0 15 14 5 0 0 0 0 17 0 0 0 0 0 0 13 25 0 11 28 0 6 5 0 10 0 -999
P14778 2013 5 7 0 0 0 0 0 0 0 21 26 24 10 7 13 0 31 0 18 14 11 5 0 0 0 8 0 3 0 0 0 0
P14778 2013 6 18 0 23 23 0 0 22 34 37 41 32 26 20 12 0 0 12 0 14 0 13 0 0 0 0 0 40 37 33 18 -999
P14778 2013 7 11 0 0 11 0 0 19 0 0 12 0 0 0 0 0 0 0 0 0 0 0 0 0 0 0 0 0 0 19 0 0
P14778 2013 8 0 0 0 0 0 0 0 23 0 0 16 0 0 0 11 0 0 0 0 0 0 12 0 17 16 0 0 0 23 24 34
P14778 2013 9 25 13 0 6 0 0 0 0 0 0 0 0 0 0 8 0 0 0 0 0 0 0 0 3 0 2 0 6 0 0 -999
P14778 2013 10 0 0 0 0 0 0 0 0 0 27 20 14 0 0 0 12 0 10 0 0 7 0 2 0 0 0 0 7 0 0 0
P14778 2013 11 0 0 0 0 0 0 0 4 0 5 0 4 0 2 0 11 17 104 126 42 45 92 92 43 24 82 21 16 7 0 -999
P14778 2013 12 0 31 21 0 0 5 0 20 14 0 16 0 0 0 0 9 0 0 6 12 0 26 22 43 31 37 0 0 53 31 17
P14778 2014 1 21 9 0 0 23 0 14 27 10 0 15 0 13 23 0 10 0 0 0 0 0 0 0 15 19 26 51 60 79 42 25
P14778 2014 2 28 26 21 25 24 52 37 41 27 22 0 0 0 0 0 0 0 0 0 0 9 9 15 0 7 6 10 16 -999 -999 -999