precip	MIROC5	RCP60	REGRESION	decimas	1
P12209	41.241	-2.276	182	geo	2006	2100	-1
P12209 2006 1 0 6 0 0 0 9 0 0 0 6 0 31 66 51 17 39 0 42 32 0 0 0 0 7 0 7 0 14 0 19 10
P12209 2006 2 0 21 22 10 0 0 0 0 0 0 4 11 0 24 27 25 14 8 12 25 22 0 11 0 0 4 0 0 -999 -999 -999
P12209 2006 3 17 30 35 46 49 41 48 48 36 23 33 30 22 19 0 27 41 47 39 21 34 23 26 0 21 0 0 0 0 26 41
P12209 2006 4 22 0 0 0 23 0 0 27 18 0 0 0 8 8 0 11 0 0 0 0 0 0 0 8 15 20 27 33 0 28 -999
P12209 2006 5 24 24 0 20 0 30 0 0 0 10 0 0 0 0 0 0 0 0 15 0 12 0 0 0 0 0 0 0 15 14 0
P12209 2006 6 11 10 0 0 0 0 0 0 0 0 0 0 18 0 0 0 16 0 13 13 11 9 0 12 0 0 14 16 0 23 -999
P12209 2006 7 28 0 0 0 0 0 26 30 0 0 0 10 17 0 0 0 0 0 0 22 0 0 0 0 0 35 0 0 0 0 0
P12209 2006 8 0 0 10 0 0 20 0 0 0 9 11 0 14 0 0 0 0 0 0 0 20 0 0 17 0 0 0 0 0 16 0
P12209 2006 9 0 0 0 0 0 0 0 10 18 0 20 0 9 0 0 0 0 0 0 0 12 0 20 0 0 13 0 0 0 0 -999
P12209 2006 10 0 0 0 0 8 0 0 0 13 0 0 0 0 0 20 19 0 0 0 0 0 16 0 7 0 0 0 0 13 0 0
P12209 2006 11 0 0 8 0 8 8 13 17 8 0 0 0 0 0 0 0 0 0 0 0 0 0 15 26 17 0 0 3 0 0 -999
P12209 2006 12 0 0 0 0 0 0 13 17 16 13 13 16 20 17 21 32 22 0 0 0 10 0 32 38 0 23 14 0 0 0 0
P12209 2007 1 9 0 0 0 0 0 0 0 0 0 2 0 0 0 0 0 0 0 0 14 9 0 0 11 0 0 15 14 0 14 0
P12209 2007 2 8 8 16 0 16 0 18 33 69 60 24 19 0 0 0 0 12 19 0 14 17 16 18 17 12 9 0 23 -999 -999 -999
P12209 2007 3 14 13 13 15 22 20 0 10 9 0 0 36 40 39 33 14 0 0 0 16 0 0 13 7 0 0 0 0 0 4 0
P12209 2007 4 0 0 0 0 0 0 0 0 0 0 8 15 0 0 0 0 0 26 30 25 0 0 0 28 0 17 13 0 0 0 -999
P12209 2007 5 0 0 0 16 0 27 0 0 12 15 18 0 35 36 0 0 0 0 26 0 0 0 0 0 0 0 0 0 0 0 0
P12209 2007 6 0 17 0 17 18 21 0 10 0 0 0 14 0 0 0 11 0 8 0 0 13 0 0 19 0 15 23 0 27 28 -999
P12209 2007 7 0 0 0 0 0 0 0 0 0 0 32 34 29 0 0 17 0 34 33 28 0 0 0 0 0 0 0 0 0 0 0
P12209 2007 8 0 0 0 0 0 16 0 0 0 16 0 0 0 0 0 0 13 0 0 22 0 0 0 0 0 0 19 0 0 19 0
P12209 2007 9 5 0 0 0 0 0 0 0 0 0 11 12 0 0 0 0 0 0 0 0 0 0 10 0 0 0 8 0 0 0 -999
P12209 2007 10 0 0 0 12 0 0 0 0 0 17 18 19 26 30 0 0 11 19 0 0 0 0 24 25 0 0 21 0 0 0 0
P12209 2007 11 0 0 9 0 0 0 10 0 0 11 15 21 12 0 0 0 0 0 2 0 4 0 0 9 0 0 0 11 10 15 -999
P12209 2007 12 12 0 0 0 15 0 0 0 0 0 0 3 2 0 0 7 9 0 10 0 0 4 0 0 7 0 0 0 0 0 6
P12209 2008 1 0 13 25 28 0 0 0 0 5 5 6 0 8 11 0 11 7 0 8 0 30 33 0 0 14 0 0 0 18 26 30
P12209 2008 2 48 31 25 26 15 21 24 30 22 0 33 24 0 8 0 31 0 32 0 0 0 0 0 13 0 26 0 28 -999 -999 -999
P12209 2008 3 20 0 0 0 0 0 0 0 0 0 0 8 12 12 0 0 0 0 0 0 6 0 0 0 0 0 0 0 0 0 2
P12209 2008 4 0 0 8 13 15 0 0 0 4 0 5 9 13 0 22 26 23 17 10 0 0 0 0 0 0 0 0 6 14 17 -999
P12209 2008 5 13 0 0 0 16 22 14 9 0 0 0 0 17 29 0 0 16 0 0 28 30 0 26 0 0 0 13 0 8 0 0
P12209 2008 6 0 0 0 0 0 14 11 9 14 0 0 0 0 27 0 0 0 0 12 11 11 12 0 0 0 0 0 0 23 0 -999
P12209 2008 7 0 0 0 0 0 0 0 21 0 0 0 0 0 28 0 0 0 0 0 0 0 0 0 0 0 0 0 0 0 0 19
P12209 2008 8 0 0 0 0 0 16 17 0 0 27 0 0 0 0 0 0 0 0 0 0 14 0 0 0 11 0 22 15 0 0 0
P12209 2008 9 0 0 0 0 0 0 0 0 0 15 0 0 16 0 0 0 12 0 0 0 0 0 0 17 0 0 0 0 28 30 -999
P12209 2008 10 20 0 0 0 0 0 0 0 0 0 0 31 23 19 0 0 0 0 0 0 15 0 0 0 0 23 32 0 0 14 0
P12209 2008 11 0 0 0 14 0 0 0 0 12 0 14 0 0 5 0 0 0 15 0 0 0 0 0 0 0 0 0 1 0 2 -999
P12209 2008 12 2 0 0 0 2 0 0 4 8 18 22 8 0 15 0 0 0 0 4 0 2 0 0 0 11 17 0 0 6 2 0
P12209 2009 1 0 1 0 0 0 9 0 6 0 0 8 0 14 11 11 0 0 0 0 0 0 0 3 0 0 1 0 0 3 0 0
P12209 2009 2 0 10 7 10 0 6 0 0 0 0 4 2 5 0 0 0 0 0 0 0 3 0 0 6 5 5 5 22 -999 -999 -999
P12209 2009 3 34 34 29 0 11 11 11 22 37 23 0 10 0 0 30 22 23 23 17 17 6 0 0 25 0 32 28 40 33 30 21
P12209 2009 4 0 32 31 17 16 33 22 0 10 7 0 22 31 0 18 16 0 0 0 17 19 0 7 6 0 0 0 0 0 0 -999
P12209 2009 5 0 34 20 19 20 23 16 0 0 30 30 15 0 0 0 0 0 0 16 0 26 24 20 0 14 0 0 0 0 0 12
P12209 2009 6 12 0 0 0 18 0 0 0 0 0 0 6 7 13 21 27 0 0 0 0 0 0 13 13 0 0 0 0 0 13 -999
P12209 2009 7 16 17 0 0 17 23 0 0 0 26 0 0 0 20 14 0 0 10 13 0 0 0 0 0 17 0 0 12 0 15 24
P12209 2009 8 0 0 0 0 0 0 0 18 0 0 0 13 0 0 0 0 0 0 0 0 0 0 0 23 0 0 0 0 18 21 20
P12209 2009 9 26 24 0 0 0 0 6 10 0 16 32 0 0 0 0 0 16 14 14 0 0 24 0 0 0 0 0 0 7 0 -999
P12209 2009 10 0 0 0 6 6 0 0 0 5 9 0 11 9 0 0 16 0 22 19 18 0 0 8 20 0 0 0 0 6 0 11
P12209 2009 11 0 0 0 0 0 0 10 0 6 0 0 0 0 0 0 0 0 0 0 0 0 0 16 0 8 0 0 0 0 0 -999
P12209 2009 12 18 0 20 0 0 36 39 30 17 26 36 0 0 6 0 0 0 0 0 0 0 0 9 11 0 0 0 0 12 0 0
P12209 2010 1 9 0 17 29 29 14 0 0 8 0 0 5 9 0 0 14 0 6 0 0 10 0 1 0 0 0 0 0 0 8 9
P12209 2010 2 8 0 2 0 11 21 14 0 5 0 0 0 0 0 4 2 0 4 0 0 0 9 0 14 4 4 5 0 -999 -999 -999
P12209 2010 3 0 0 0 0 0 13 19 17 19 0 18 9 0 5 4 0 0 0 28 35 15 0 0 2 0 2 3 0 0 0 0
P12209 2010 4 0 0 20 0 0 0 15 0 25 0 24 0 25 25 30 0 0 13 0 14 0 17 0 13 29 16 0 12 0 25 -999
P12209 2010 5 18 15 19 22 18 0 0 0 0 0 16 19 0 0 19 24 20 0 0 0 0 0 0 0 0 0 28 0 0 0 14
P12209 2010 6 0 21 0 0 14 13 0 0 0 0 8 13 20 0 0 0 0 0 0 10 0 0 0 0 0 0 15 0 0 0 -999
P12209 2010 7 0 0 0 11 0 16 0 0 0 0 17 0 0 0 0 0 0 0 0 0 0 0 0 0 0 0 0 0 0 0 15
P12209 2010 8 0 0 0 0 0 0 14 18 18 22 0 0 0 0 18 19 0 23 0 0 0 0 0 16 0 0 10 0 0 0 0
P12209 2010 9 0 0 0 0 0 0 0 0 0 0 0 24 0 0 19 0 0 0 0 0 0 0 12 0 0 19 0 0 0 0 -999
P12209 2010 10 0 0 0 0 0 0 0 0 0 0 30 16 26 35 0 0 0 0 18 16 0 27 0 0 0 8 0 0 0 0 0
P12209 2010 11 0 4 0 0 4 0 6 0 0 4 4 0 0 0 0 0 0 0 7 0 0 0 0 3 4 0 0 0 0 0 -999
P12209 2010 12 0 0 0 11 0 9 10 0 7 7 0 7 16 25 0 2 0 5 11 0 0 0 0 0 0 0 0 0 0 0 0
P12209 2011 1 0 0 5 5 0 0 1 0 0 0 0 4 0 0 8 5 0 0 0 0 11 10 34 15 0 0 0 0 0 1 0
P12209 2011 2 0 0 0 13 0 0 8 0 0 0 5 0 0 0 10 9 0 0 5 0 0 14 13 0 0 0 0 19 -999 -999 -999
P12209 2011 3 22 15 9 0 0 11 7 0 0 6 0 0 14 0 19 41 74 34 19 0 0 22 28 0 40 12 15 27 17 0 6
P12209 2011 4 9 13 14 14 11 0 0 9 0 0 14 17 0 0 0 0 22 23 20 18 18 12 0 0 0 0 0 0 0 0 -999
P12209 2011 5 0 13 12 0 0 0 0 0 0 26 0 0 0 0 0 13 0 0 0 0 0 0 0 0 0 22 0 0 32 29 0
P12209 2011 6 0 0 0 0 0 0 0 8 12 15 0 0 0 0 18 0 0 0 0 0 11 17 20 0 0 0 0 0 15 14 -999
P12209 2011 7 0 7 0 0 0 0 0 0 0 0 0 0 0 0 0 0 0 0 0 0 28 32 19 12 0 0 0 10 20 0 0
P12209 2011 8 0 0 0 0 0 0 0 0 0 17 0 0 0 11 0 12 11 0 0 0 0 0 0 0 0 0 0 0 0 0 0
P12209 2011 9 0 0 0 0 0 0 0 12 0 37 0 0 6 0 0 0 0 0 5 0 0 0 9 0 7 0 6 0 9 15 -999
P12209 2011 10 0 0 0 8 0 6 0 0 10 0 10 12 0 0 10 8 7 10 0 0 11 12 12 11 0 0 0 9 0 26 28
P12209 2011 11 17 0 12 19 37 35 42 0 0 0 0 0 8 0 0 0 15 11 0 0 0 33 42 30 13 0 0 0 6 0 -999
P12209 2011 12 0 10 17 16 8 0 3 0 0 0 0 13 12 0 0 17 29 0 29 32 38 19 0 11 0 24 11 0 0 17 17
P12209 2012 1 36 30 0 0 0 0 0 0 0 0 0 0 0 0 0 0 0 5 6 0 6 0 0 2 0 0 5 0 8 14 5
P12209 2012 2 2 0 24 18 5 0 0 0 0 0 0 0 0 0 0 0 0 0 18 0 14 0 0 0 0 0 0 0 -999 -999 -999
P12209 2012 3 21 37 30 0 17 13 10 0 0 0 0 0 0 0 7 16 0 0 0 17 24 0 11 12 16 0 0 0 11 0 0
P12209 2012 4 0 0 0 0 0 0 32 0 0 0 0 15 22 39 29 0 0 25 0 15 12 0 11 21 34 33 29 25 23 22 -999
P12209 2012 5 20 0 21 0 0 0 0 16 0 0 16 20 24 28 0 20 15 0 0 0 12 16 0 0 26 32 18 0 0 0 0
P12209 2012 6 0 0 0 0 5 0 10 14 0 23 0 19 20 23 22 17 0 0 0 0 20 0 8 7 0 0 14 0 0 0 -999
P12209 2012 7 0 0 0 0 0 15 17 0 0 0 26 0 26 0 0 0 19 23 0 0 0 15 17 19 0 0 0 0 0 0 17
P12209 2012 8 14 10 12 0 19 0 0 0 0 0 0 0 0 0 0 0 14 0 0 0 8 10 0 0 0 0 12 12 13 10 0
P12209 2012 9 0 0 0 0 0 0 21 0 0 0 0 0 13 0 0 0 10 10 0 0 0 0 0 0 0 0 0 18 0 0 -999
P12209 2012 10 0 7 0 0 0 0 0 10 0 19 29 18 8 0 0 19 14 0 15 0 0 0 0 0 0 13 18 0 10 22 22
P12209 2012 11 16 41 35 25 0 0 0 0 0 19 32 0 0 0 5 0 0 0 37 37 0 0 0 0 0 7 10 14 0 20 -999
P12209 2012 12 18 0 0 0 6 16 25 20 0 0 0 0 9 32 31 28 26 0 10 0 0 16 0 0 0 0 0 0 0 12 29
P12209 2013 1 24 0 0 18 0 0 0 8 0 0 0 0 0 0 0 0 0 0 5 0 0 0 0 0 0 0 0 0 0 0 12
P12209 2013 2 0 0 0 4 0 0 0 0 0 0 0 0 0 39 27 0 9 17 34 28 25 29 0 37 19 0 0 1 -999 -999 -999
P12209 2013 3 2 0 6 0 0 0 10 20 0 20 39 39 35 23 12 17 25 0 18 0 0 23 25 0 0 0 17 26 32 34 47
P12209 2013 4 33 16 9 11 21 0 18 0 0 0 0 0 12 0 11 16 0 0 14 0 0 0 0 19 38 0 0 5 0 0 -999
P12209 2013 5 0 10 9 0 21 0 0 23 27 31 0 0 12 10 17 32 37 0 0 15 0 2 0 0 0 0 0 0 8 9 0
P12209 2013 6 0 19 24 21 0 0 22 30 39 37 29 0 0 0 0 0 0 17 0 0 0 0 0 0 17 0 41 0 0 21 -999
P12209 2013 7 0 0 0 0 16 0 0 0 0 0 0 0 0 0 0 0 29 0 9 0 19 20 0 0 0 13 15 0 0 0 19
P12209 2013 8 0 0 0 33 34 31 27 0 0 24 25 22 12 0 0 0 0 0 0 0 8 12 16 18 16 0 0 13 26 0 31
P12209 2013 9 0 0 21 0 8 11 0 0 11 0 0 0 10 0 0 0 0 12 17 0 0 19 0 0 0 0 0 6 0 0 -999
P12209 2013 10 0 0 0 0 0 0 4 0 8 11 16 0 0 8 9 0 23 0 12 8 0 0 0 0 0 0 0 0 0 5 0
P12209 2013 11 0 0 0 0 2 3 0 0 7 0 12 10 6 7 0 0 0 35 66 46 0 0 41 41 28 26 0 29 0 0 -999
P12209 2013 12 0 30 16 17 0 0 0 5 0 4 0 6 0 0 7 0 0 0 0 0 5 0 0 0 0 11 14 9 12 19 0
P12209 2014 1 10 0 0 0 15 0 8 0 0 0 0 0 10 7 0 0 0 0 0 0 0 0 0 0 7 11 0 22 43 44 24
P12209 2014 2 16 25 0 15 17 24 30 0 0 27 0 0 15 0 0 0 0 10 20 0 8 0 0 0 2 0 0 21 -999 -999 -999