precip	MIROC5	RCP60	REGRESION	decimas	1
P10648	40.650	-1.187	182	geo	2006	2100	-1
P10648 2006 1 0 0 0 8 0 0 5 8 10 0 0 0 38 35 11 0 0 0 23 0 0 0 0 14 4 4 0 13 18 0 0
P10648 2006 2 0 18 21 0 0 0 2 0 0 0 6 0 17 19 24 28 0 4 5 13 0 19 13 14 7 6 6 6 -999 -999 -999
P10648 2006 3 0 0 21 23 25 27 31 39 28 22 41 38 26 19 17 0 29 26 0 0 14 0 0 11 19 11 0 14 22 0 28
P10648 2006 4 15 9 0 0 0 0 16 38 31 0 0 7 0 12 10 0 13 0 0 0 0 0 0 0 0 0 38 39 37 31 -999
P10648 2006 5 23 19 0 0 12 21 0 13 0 0 0 0 0 23 21 11 16 0 0 9 7 0 0 9 0 0 0 14 15 0 0
P10648 2006 6 0 13 0 0 0 14 0 0 0 22 0 22 18 0 0 0 20 0 0 16 15 14 0 18 24 22 18 0 16 0 -999
P10648 2006 7 0 20 0 0 0 0 0 0 0 0 0 11 0 0 0 0 0 0 15 22 21 0 20 0 0 0 0 0 0 0 0
P10648 2006 8 0 0 0 11 0 0 0 20 15 0 0 0 0 0 17 0 0 0 0 0 0 17 0 16 0 0 13 0 0 0 17
P10648 2006 9 0 16 16 0 0 0 0 12 16 20 0 0 0 0 9 0 0 21 0 0 0 14 0 0 21 12 0 6 0 0 -999
P10648 2006 10 7 0 0 0 0 0 8 0 0 0 0 17 19 24 26 25 0 0 0 8 0 12 7 0 10 0 0 8 0 0 0
P10648 2006 11 0 0 10 0 0 0 0 0 0 7 7 5 0 0 0 0 0 0 0 6 0 0 16 38 21 0 5 0 0 0 -999
P10648 2006 12 0 0 0 0 0 11 14 18 21 18 0 26 26 17 16 0 17 0 0 0 12 0 0 27 0 0 0 0 0 0 0
P10648 2007 1 0 0 0 0 0 0 0 0 0 0 5 0 0 0 0 3 0 0 0 24 20 11 0 0 20 0 24 13 0 14 11
P10648 2007 2 9 6 9 17 0 15 0 35 57 38 0 0 19 0 10 0 12 17 21 21 0 0 24 29 25 0 0 18 -999 -999 -999
P10648 2007 3 0 0 0 17 23 20 17 0 14 11 11 29 44 27 20 0 10 0 0 14 0 18 0 0 0 0 0 0 8 0 11
P10648 2007 4 0 0 7 0 17 10 11 0 0 0 0 17 0 0 0 11 0 24 20 16 20 32 24 0 0 0 23 0 0 0 -999
P10648 2007 5 5 0 0 16 18 18 20 0 0 15 0 23 31 27 0 0 0 21 0 0 16 0 0 0 0 0 0 7 10 15 21
P10648 2007 6 0 25 0 22 22 0 0 0 0 0 0 0 28 0 0 23 18 0 0 0 0 0 0 17 0 0 19 21 0 0 -999
P10648 2007 7 0 19 0 0 0 17 0 0 16 0 25 0 22 14 0 17 27 0 31 0 0 0 0 0 0 0 0 0 19 0 0
P10648 2007 8 0 0 0 0 0 0 0 0 0 0 0 0 0 0 0 0 17 17 0 21 0 0 0 0 0 23 18 18 21 0 0
P10648 2007 9 6 7 0 0 8 8 0 0 0 15 0 0 0 0 21 0 0 0 0 0 0 0 0 0 0 0 10 0 8 0 -999
P10648 2007 10 0 9 8 0 0 0 0 0 0 0 23 22 22 16 0 0 0 0 0 0 13 23 14 0 0 0 0 0 0 0 0
P10648 2007 11 0 0 0 5 6 8 7 0 9 9 0 0 0 0 0 0 0 0 0 0 0 8 8 6 7 6 0 19 20 22 -999
P10648 2007 12 17 0 12 0 0 27 0 12 0 0 0 0 4 0 7 0 0 17 17 12 0 0 0 6 0 5 0 0 8 5 5
P10648 2008 1 10 10 0 18 0 0 0 0 19 18 14 16 13 13 0 0 12 0 0 0 0 12 0 8 0 0 14 0 0 13 0
P10648 2008 2 22 14 12 0 9 9 0 15 13 24 0 19 0 0 0 11 11 20 32 13 0 0 11 23 23 23 0 30 -999 -999 -999
P10648 2008 3 41 0 8 0 0 0 0 0 0 0 0 0 14 0 0 0 0 0 0 0 6 0 0 0 0 0 6 0 0 6 7
P10648 2008 4 7 0 0 19 29 19 0 0 7 0 9 0 0 0 0 0 20 21 0 12 0 0 0 8 0 0 0 0 20 27 -999
P10648 2008 5 0 0 14 0 18 0 0 13 0 0 0 0 0 20 15 0 0 0 18 28 28 20 18 13 15 0 17 0 0 0 19
P10648 2008 6 19 0 14 0 15 0 13 0 0 0 0 0 0 20 0 0 0 0 0 14 0 0 0 0 0 18 0 0 0 0 -999
P10648 2008 7 0 0 0 14 15 0 20 0 0 0 0 0 0 0 24 0 0 0 0 14 0 17 0 16 0 0 0 0 0 0 23
P10648 2008 8 0 0 19 0 19 19 0 17 17 20 0 0 0 0 0 10 0 0 0 9 0 0 0 0 11 0 0 0 13 8 11
P10648 2008 9 0 9 0 0 0 0 0 15 0 0 0 18 0 15 0 0 0 13 15 0 0 13 15 0 15 0 13 0 16 18 -999
P10648 2008 10 13 0 0 12 0 0 14 19 8 9 0 0 17 16 0 0 0 12 0 0 0 13 0 17 0 0 0 11 20 14 0
P10648 2008 11 14 19 23 24 0 9 9 0 14 12 14 0 9 0 0 0 0 0 0 0 0 0 0 0 0 0 0 0 0 5 -999
P10648 2008 12 0 4 3 0 0 0 0 13 0 0 19 0 0 0 13 0 0 0 5 0 4 0 0 0 0 0 0 7 0 0 0
P10648 2009 1 0 0 0 4 8 8 0 0 7 0 0 14 20 0 11 10 0 0 0 0 0 3 0 0 0 6 0 0 0 0 0
P10648 2009 2 8 0 9 12 18 11 14 6 0 0 0 0 0 7 0 0 0 0 0 4 0 0 7 13 0 0 0 0 -999 -999 -999
P10648 2009 3 28 40 29 0 10 9 0 0 30 31 19 15 12 14 27 16 9 0 5 0 0 0 0 0 12 24 18 29 18 21 14
P10648 2009 4 14 0 44 0 20 32 31 12 0 0 10 21 26 18 17 25 14 0 10 0 29 26 15 0 12 8 0 0 0 0 -999
P10648 2009 5 32 23 0 0 23 25 0 0 0 26 29 13 6 0 0 9 10 13 0 25 0 34 27 0 0 0 0 0 15 17 0
P10648 2009 6 18 17 16 17 24 22 20 0 0 15 0 0 0 0 0 0 26 0 11 0 0 0 0 0 15 0 0 0 15 0 -999
P10648 2009 7 0 21 0 0 23 0 26 0 0 0 26 23 23 17 15 0 0 14 0 0 19 17 20 0 0 19 0 0 0 17 25
P10648 2009 8 22 0 8 0 0 0 0 0 0 0 0 15 0 0 0 0 0 0 0 0 9 16 26 26 0 15 0 14 20 0 0
P10648 2009 9 25 0 0 0 0 8 8 0 0 0 0 18 0 0 0 0 0 0 0 19 0 26 0 0 0 0 11 0 0 0 -999
P10648 2009 10 0 0 0 0 0 0 0 0 9 0 0 17 13 12 14 18 20 24 25 0 12 0 0 0 0 0 7 0 0 0 9
P10648 2009 11 0 0 5 0 0 0 0 0 0 0 0 0 0 0 0 12 0 0 0 7 0 0 0 0 11 22 0 9 0 0 -999
P10648 2009 12 0 0 0 0 5 15 34 21 15 20 22 8 0 3 0 7 0 0 15 16 0 0 0 0 0 14 16 0 0 0 0
P10648 2010 1 0 0 0 26 18 18 0 0 0 0 11 0 0 9 0 13 6 0 0 0 9 0 5 0 0 0 0 0 0 0 13
P10648 2010 2 10 0 0 0 0 0 0 17 10 10 0 0 0 6 8 0 0 6 0 8 0 7 0 0 0 4 0 6 -999 -999 -999
P10648 2010 3 0 0 0 0 10 0 30 0 28 22 0 15 0 9 8 0 0 9 0 40 28 0 0 0 7 7 7 0 6 0 0
P10648 2010 4 9 0 0 0 0 0 17 0 0 0 26 0 29 26 29 35 0 0 12 14 22 0 0 0 24 22 10 0 23 28 -999
P10648 2010 5 18 0 19 0 25 19 14 0 0 16 24 31 20 19 0 0 0 0 0 10 12 0 17 14 20 33 24 17 18 0 18
P10648 2010 6 21 0 0 17 0 0 11 11 0 0 16 0 35 0 20 0 13 0 0 0 0 0 0 0 0 20 0 21 27 22 -999
P10648 2010 7 16 18 0 15 21 0 0 0 0 0 0 0 17 12 13 0 16 0 0 0 0 20 18 22 0 0 20 0 0 0 17
P10648 2010 8 23 25 0 20 0 0 0 20 19 0 26 20 0 0 0 0 0 21 18 0 0 0 15 20 23 0 12 0 0 0 0
P10648 2010 9 0 0 0 0 0 0 0 0 0 0 21 0 28 0 13 0 11 0 15 0 0 0 0 0 0 0 12 0 0 0 -999
P10648 2010 10 0 0 0 0 0 0 0 0 0 0 0 0 13 16 0 11 12 0 0 0 20 24 25 0 0 0 0 0 0 0 0
P10648 2010 11 0 5 0 0 0 0 0 8 0 7 0 0 0 9 0 0 6 0 0 0 0 0 0 0 9 0 0 3 0 0 -999
P10648 2010 12 12 9 9 9 15 11 9 0 10 8 0 0 0 25 18 0 0 0 0 0 0 0 0 5 0 0 0 0 0 0 0
P10648 2011 1 0 0 0 0 5 0 0 0 0 0 6 0 0 0 0 0 0 2 4 0 0 10 0 17 5 0 0 0 0 0 0
P10648 2011 2 0 0 0 0 0 0 0 0 0 0 0 0 0 5 0 5 0 0 0 0 0 15 0 9 0 0 12 26 -999 -999 -999
P10648 2011 3 26 0 18 0 0 0 0 6 0 0 14 0 18 17 22 0 56 20 13 13 16 20 16 23 0 10 17 0 0 0 0
P10648 2011 4 0 0 18 17 0 0 0 14 19 21 18 0 24 23 0 12 0 29 25 0 22 0 0 6 0 0 0 6 10 0 -999
P10648 2011 5 10 14 11 10 0 0 0 16 0 0 0 12 0 0 15 0 0 0 0 18 0 23 0 0 15 21 0 23 25 0 19
P10648 2011 6 0 10 0 0 0 0 0 0 16 24 0 0 27 0 0 19 11 0 0 0 0 0 22 23 0 20 0 0 0 0 -999
P10648 2011 7 0 9 0 0 0 0 0 0 0 0 0 0 0 0 0 0 0 16 0 0 0 0 0 12 0 14 0 0 19 0 0
P10648 2011 8 0 0 18 0 9 0 0 0 0 0 0 16 0 0 0 15 0 0 0 0 23 0 16 14 0 0 0 0 16 0 0
P10648 2011 9 0 0 0 0 0 0 10 13 23 28 16 13 0 0 0 0 0 0 0 10 10 0 0 0 11 0 7 0 0 15 -999
P10648 2011 10 16 0 16 0 15 14 0 0 0 0 0 0 0 11 0 9 0 0 0 9 0 17 20 0 14 8 0 0 0 0 37
P10648 2011 11 19 0 9 8 17 21 50 35 16 0 0 0 25 9 0 10 0 0 0 4 6 23 28 30 26 9 0 0 0 0 -999
P10648 2011 12 0 9 0 30 14 0 0 0 0 0 0 0 9 5 0 0 11 11 13 16 20 0 0 9 0 15 0 0 0 0 0
P10648 2012 1 0 24 0 0 0 0 0 0 0 0 5 5 4 0 0 0 8 11 12 0 0 0 0 0 9 0 0 0 0 8 8
P10648 2012 2 0 0 27 23 6 4 0 3 0 3 0 0 0 0 0 0 0 0 11 13 23 13 6 0 10 0 0 0 -999 -999 -999
P10648 2012 3 0 25 0 41 0 14 9 5 4 0 0 6 7 0 0 14 22 21 0 21 24 0 14 0 0 0 0 0 0 0 9
P10648 2012 4 0 0 0 0 0 8 15 14 0 11 0 15 0 34 22 0 0 22 23 19 16 0 14 0 24 26 31 23 0 18 -999
P10648 2012 5 0 0 32 0 12 0 28 31 21 0 16 21 23 0 17 16 0 0 0 16 0 15 16 15 23 0 16 15 0 0 0
P10648 2012 6 0 0 0 8 0 0 0 20 0 0 0 23 21 27 23 19 0 0 0 0 0 18 12 10 0 12 15 18 24 0 -999
P10648 2012 7 0 0 0 0 0 0 0 0 0 0 0 23 21 0 0 0 0 0 20 19 19 0 19 0 23 0 0 0 0 0 0
P10648 2012 8 18 0 17 18 0 19 0 0 0 18 0 0 0 0 0 0 0 16 0 0 0 0 14 0 0 17 15 0 18 0 0
P10648 2012 9 0 0 0 12 0 0 21 0 0 0 0 0 0 0 0 0 0 0 0 0 0 0 0 0 0 0 0 0 0 20 -999
P10648 2012 10 0 0 0 0 8 0 0 0 15 0 0 0 0 0 0 11 0 12 10 0 0 0 0 14 15 0 0 0 7 7 9
P10648 2012 11 0 16 24 27 0 4 0 0 0 7 15 17 0 0 5 0 0 0 0 0 11 0 0 0 0 0 9 14 15 19 -999
P10648 2012 12 0 12 0 13 0 0 0 12 0 9 0 0 0 25 0 0 18 21 0 7 0 0 0 0 0 0 0 0 8 10 26
P10648 2013 1 0 14 11 11 8 0 0 0 0 0 0 0 0 0 0 0 0 0 0 0 0 0 5 0 0 0 0 0 0 0 0
P10648 2013 2 3 3 0 4 0 0 0 0 0 0 0 0 12 25 19 12 9 14 0 15 0 16 0 18 18 0 5 0 -999 -999 -999
P10648 2013 3 0 7 0 9 9 0 14 32 0 20 27 0 23 16 0 14 17 15 0 0 15 26 0 15 15 16 20 27 34 34 36
P10648 2013 4 40 32 13 0 0 12 14 0 5 0 0 0 14 0 0 0 14 0 0 0 0 0 0 16 33 23 0 8 0 0 -999
P10648 2013 5 10 14 14 0 16 10 0 27 0 22 21 0 13 0 0 0 28 0 0 18 0 4 8 0 0 8 5 0 0 19 0
P10648 2013 6 0 0 0 0 17 18 0 0 34 0 19 21 0 0 16 16 0 17 0 0 0 0 15 0 19 0 0 0 21 22 -999
P10648 2013 7 0 17 0 0 0 19 0 0 0 0 20 0 0 0 0 0 0 0 0 0 19 0 0 21 0 18 0 0 0 0 0
P10648 2013 8 18 0 0 0 29 28 23 0 18 0 0 17 0 0 0 26 0 0 0 0 0 0 0 0 0 0 0 0 24 20 23
P10648 2013 9 0 0 23 0 0 0 0 12 0 0 0 19 0 8 0 0 13 14 0 0 24 0 0 0 0 0 0 0 0 0 -999
P10648 2013 10 0 0 12 0 0 0 0 11 0 0 0 18 0 16 0 15 19 25 12 9 0 5 0 0 0 0 12 0 0 0 0
P10648 2013 11 0 0 0 6 0 0 0 9 10 7 19 0 0 7 6 0 0 0 50 41 13 16 23 26 0 0 19 23 0 5 -999
P10648 2013 12 6 0 0 0 0 0 10 9 0 0 0 0 0 0 0 0 0 0 0 5 6 0 0 10 0 0 0 0 0 18 0
P10648 2014 1 0 0 0 0 0 8 0 0 0 0 0 0 0 0 0 0 0 0 0 0 0 0 0 0 0 0 17 25 57 0 25
P10648 2014 2 0 15 0 0 6 0 0 21 0 12 7 0 0 5 0 0 5 0 13 0 0 0 0 0 0 0 0 20 -999 -999 -999