precip	MIROC5	RCP60	REGRESION	decimas	1
P10439	40.700	-5.736	182	geo	2006	2100	-1
P10439 2006 1 0 6 0 6 7 17 0 0 7 0 23 90 181 35 63 100 89 79 34 14 0 0 26 0 0 19 23 18 31 34 7
P10439 2006 2 20 62 31 23 11 0 10 0 0 0 0 21 23 24 23 17 20 12 34 27 11 8 0 0 4 0 6 12 -999 -999 -999
P10439 2006 3 0 70 95 124 102 106 99 90 58 43 46 0 30 26 0 70 0 118 96 0 61 48 47 36 37 48 51 55 65 51 46
P10439 2006 4 31 55 0 38 24 0 0 0 2 0 0 0 0 0 9 15 0 0 0 0 0 0 0 15 26 34 46 38 0 0 -999
P10439 2006 5 21 28 25 0 0 56 25 0 0 9 0 0 0 26 0 0 16 12 0 0 0 5 0 0 0 0 0 0 26 0 0
P10439 2006 6 0 10 0 0 0 0 0 0 0 0 0 0 0 0 0 0 0 0 0 17 0 0 0 0 18 0 23 17 18 0 -999
P10439 2006 7 0 0 0 0 0 0 0 0 0 0 0 0 0 0 0 0 0 0 0 0 0 0 0 0 0 0 0 9 0 0 0
P10439 2006 8 0 0 0 0 0 0 0 0 0 0 0 0 0 0 0 0 0 0 0 0 19 0 0 0 0 14 0 0 0 0 0
P10439 2006 9 0 0 0 0 0 0 0 0 26 0 6 0 0 0 0 30 0 0 0 17 0 0 0 0 0 0 0 14 16 9 -999
P10439 2006 10 3 1 0 0 0 0 0 0 0 0 0 16 24 0 22 16 0 0 14 0 24 0 7 0 27 27 14 31 0 0 0
P10439 2006 11 24 0 0 0 0 14 38 29 0 0 0 0 0 0 0 0 0 3 0 12 15 0 19 21 0 6 0 0 0 0 -999
P10439 2006 12 0 0 0 0 0 0 0 52 57 0 21 21 23 0 70 92 0 0 0 0 16 49 98 48 59 52 38 36 52 33 18
P10439 2007 1 18 0 18 5 0 1 0 0 0 0 0 0 3 0 0 0 0 2 0 3 1 1 3 0 9 0 6 18 18 0 12
P10439 2007 2 7 13 22 19 8 0 0 63 147 95 28 19 9 11 11 0 0 32 19 19 0 0 33 25 36 37 0 0 -999 -999 -999
P10439 2007 3 18 25 0 0 57 0 15 0 0 8 0 0 37 77 34 14 28 21 14 37 24 19 0 3 4 0 0 0 0 0 1
P10439 2007 4 0 0 0 0 0 21 0 2 2 4 0 0 51 0 0 0 30 49 0 39 25 0 31 29 12 12 0 0 0 0 -999
P10439 2007 5 0 0 14 0 58 0 0 0 22 0 0 0 20 26 23 0 15 26 28 0 0 0 0 5 0 0 0 0 0 0 0
P10439 2007 6 18 12 0 0 0 17 0 0 0 0 0 0 0 0 0 0 0 0 14 0 0 0 0 0 0 0 0 0 0 0 -999
P10439 2007 7 0 17 20 0 0 0 0 9 0 0 0 0 16 8 0 0 28 16 0 0 22 18 0 0 0 0 0 0 0 0 0
P10439 2007 8 0 0 14 0 0 0 0 0 0 0 0 0 0 0 0 0 0 0 26 26 0 0 0 0 0 19 0 0 15 0 0
P10439 2007 9 0 0 0 0 0 0 0 0 0 0 0 0 0 21 35 0 0 0 0 0 0 0 0 0 0 0 0 14 13 12 -999
P10439 2007 10 0 0 0 12 8 0 11 0 0 0 16 24 46 51 23 0 36 65 0 0 0 48 63 53 0 0 45 0 12 10 13
P10439 2007 11 0 0 0 0 9 0 0 0 20 0 53 43 23 36 0 0 0 0 0 0 0 0 0 0 0 0 0 4 0 0 -999
P10439 2007 12 0 0 0 7 4 0 8 5 0 0 5 0 0 0 0 14 26 21 0 0 0 4 0 0 22 12 18 0 1 0 0
P10439 2008 1 11 17 27 36 0 1 0 0 0 0 3 4 0 0 0 0 0 0 21 31 76 0 24 16 0 93 0 51 46 0 90
P10439 2008 2 130 62 97 54 45 72 47 73 0 32 51 15 14 17 47 47 23 57 32 0 12 7 7 0 0 18 22 0 -999 -999 -999
P10439 2008 3 0 0 0 9 5 0 0 0 0 7 0 17 21 0 0 0 0 0 0 0 0 0 0 12 17 13 0 0 0 0 0
P10439 2008 4 0 0 12 15 0 0 0 0 0 0 0 9 16 22 42 42 29 17 0 9 0 0 0 0 0 2 0 0 14 0 -999
P10439 2008 5 0 0 0 0 0 0 6 0 0 27 50 26 0 32 20 0 9 0 0 0 26 31 46 15 9 11 0 0 0 17 0
P10439 2008 6 0 0 0 0 16 22 0 0 0 0 0 0 0 45 17 0 0 0 0 0 0 0 0 0 0 0 0 0 0 7 -999
P10439 2008 7 0 0 0 0 0 0 0 0 32 0 0 0 0 0 0 0 0 0 0 0 0 0 0 0 0 0 0 0 0 0 0
P10439 2008 8 29 0 0 0 0 0 0 0 0 0 0 0 0 0 0 0 0 0 0 0 0 0 0 0 0 0 11 8 0 5 0
P10439 2008 9 0 0 0 0 0 0 0 0 0 0 22 23 18 34 19 0 0 13 0 0 0 0 0 0 26 20 0 27 47 0 -999
P10439 2008 10 37 0 0 0 0 0 0 0 0 0 0 44 40 12 0 0 0 0 0 18 0 0 25 24 0 47 45 27 18 9 19
P10439 2008 11 17 5 27 0 0 0 0 3 5 7 23 0 0 4 4 0 0 49 21 13 0 0 0 0 0 0 0 0 0 0 -999
P10439 2008 12 0 0 0 0 0 0 1 0 7 23 0 5 11 0 3 2 5 7 0 4 0 0 9 14 37 34 25 0 0 0 0
P10439 2009 1 0 0 0 3 5 7 2 0 0 2 0 7 6 9 7 3 0 0 0 0 0 0 2 0 0 0 0 0 0 0 0
P10439 2009 2 0 0 6 7 3 2 2 0 0 3 3 0 4 2 0 0 0 0 0 5 1 0 0 0 0 1 0 22 -999 -999 -999
P10439 2009 3 40 39 38 17 12 10 0 46 25 4 0 0 0 14 20 33 83 77 57 0 0 0 0 31 31 61 45 75 75 57 26
P10439 2009 4 0 0 9 13 22 29 0 10 0 6 0 0 17 17 0 0 0 0 12 17 0 0 0 4 5 0 0 23 0 0 -999
P10439 2009 5 29 29 23 23 20 25 15 14 21 15 0 7 0 0 0 0 0 0 0 0 26 0 19 15 12 0 0 10 12 0 0
P10439 2009 6 0 0 0 15 0 20 0 0 15 11 4 0 0 0 27 19 0 0 0 7 0 0 0 0 20 0 0 0 0 0 -999
P10439 2009 7 0 0 22 0 0 0 0 0 0 0 0 0 0 0 11 0 0 0 0 20 26 0 0 0 0 0 0 0 11 0 0
P10439 2009 8 30 0 0 0 0 0 0 14 0 0 0 0 0 0 0 0 0 0 0 0 0 0 0 0 0 0 0 0 0 0 0
P10439 2009 9 0 0 5 0 0 0 0 17 0 0 0 0 10 3 0 0 0 0 0 0 16 0 25 18 0 0 0 0 0 0 -999
P10439 2009 10 0 0 0 0 4 0 0 0 0 13 0 15 15 14 0 0 0 19 0 0 13 0 23 0 0 0 0 0 8 10 11
P10439 2009 11 0 0 0 0 0 0 0 0 0 0 6 0 11 0 0 0 0 0 15 31 9 0 52 0 0 4 11 19 20 28 -999
P10439 2009 12 24 40 59 30 85 58 50 30 0 60 25 0 0 14 0 0 25 50 36 15 12 21 29 30 42 0 48 38 24 19 18
P10439 2010 1 0 0 36 70 46 0 0 6 12 8 0 5 0 5 10 14 0 12 13 24 0 0 1 0 0 0 0 0 0 10 0
P10439 2010 2 8 0 0 0 10 0 0 0 2 0 0 0 0 0 0 0 0 0 0 4 0 7 0 7 2 4 0 0 -999 -999 -999
P10439 2010 3 0 4 0 0 11 0 8 0 35 36 19 0 0 0 5 0 0 23 50 16 0 0 0 0 0 1 0 0 0 0 9
P10439 2010 4 17 0 0 0 0 0 23 0 39 31 20 0 13 21 48 25 7 0 0 20 0 13 7 22 20 4 5 0 0 0 -999
P10439 2010 5 11 7 18 0 16 11 0 0 0 0 13 14 10 0 16 23 16 26 11 0 0 0 0 0 0 38 35 18 0 0 0
P10439 2010 6 0 0 20 13 11 0 0 0 0 0 0 0 0 0 27 0 0 0 4 5 0 0 0 13 0 0 0 0 0 0 -999
P10439 2010 7 29 27 0 3 7 0 21 0 0 0 14 12 0 0 0 0 0 0 0 0 0 0 0 0 0 0 0 0 11 0 0
P10439 2010 8 0 0 0 0 0 0 0 0 16 17 0 16 0 0 0 0 0 0 8 0 0 0 0 0 30 0 0 0 0 0 21
P10439 2010 9 0 0 0 0 0 0 11 0 0 13 13 0 16 10 19 0 0 19 0 0 0 0 16 0 27 0 0 0 8 0 -999
P10439 2010 10 0 0 2 0 0 0 14 0 0 0 59 43 67 37 26 0 9 17 28 10 15 19 0 0 17 7 0 0 26 12 0
P10439 2010 11 0 0 14 0 0 0 0 0 0 0 0 0 0 0 0 0 17 14 13 0 0 0 0 0 0 0 0 0 0 0 -999
P10439 2010 12 0 0 0 0 8 0 0 0 0 0 0 17 38 22 0 0 14 12 10 0 0 0 0 0 0 0 0 8 0 0 0
P10439 2011 1 2 6 0 14 0 0 0 0 0 0 0 0 0 8 18 0 0 0 0 0 8 24 45 16 26 11 14 0 0 0 7
P10439 2011 2 12 9 10 36 42 44 34 17 0 0 0 23 16 13 21 0 0 6 0 11 0 31 18 0 0 0 0 26 -999 -999 -999
P10439 2011 3 0 0 9 0 0 9 0 0 0 0 17 24 16 16 34 76 42 29 18 27 25 37 76 156 0 17 0 72 0 0 0
P10439 2011 4 15 0 0 0 0 0 0 0 0 17 0 17 16 7 0 0 26 23 0 0 0 13 8 0 0 0 1 0 0 0 -999
P10439 2011 5 4 16 8 0 0 0 0 0 20 36 13 0 18 18 0 0 0 0 0 0 32 12 0 0 0 0 20 0 9 0 10
P10439 2011 6 0 13 0 0 0 0 0 0 0 0 0 0 0 0 0 0 0 0 7 0 16 0 0 0 0 17 18 15 0 9 -999
P10439 2011 7 0 0 0 0 14 8 0 0 0 0 0 0 0 0 14 0 0 0 14 0 0 0 0 0 0 0 0 0 0 0 0
P10439 2011 8 0 0 0 0 0 0 14 0 0 0 0 0 0 0 0 0 0 0 0 0 0 0 0 0 0 0 0 0 0 21 0
P10439 2011 9 0 0 0 0 0 0 0 0 0 41 7 0 0 0 0 0 0 0 0 0 5 0 8 7 7 0 0 0 11 0 -999
P10439 2011 10 0 12 0 0 0 0 0 0 0 12 13 14 20 25 21 0 0 18 0 0 0 0 0 0 0 0 12 0 0 0 13
P10439 2011 11 0 4 12 33 60 65 27 0 0 0 0 0 6 4 0 9 36 0 7 0 12 47 30 18 0 7 8 13 0 0 -999
P10439 2011 12 7 23 28 0 4 6 0 1 3 0 11 20 12 3 12 59 66 67 72 59 64 33 29 0 33 32 43 38 43 34 68
P10439 2012 1 63 14 3 0 0 3 0 0 0 0 0 0 0 0 0 0 2 1 1 0 2 0 0 0 0 0 0 10 20 17 3
P10439 2012 2 0 13 24 0 0 0 0 5 0 0 0 0 0 0 0 0 0 12 0 23 9 0 0 0 0 0 0 0 -999 -999 -999
P10439 2012 3 36 43 0 0 0 11 7 0 0 0 0 7 20 0 0 29 21 16 21 39 42 19 20 31 0 0 0 0 0 0 0
P10439 2012 4 0 0 0 0 0 24 0 24 0 0 4 8 15 64 51 30 0 0 6 7 0 5 10 39 43 28 30 38 34 35 -999
P10439 2012 5 0 0 0 10 0 0 8 9 18 19 16 21 0 38 32 23 19 17 0 9 11 15 11 0 0 23 0 7 0 0 0
P10439 2012 6 0 0 0 0 0 0 0 0 36 0 14 0 16 16 23 11 0 0 0 21 0 0 0 0 0 0 19 0 0 0 -999
P10439 2012 7 0 0 0 0 0 0 0 25 25 0 0 0 0 0 0 0 0 0 0 0 0 0 0 14 26 0 14 0 0 0 0
P10439 2012 8 11 0 0 0 17 0 0 0 0 0 0 0 0 0 0 11 0 0 0 0 0 0 0 0 0 0 0 0 0 0 0
P10439 2012 9 0 0 0 0 0 0 0 0 0 0 0 0 0 0 0 0 0 0 0 0 0 0 0 0 0 0 0 13 17 0 -999
P10439 2012 10 7 0 4 0 0 0 0 0 23 38 61 23 0 13 32 36 30 28 37 0 0 0 0 8 0 17 36 24 0 66 30
P10439 2012 11 58 62 41 0 19 0 0 12 14 51 39 0 3 4 0 0 13 0 65 45 0 6 0 0 0 0 15 25 39 0 -999
P10439 2012 12 0 0 0 0 14 57 64 63 0 23 19 0 20 0 49 53 38 16 11 14 20 0 10 30 19 0 8 7 16 16 48
P10439 2013 1 17 0 14 0 29 8 27 17 11 0 0 0 0 0 0 0 0 2 0 0 0 1 0 0 0 0 0 0 0 33 7
P10439 2013 2 0 1 0 0 0 0 6 10 17 0 0 0 0 80 34 10 15 57 85 68 57 66 0 86 0 0 0 4 -999 -999 -999
P10439 2013 3 0 11 0 0 11 5 13 28 0 52 107 97 69 28 31 0 0 34 0 0 17 46 45 29 0 0 0 0 0 45 58
P10439 2013 4 28 0 0 19 0 0 29 11 0 0 0 0 0 17 14 29 5 0 14 0 41 25 0 0 46 0 0 0 0 9 -999
P10439 2013 5 0 0 7 0 8 0 0 29 27 38 38 20 0 0 0 0 26 28 19 14 11 0 0 0 0 0 0 0 0 0 0
P10439 2013 6 0 0 31 0 0 0 25 39 0 52 44 39 26 16 12 0 0 0 16 0 0 0 0 0 0 30 39 35 38 19 -999
P10439 2013 7 0 0 7 10 25 27 0 0 0 0 8 0 11 0 0 0 0 0 0 0 0 0 0 0 0 0 0 0 0 0 0
P10439 2013 8 0 0 0 0 0 20 18 0 24 0 16 0 8 0 0 0 0 0 0 0 0 0 0 20 0 0 0 0 32 0 44
P10439 2013 9 36 18 0 0 0 0 0 0 0 0 0 0 0 6 0 0 0 0 0 0 0 17 0 0 0 0 0 0 6 0 -999
P10439 2013 10 6 0 0 0 0 0 0 0 16 0 0 0 8 0 9 15 20 0 0 0 0 0 0 0 1 0 0 0 0 0 0
P10439 2013 11 3 0 0 0 0 0 0 5 6 8 7 0 2 4 7 0 0 114 155 60 68 113 123 66 28 121 35 21 0 20 -999
P10439 2013 12 24 61 40 36 0 0 0 13 0 0 6 0 0 10 18 0 0 4 3 0 9 20 22 37 27 40 14 0 41 33 14
P10439 2014 1 20 9 0 17 28 27 0 0 0 5 22 24 35 33 0 0 0 0 0 0 0 2 0 0 14 23 45 0 71 63 31
P10439 2014 2 28 45 27 50 44 68 52 61 38 49 8 22 33 8 0 0 10 0 18 0 9 7 0 6 0 3 0 16 -999 -999 -999