precip	MIROC5	RCP60	REGRESION	decimas	1
P10610	40.727	-3.691	182	geo	2006	2100	-1
P10610 2006 1 0 11 16 12 0 22 0 0 0 6 17 87 178 50 41 96 58 55 42 0 0 0 20 19 15 0 0 0 0 33 7
P10610 2006 2 17 64 0 22 6 0 0 0 0 0 10 25 40 38 32 22 15 6 15 23 16 0 0 0 0 0 0 0 -999 -999 -999
P10610 2006 3 0 47 72 87 76 86 87 85 0 41 75 46 0 23 0 59 123 98 66 0 37 29 32 22 0 27 21 37 49 0 58
P10610 2006 4 18 0 25 0 0 0 0 46 0 1 0 0 14 12 10 12 0 0 10 4 0 0 0 21 24 0 68 47 26 22 -999
P10610 2006 5 0 24 18 29 24 49 17 0 0 0 0 10 0 0 0 0 0 0 15 14 0 0 0 8 0 0 12 0 0 0 0
P10610 2006 6 0 0 0 0 0 8 0 12 15 0 16 0 18 0 0 10 13 0 0 0 0 0 10 0 22 20 0 13 0 26 -999
P10610 2006 7 0 0 0 0 0 0 0 19 0 0 3 0 0 34 0 0 0 0 12 0 13 0 0 0 0 0 0 0 0 0 0
P10610 2006 8 0 0 0 0 0 0 0 11 10 0 0 10 16 0 0 0 0 0 0 0 0 0 0 0 11 0 0 0 0 20 0
P10610 2006 9 0 0 0 0 0 0 0 9 0 0 0 0 0 0 0 0 20 0 0 0 0 0 0 0 0 0 5 0 0 0 -999
P10610 2006 10 1 0 0 15 9 5 5 0 0 0 0 21 0 28 0 18 10 0 9 9 0 10 0 10 21 13 0 0 9 6 0
P10610 2006 11 0 0 0 20 0 15 37 0 15 0 0 0 0 0 0 0 0 0 3 12 0 0 26 55 19 0 0 0 0 0 -999
P10610 2006 12 0 0 0 0 0 0 25 80 76 37 40 39 35 24 64 82 0 0 0 0 0 59 123 41 39 0 0 0 23 0 0
P10610 2007 1 13 13 0 0 0 0 0 0 0 0 0 0 0 8 0 0 0 0 0 15 0 11 0 8 17 23 16 19 20 23 14
P10610 2007 2 10 0 0 17 11 10 27 118 203 132 0 0 0 0 11 0 23 43 27 40 47 44 71 39 55 41 35 26 -999 -999 -999
P10610 2007 3 0 30 29 63 67 29 0 0 23 0 22 43 56 72 35 0 20 0 12 33 0 24 0 6 0 9 12 0 0 0 0
P10610 2007 4 0 0 0 0 0 15 0 0 2 0 20 42 0 0 0 0 0 46 41 0 24 23 31 28 15 10 0 0 0 0 -999
P10610 2007 5 0 0 13 0 53 21 0 0 0 23 0 0 0 24 0 0 0 0 0 0 0 0 0 0 5 0 0 0 0 0 22
P10610 2007 6 0 19 15 0 20 26 0 0 0 0 0 0 32 19 12 11 6 0 0 0 9 0 0 0 0 14 17 17 0 0 -999
P10610 2007 7 0 0 18 0 0 0 0 0 0 20 0 0 0 0 0 21 0 0 0 0 13 0 0 0 16 18 0 0 0 0 0
P10610 2007 8 0 0 0 0 0 0 0 0 0 0 0 0 0 0 0 0 0 0 0 0 0 0 0 6 18 0 0 16 0 0 0
P10610 2007 9 0 0 0 0 0 0 0 0 0 12 8 0 0 14 0 0 0 0 0 0 0 10 12 15 0 10 0 6 0 0 -999
P10610 2007 10 0 0 0 6 0 0 0 9 0 28 26 0 43 37 10 0 0 50 9 0 29 45 36 30 10 10 0 10 8 0 0
P10610 2007 11 0 3 0 0 0 0 4 0 23 21 25 35 0 16 0 0 5 0 0 0 3 0 0 5 0 0 0 0 0 20 -999
P10610 2007 12 0 0 0 0 0 0 23 0 0 0 0 0 0 0 0 12 0 36 31 11 16 0 14 11 0 8 0 7 3 0 7
P10610 2008 1 0 24 31 35 16 0 0 0 0 13 0 16 20 30 0 0 25 7 16 22 44 51 0 16 0 66 73 43 31 0 66
P10610 2008 2 121 39 78 0 27 44 31 0 0 0 52 0 0 0 32 33 0 0 25 0 0 0 15 18 0 38 0 0 -999 -999 -999
P10610 2008 3 0 0 8 0 5 0 0 0 4 0 0 15 36 0 0 7 0 3 0 0 0 9 0 0 10 0 0 1 0 3 6
P10610 2008 4 0 6 16 29 32 12 0 0 0 0 0 0 32 32 56 53 40 26 15 9 0 6 0 0 0 0 0 0 0 0 -999
P10610 2008 5 0 0 0 0 16 13 9 0 0 25 43 0 0 0 16 16 10 0 0 42 27 23 37 0 0 0 8 0 0 0 0
P10610 2008 6 8 0 0 0 0 29 0 10 0 0 0 0 0 36 13 0 0 16 0 0 7 0 0 0 0 0 0 0 0 0 -999
P10610 2008 7 0 3 0 0 0 0 0 0 0 0 12 0 0 31 0 0 0 0 0 10 14 0 0 0 0 14 0 0 0 0 0
P10610 2008 8 0 0 0 0 0 0 0 0 0 0 0 0 0 0 0 0 0 9 0 0 0 0 0 0 0 0 9 0 5 0 0
P10610 2008 9 0 0 0 0 0 0 11 0 17 0 0 18 0 21 9 0 14 0 0 0 0 15 20 0 0 0 0 19 31 0 -999
P10610 2008 10 0 13 0 10 0 7 15 0 5 0 32 32 28 0 0 0 0 14 15 19 19 14 18 22 0 25 0 0 0 0 13
P10610 2008 11 0 0 33 0 0 0 0 0 10 0 21 8 6 0 0 0 10 18 0 0 0 5 0 3 0 0 4 4 2 3 -999
P10610 2008 12 3 2 0 0 0 0 0 10 12 21 0 0 9 12 7 0 7 4 7 0 7 0 0 0 12 15 0 0 0 2 0
P10610 2009 1 1 0 0 0 0 5 0 0 6 0 0 0 0 15 21 7 0 0 0 0 0 5 0 0 0 2 3 0 0 0 0
P10610 2009 2 0 7 0 0 14 0 6 5 0 0 3 4 0 6 0 0 0 0 0 2 1 0 2 0 11 0 3 16 -999 -999 -999
P10610 2009 3 52 63 57 26 21 10 0 38 49 0 0 13 11 0 0 26 54 33 21 14 3 6 0 0 0 66 0 81 61 48 19
P10610 2009 4 19 0 0 13 30 41 15 0 0 0 0 0 29 23 0 0 0 0 0 0 22 0 0 10 0 0 0 18 0 0 -999
P10610 2009 5 0 31 27 0 0 32 0 0 15 0 27 9 0 0 0 0 0 0 27 0 0 29 25 0 0 6 0 13 0 0 0
P10610 2009 6 0 12 0 12 0 18 0 8 0 0 0 3 0 20 23 22 0 0 0 5 7 17 0 0 0 0 0 0 8 15 -999
P10610 2009 7 21 17 0 0 0 0 0 0 21 0 0 0 0 0 0 0 0 0 0 0 17 0 0 0 0 0 9 0 0 13 0
P10610 2009 8 0 0 0 0 0 0 18 0 0 16 0 0 0 0 0 0 0 0 0 0 0 0 30 0 5 0 0 0 0 28 0
P10610 2009 9 30 0 0 0 0 0 0 13 0 28 33 16 10 0 0 11 21 0 0 0 0 22 0 0 0 0 0 7 0 9 -999
P10610 2009 10 0 0 0 0 8 0 0 0 0 12 0 0 16 0 17 0 25 0 16 0 13 0 14 30 0 0 0 8 0 0 0
P10610 2009 11 0 0 0 0 0 0 0 0 8 0 4 0 4 3 0 0 0 0 0 15 0 0 0 25 0 0 16 0 12 21 -999
P10610 2009 12 14 15 28 0 33 34 53 15 0 0 0 11 12 8 8 0 0 26 31 21 16 0 0 0 19 32 49 0 25 6 11
P10610 2010 1 0 0 0 84 59 21 0 13 0 19 0 0 21 0 13 17 11 5 0 0 15 0 8 0 19 0 0 0 22 30 24
P10610 2010 2 13 0 0 0 20 22 0 0 8 0 0 0 0 0 0 0 2 0 0 0 2 0 0 9 0 0 0 6 -999 -999 -999
P10610 2010 3 0 4 0 0 0 22 0 0 86 49 28 17 0 0 9 0 13 25 55 42 0 0 0 0 2 5 0 9 6 0 8
P10610 2010 4 12 15 27 0 0 27 27 45 0 32 0 0 0 16 53 52 0 0 7 20 26 0 0 11 26 0 9 0 25 0 -999
P10610 2010 5 12 0 0 36 0 0 6 0 0 0 0 22 0 0 0 27 16 15 6 3 0 11 0 0 0 52 0 0 15 11 0
P10610 2010 6 0 0 18 0 0 0 0 0 0 0 0 0 36 0 22 0 0 0 0 0 0 0 0 0 0 0 0 0 0 0 -999
P10610 2010 7 0 21 0 0 7 16 0 0 0 0 11 0 0 0 0 0 0 0 0 0 0 0 0 0 0 0 0 0 8 0 0
P10610 2010 8 28 0 0 14 0 0 0 0 0 0 0 0 9 0 0 0 0 0 0 0 3 0 11 0 0 0 0 0 0 0 20
P10610 2010 9 0 0 24 0 0 4 0 0 0 17 9 0 0 0 17 5 0 0 20 0 0 0 11 12 21 0 0 0 0 0 -999
P10610 2010 10 0 0 0 0 0 0 10 0 0 0 35 21 38 27 14 0 9 0 0 0 22 0 20 0 8 6 6 0 0 7 5
P10610 2010 11 4 5 0 0 7 0 0 0 0 7 0 0 0 0 4 0 8 3 4 0 0 5 5 7 11 8 0 0 0 3 -999
P10610 2010 12 5 0 0 0 12 14 0 11 0 0 0 0 24 27 0 3 0 0 0 0 0 1 1 0 0 0 0 0 0 0 0
P10610 2011 1 0 0 0 9 12 0 0 6 0 9 0 11 0 14 20 0 4 0 0 0 7 20 48 20 13 0 5 0 0 2 0
P10610 2011 2 0 0 3 18 20 27 19 0 0 0 0 0 7 6 9 0 5 0 14 14 0 29 0 0 0 0 0 59 -999 -999 -999
P10610 2011 3 54 0 27 0 17 12 0 5 0 0 27 37 27 0 34 76 84 32 20 25 24 40 59 135 47 0 45 78 0 0 16
P10610 2011 4 0 0 0 18 0 0 0 0 29 20 19 0 25 0 0 0 0 43 30 31 27 10 0 0 0 0 0 0 0 0 -999
P10610 2011 5 7 14 7 5 0 0 0 16 32 37 0 0 0 0 0 14 0 0 10 24 0 0 0 12 0 0 0 0 0 0 11
P10610 2011 6 8 0 0 0 0 0 9 0 15 0 0 0 0 0 0 0 0 0 0 5 12 0 0 0 12 0 0 0 0 0 -999
P10610 2011 7 0 0 0 0 0 0 0 0 1 0 0 11 0 0 0 0 0 0 0 0 27 0 0 0 0 0 0 0 0 0 0
P10610 2011 8 0 0 0 0 0 0 12 0 0 0 0 0 0 0 0 0 8 0 0 0 0 0 0 0 0 0 0 0 0 0 0
P10610 2011 9 0 0 0 0 0 0 0 14 0 36 7 0 0 0 0 0 0 0 0 0 0 0 9 10 10 0 0 0 0 0 -999
P10610 2011 10 0 0 0 0 0 0 0 0 0 0 15 19 0 0 12 0 0 0 0 0 18 29 32 20 0 7 0 10 19 0 25
P10610 2011 11 6 5 0 16 42 60 51 8 0 4 0 12 25 0 0 0 50 37 0 4 9 70 44 48 15 0 0 0 0 2 -999
P10610 2011 12 7 24 34 0 0 6 7 5 0 0 10 12 8 0 10 35 37 46 40 42 58 20 31 0 0 0 17 11 12 0 31
P10610 2012 1 53 0 0 2 4 0 0 0 0 0 5 7 0 0 0 0 0 4 4 10 0 0 0 6 0 0 0 0 12 0 0
P10610 2012 2 0 25 46 22 10 0 12 0 0 0 0 7 6 0 0 0 0 12 30 22 0 18 13 11 15 0 0 0 -999 -999 -999
P10610 2012 3 34 54 47 29 0 0 0 0 0 0 0 0 0 0 0 30 30 0 30 59 45 0 16 24 0 0 0 0 0 0 0
P10610 2012 4 0 9 0 0 0 0 0 0 8 0 0 7 18 79 48 30 0 0 0 14 10 0 0 44 59 0 59 46 35 36 -999
P10610 2012 5 0 26 0 0 0 0 17 18 27 20 15 23 0 30 24 18 0 0 0 0 0 11 0 0 0 0 18 6 0 0 4
P10610 2012 6 0 0 0 0 0 0 0 0 37 0 0 16 0 0 16 0 0 0 0 0 0 0 0 0 0 0 0 0 0 0 -999
P10610 2012 7 0 0 0 0 0 20 0 0 0 0 0 0 0 0 0 0 28 0 9 0 13 11 0 15 22 0 7 0 0 0 13
P10610 2012 8 0 0 0 0 0 9 0 0 0 0 0 0 0 0 0 0 0 0 0 0 0 0 8 0 0 0 0 0 0 0 0
P10610 2012 9 6 0 0 0 0 0 0 0 0 0 0 0 0 6 0 9 0 0 0 0 0 7 0 0 0 0 0 0 0 0 -999
P10610 2012 10 0 0 4 0 0 0 0 0 0 33 59 0 0 5 0 17 18 22 0 12 25 31 0 0 14 14 27 13 11 28 0
P10610 2012 11 23 34 39 14 7 11 3 0 4 23 0 0 2 0 0 0 0 36 0 37 17 0 0 8 0 10 0 0 33 24 -999
P10610 2012 12 12 0 18 0 32 88 53 43 0 0 16 12 0 83 32 43 35 0 15 7 8 22 4 14 7 0 0 0 0 9 53
P10610 2013 1 27 0 31 40 0 6 0 0 3 0 0 0 0 0 0 0 0 0 0 0 0 0 0 0 0 0 0 0 0 17 0
P10610 2013 2 0 0 0 0 0 0 0 0 0 0 0 0 33 75 32 14 21 0 74 49 33 46 36 65 18 12 3 0 -999 -999 -999
P10610 2013 3 25 0 0 29 0 5 22 62 0 69 108 82 59 15 18 34 0 24 26 21 23 0 50 21 0 16 0 45 0 0 77
P10610 2013 4 0 0 10 16 0 0 18 0 0 0 0 8 0 0 18 34 6 13 0 0 30 19 0 27 59 0 0 6 6 6 -999
P10610 2013 5 0 12 0 22 0 0 16 0 24 0 0 18 0 0 35 0 0 0 0 0 0 0 0 0 7 0 0 0 14 15 0
P10610 2013 6 19 25 0 0 0 0 20 0 0 40 33 28 19 0 0 0 9 0 0 0 0 0 0 11 0 0 42 0 23 0 -999
P10610 2013 7 0 0 0 0 14 0 0 11 0 0 0 0 0 0 0 0 0 0 0 0 16 0 0 0 0 0 14 0 0 0 0
P10610 2013 8 0 0 18 0 20 0 0 17 17 0 0 0 0 0 0 0 0 0 4 0 0 0 0 0 0 0 0 16 27 14 0
P10610 2013 9 18 0 9 0 0 0 0 0 13 0 0 0 0 0 6 0 0 15 19 0 17 11 0 0 0 0 0 5 0 0 -999
P10610 2013 10 0 9 14 0 0 0 12 12 0 22 28 0 0 12 11 16 0 0 8 0 9 0 0 0 0 0 0 0 0 5 0
P10610 2013 11 0 0 0 0 3 0 0 0 11 8 17 0 0 0 0 12 17 121 172 62 44 0 112 81 0 73 39 24 0 8 -999
P10610 2013 12 0 30 18 16 0 0 11 20 0 17 0 25 0 10 10 0 0 0 0 0 0 0 0 28 20 29 21 21 49 36 19
P10610 2014 1 28 7 0 12 0 20 10 0 11 0 11 0 8 14 17 0 0 0 0 2 0 0 8 19 30 0 54 62 108 58 36
P10610 2014 2 33 38 18 20 23 50 38 75 26 0 8 0 15 0 0 0 0 16 17 0 0 10 18 11 11 0 15 32 -999 -999 -999