precip	MIROC5	RCP60	REGRESION	decimas	1
P10790	40.698	-1.117	182	geo	2006	2100	-1
P10790 2006 1 0 7 9 0 0 10 0 0 10 8 8 20 40 37 11 17 0 16 24 0 6 0 0 14 4 0 0 0 18 18 0
P10790 2006 2 0 0 21 0 0 0 0 0 0 0 0 0 17 20 25 29 0 0 5 14 0 20 14 0 0 0 6 0 -999 -999 -999
P10790 2006 3 12 0 22 24 26 29 33 41 29 23 0 39 27 19 18 22 0 27 0 12 0 13 0 12 0 0 0 14 0 14 29
P10790 2006 4 16 0 0 0 0 0 0 0 0 6 0 0 0 0 0 0 13 0 0 17 6 0 0 0 16 23 0 41 39 32 -999
P10790 2006 5 24 20 16 16 13 22 19 0 0 0 0 0 0 23 0 11 16 16 12 0 8 0 8 0 0 0 0 0 0 0 0
P10790 2006 6 0 0 13 0 0 0 13 0 0 22 0 22 0 0 0 0 20 0 0 0 0 14 0 0 0 0 0 16 0 24 -999
P10790 2006 7 26 20 0 0 0 0 0 25 15 0 0 11 20 22 0 0 0 0 0 23 0 20 0 21 18 0 0 0 0 0 21
P10790 2006 8 0 0 0 11 0 0 0 0 0 0 0 17 0 20 17 0 0 0 0 0 0 0 0 16 0 0 0 0 13 16 17
P10790 2006 9 0 16 16 0 15 0 0 0 17 0 21 0 0 0 0 0 0 0 0 9 0 0 0 26 0 0 8 6 0 0 -999
P10790 2006 10 0 0 10 12 0 7 8 0 0 0 0 17 0 0 0 0 0 0 0 0 0 0 8 0 0 10 0 0 7 0 0
P10790 2006 11 0 0 0 9 0 0 14 14 0 0 0 5 4 0 0 5 0 6 0 6 12 20 0 39 21 0 0 0 4 0 -999
P10790 2006 12 0 0 0 7 0 0 0 18 21 18 20 26 26 0 16 17 18 0 0 0 0 16 25 28 12 0 10 8 7 0 0
P10790 2007 1 0 0 0 0 0 0 0 0 0 0 0 0 0 4 0 0 0 0 17 25 0 11 11 0 20 27 24 14 17 15 11
P10790 2007 2 0 0 10 0 15 0 0 36 60 40 0 0 19 0 10 0 0 18 0 21 27 22 0 29 25 0 0 18 -999 -999 -999
P10790 2007 3 17 0 17 17 23 21 0 14 0 0 0 30 46 28 20 16 0 6 8 14 10 0 0 0 11 0 10 0 0 0 11
P10790 2007 4 6 0 0 0 18 11 0 0 4 0 9 17 0 0 12 0 0 0 20 17 21 33 25 18 20 21 0 0 0 0 -999
P10790 2007 5 0 0 8 0 19 0 20 0 0 15 0 0 32 0 0 0 0 0 22 0 0 0 0 0 0 0 0 0 10 15 22
P10790 2007 6 28 0 21 22 22 28 35 0 0 0 0 0 0 28 0 23 19 0 0 0 0 15 26 18 15 0 20 0 0 0 -999
P10790 2007 7 0 0 0 32 0 0 19 0 16 0 26 25 22 0 0 0 28 28 31 0 0 21 0 0 0 18 20 24 0 0 16
P10790 2007 8 17 17 15 0 0 0 0 0 0 0 0 0 22 0 0 15 0 18 23 21 0 9 0 0 0 23 18 19 0 22 0
P10790 2007 9 6 0 11 0 0 0 0 0 12 0 0 0 15 0 0 19 0 0 7 8 0 0 14 0 0 0 0 9 0 0 -999
P10790 2007 10 0 0 8 10 0 0 0 0 15 0 0 23 23 0 7 0 0 17 0 0 0 23 0 0 8 0 10 0 0 0 0
P10790 2007 11 7 0 0 0 6 0 7 0 0 9 0 0 8 0 0 11 0 0 0 0 0 0 8 6 8 6 13 19 20 23 -999
P10790 2007 12 17 0 0 19 25 28 22 0 0 0 0 0 0 0 0 10 0 17 17 0 7 0 6 0 0 5 4 0 0 5 5
P10790 2008 1 0 10 22 19 15 5 0 0 0 0 0 0 0 0 0 0 12 0 7 0 0 13 12 0 0 14 0 0 0 0 15
P10790 2008 2 23 15 12 0 0 0 0 15 0 0 22 19 6 0 0 11 0 0 33 13 11 0 0 0 24 23 26 31 -999 -999 -999
P10790 2008 3 0 0 0 0 0 0 0 0 0 0 0 0 0 0 0 0 0 0 0 5 0 0 0 4 0 6 7 0 0 6 0
P10790 2008 4 7 0 0 20 29 19 6 0 0 0 9 12 19 20 25 24 20 0 18 0 0 0 8 0 0 0 6 0 20 27 -999
P10790 2008 5 0 0 0 10 0 32 0 13 11 0 26 0 0 20 16 22 0 11 0 28 29 0 19 0 0 19 0 0 0 0 0
P10790 2008 6 19 13 0 17 0 18 0 12 0 0 0 19 0 21 14 0 0 0 13 0 0 0 0 17 0 17 20 22 23 0 -999
P10790 2008 7 0 7 0 0 0 0 0 0 0 0 24 20 0 0 25 0 0 18 0 0 0 0 15 17 0 20 0 16 0 0 0
P10790 2008 8 24 0 0 17 0 0 0 0 0 0 0 0 16 0 0 0 0 0 0 0 15 0 16 0 0 0 20 0 0 0 11
P10790 2008 9 0 9 0 0 22 0 0 0 0 0 22 0 0 16 0 12 0 13 0 0 15 13 15 16 0 16 0 0 0 0 -999
P10790 2008 10 13 0 0 0 13 0 0 20 9 9 0 0 0 0 0 13 0 0 14 15 0 0 0 0 15 0 18 12 21 15 0
P10790 2008 11 15 0 0 0 0 9 0 0 15 13 14 0 0 0 0 0 0 0 0 0 0 0 0 0 0 0 0 0 0 5 -999
P10790 2008 12 0 0 0 0 0 9 0 0 0 10 20 12 0 11 13 0 0 6 0 0 0 0 0 4 4 5 0 7 0 0 0
P10790 2009 1 0 0 0 0 0 8 0 0 7 7 13 14 21 11 11 0 0 0 1 0 2 0 0 3 0 6 0 0 0 7 0
P10790 2009 2 0 11 0 12 18 11 0 6 0 0 7 6 9 7 0 0 0 0 2 0 0 0 7 0 0 0 7 14 -999 -999 -999
P10790 2009 3 30 41 30 0 10 9 0 13 0 32 0 15 13 14 28 17 10 0 0 7 6 0 0 11 13 0 19 30 19 22 15
P10790 2009 4 0 38 46 20 21 33 0 0 11 7 10 0 0 19 17 25 15 0 10 16 30 26 15 0 0 0 0 0 0 21 -999
P10790 2009 5 0 24 13 16 0 26 0 0 0 27 30 14 6 0 0 0 0 0 22 25 38 0 0 24 0 0 0 16 0 0 16
P10790 2009 6 18 17 16 0 25 23 0 0 0 0 0 10 0 16 22 0 0 0 0 0 0 17 0 0 0 0 0 0 0 0 -999
P10790 2009 7 22 0 0 0 0 25 0 0 0 0 0 24 24 18 0 0 0 0 0 18 19 0 0 23 20 0 0 0 0 0 0
P10790 2009 8 0 0 0 0 15 16 21 18 18 0 0 0 0 14 0 0 10 11 0 0 0 0 0 0 0 0 0 0 20 23 0
P10790 2009 9 0 0 0 0 0 0 0 0 0 0 0 19 0 12 0 0 20 0 0 19 0 0 0 0 0 9 0 11 0 0 -999
P10790 2009 10 13 0 0 0 0 10 0 0 0 0 17 0 13 12 0 0 0 24 25 19 0 9 0 0 0 8 0 6 7 0 0
P10790 2009 11 0 0 5 0 0 0 0 10 7 0 0 0 0 4 0 12 0 0 5 7 0 9 0 0 0 22 14 0 0 0 -999
P10790 2009 12 0 3 5 0 5 16 36 23 0 0 23 0 0 0 0 0 7 9 15 0 0 7 0 6 8 14 0 0 10 0 0
P10790 2010 1 0 0 14 0 19 18 0 0 0 0 11 0 9 0 8 13 0 0 0 0 0 0 0 0 0 0 8 0 0 0 13
P10790 2010 2 0 9 7 0 8 19 21 17 10 10 9 0 0 6 0 9 0 0 5 0 0 8 8 16 8 0 0 0 -999 -999 -999
P10790 2010 3 0 3 5 0 0 18 0 30 28 0 0 15 7 9 8 0 0 10 19 41 0 9 0 0 0 0 7 7 0 7 0
P10790 2010 4 9 0 14 16 18 0 0 27 23 21 0 30 30 0 30 36 26 0 0 15 23 24 0 0 25 23 0 0 24 29 -999
P10790 2010 5 19 0 19 27 25 19 15 14 14 16 0 31 21 19 0 24 0 13 0 0 0 14 17 0 0 34 0 0 0 17 0
P10790 2010 6 22 21 21 17 15 0 0 0 7 0 0 0 35 0 0 0 0 0 0 0 0 0 0 0 0 0 0 0 0 0 -999
P10790 2010 7 17 0 15 16 0 0 0 0 0 21 0 0 0 12 0 17 0 0 0 0 0 20 0 0 19 0 0 0 0 0 17
P10790 2010 8 0 25 20 20 18 15 17 0 0 25 0 21 18 16 0 0 0 21 0 0 9 0 15 21 24 0 0 0 0 0 0
P10790 2010 9 14 0 0 0 11 0 9 0 0 0 22 20 0 22 13 14 0 0 15 12 0 0 0 0 0 17 0 8 0 0 -999
P10790 2010 10 0 0 0 8 0 11 12 15 0 0 16 0 0 0 0 11 12 0 0 0 0 24 26 0 0 0 0 0 0 0 0
P10790 2010 11 0 0 0 0 4 0 0 0 0 0 0 0 0 0 0 0 0 0 0 0 4 0 4 0 0 0 0 0 0 0 -999
P10790 2010 12 12 0 9 0 15 11 0 0 9 8 0 0 11 26 0 0 3 0 0 0 0 0 5 5 0 0 0 0 3 0 0
P10790 2011 1 0 0 0 0 0 0 0 0 0 0 0 6 6 0 6 0 0 0 0 0 0 11 22 17 0 0 3 0 0 0 0
P10790 2011 2 0 0 0 0 7 8 5 0 0 0 0 0 0 5 0 0 0 0 0 7 0 0 13 0 0 8 0 0 -999 -999 -999
P10790 2011 3 27 18 0 17 21 16 10 6 5 0 14 0 18 0 22 37 59 22 14 0 17 21 17 23 20 11 0 0 0 9 0
P10790 2011 4 17 20 19 0 14 0 0 14 0 22 19 0 24 24 0 0 28 30 0 23 22 0 8 0 7 7 0 6 0 12 -999
P10790 2011 5 0 0 12 11 0 12 0 16 0 28 0 0 15 0 15 0 11 0 0 0 24 24 0 0 0 21 24 0 26 28 19
P10790 2011 6 0 0 0 0 0 10 0 13 0 24 27 0 0 0 24 0 0 0 0 0 15 21 0 24 0 20 0 0 0 0 -999
P10790 2011 7 10 0 0 0 20 0 0 0 7 0 0 16 21 22 0 0 0 0 0 0 27 0 0 0 0 0 11 11 20 0 18
P10790 2011 8 0 0 0 15 0 0 0 0 0 0 0 0 0 0 0 0 0 0 0 0 0 17 17 0 0 0 0 0 0 0 0
P10790 2011 9 0 0 0 15 16 0 10 13 24 29 16 13 0 0 0 0 0 7 0 0 0 0 0 0 0 0 0 8 10 15 -999
P10790 2011 10 16 0 17 0 0 0 0 0 13 12 0 0 14 0 0 0 8 0 0 0 12 0 0 15 14 8 0 0 21 29 38
P10790 2011 11 20 14 9 9 17 22 52 0 0 0 0 0 24 0 0 10 0 17 0 4 0 24 30 32 26 0 8 0 10 0 -999
P10790 2011 12 0 0 14 30 15 0 0 6 0 0 6 0 10 0 0 0 11 11 14 0 21 0 0 10 0 0 7 0 4 0 0
P10790 2012 1 0 25 7 0 0 0 0 0 0 0 5 0 0 0 0 0 9 12 12 12 13 0 0 0 0 7 0 6 4 8 8
P10790 2012 2 0 0 28 24 6 4 0 0 0 0 0 0 0 0 0 0 0 8 0 13 23 0 0 5 10 19 0 8 -999 -999 -999
P10790 2012 3 15 27 37 42 25 14 9 5 0 0 0 0 0 10 0 0 23 22 18 0 0 0 14 14 13 0 0 0 0 0 0
P10790 2012 4 0 0 12 0 0 0 16 0 0 12 0 0 25 36 23 20 23 0 24 19 0 0 14 0 25 27 31 24 15 18 -999
P10790 2012 5 19 0 32 21 12 13 28 32 0 0 16 21 24 22 0 0 0 0 13 0 0 15 0 0 24 23 16 15 0 9 10
P10790 2012 6 0 0 0 0 0 0 0 0 29 25 0 0 22 28 0 19 0 0 14 18 0 0 0 0 0 0 0 19 25 21 -999
P10790 2012 7 0 0 0 0 0 21 0 26 0 0 21 0 0 15 0 0 0 0 21 20 0 18 20 22 23 0 0 0 0 20 21
P10790 2012 8 0 0 0 0 19 19 0 0 0 0 0 0 0 14 0 0 0 0 14 13 0 14 0 0 0 17 15 15 0 0 0
P10790 2012 9 0 0 0 0 0 0 21 0 12 0 0 17 0 0 0 0 0 0 0 0 0 0 7 12 0 16 0 0 19 20 -999
P10790 2012 10 0 12 0 0 0 0 0 13 0 16 27 13 0 7 0 0 11 0 0 0 0 23 0 14 0 0 0 0 7 8 0
P10790 2012 11 0 17 25 0 7 0 3 0 0 7 0 0 0 0 0 0 0 0 17 0 0 0 5 0 0 0 0 0 16 19 -999
P10790 2012 12 0 0 0 13 0 25 0 13 0 0 0 0 11 25 0 0 0 22 0 0 0 7 5 0 0 0 0 0 0 0 26
P10790 2013 1 25 14 0 12 8 0 0 0 0 0 0 0 0 0 0 0 0 0 0 0 0 0 0 0 0 0 4 0 0 0 0
P10790 2013 2 0 0 0 4 0 0 3 0 0 6 0 0 0 26 21 0 9 14 18 16 0 0 0 19 19 0 0 0 -999 -999 -999
P10790 2013 3 0 0 6 0 0 0 0 33 28 21 28 24 24 17 0 0 17 0 0 13 0 26 27 0 0 0 0 0 0 35 37
P10790 2013 4 41 32 13 11 0 12 14 7 0 5 0 0 0 18 0 19 0 0 13 0 17 17 15 17 0 24 0 0 0 0 -999
P10790 2013 5 0 0 0 15 0 0 14 27 24 0 22 19 0 0 0 0 29 17 0 18 12 0 0 0 13 0 0 0 0 0 20
P10790 2013 6 23 0 0 0 17 19 22 0 0 26 0 21 24 24 0 16 15 0 0 0 0 0 0 0 19 31 45 24 21 0 -999
P10790 2013 7 0 0 0 0 0 0 27 0 0 0 0 0 0 0 0 0 18 0 0 0 20 0 0 0 0 0 0 0 0 0 21
P10790 2013 8 0 0 0 0 30 29 24 0 18 0 0 0 0 10 0 0 17 0 0 0 0 0 0 0 0 0 0 15 24 21 24
P10790 2013 9 0 17 0 12 0 0 0 0 13 0 0 0 0 0 0 0 0 0 0 0 25 0 0 0 12 0 7 0 0 0 -999
P10790 2013 10 0 0 0 0 0 0 0 0 0 0 0 17 0 16 14 15 19 25 0 0 7 0 0 11 0 0 12 0 0 7 0
P10790 2013 11 0 0 0 0 0 0 0 9 10 8 19 13 0 7 7 0 0 34 53 44 0 0 24 28 25 14 0 24 10 0 -999
P10790 2013 12 0 12 7 0 0 7 0 8 0 0 0 0 0 0 5 6 0 0 0 0 0 0 7 10 0 0 0 13 15 0 13
P10790 2014 1 11 6 0 0 7 8 0 7 0 0 0 4 0 0 0 0 0 0 0 0 0 5 0 0 10 13 18 25 58 41 26
P10790 2014 2 0 15 0 0 0 0 12 21 0 13 0 5 6 0 0 0 0 0 13 8 0 0 0 8 0 0 9 0 -999 -999 -999